0 Car -1 -1 0 290.6607345995076 175.98684325236093 332.4639269989704 197.6211066918788 1.4872386 1.5971402 3.5791547 -21.395834 1.7205695 51.932312 1.548258 32.30081323832265 
0 Car -1 -1 0 314.8087019291001 175.55817637788118 352.2979706068602 195.32041154521016 1.4841965 1.565872 3.5327783 -21.545612 1.702374 56.444443 1.5760809 7.232733940237366 
1 Car -1 -1 0 284.00283356920755 174.0054672397783 327.47133067780914 197.06389212676365 1.5564492 1.672402 3.6858945 -21.32444 1.6404911 50.7776 1.5168748 20.68263128490431 
1 Car -1 -1 0 310.1813266415957 173.69200541921904 348.8305735627892 195.08783584276478 1.581173 1.5937726 3.6304102 -21.41151 1.6475093 55.291233 1.5572158 0.2560979723930359 
2 Car -1 -1 0 278.70458624627076 174.41823171801676 322.9825655004464 198.1529683744996 1.5633377 1.647723 3.6574783 -21.182852 1.6750159 49.643238 1.5161073 35.622657976564604 
2 Car -1 -1 0 303.2512839245106 174.630210231182 342.7129182918431 195.33548881033997 1.4862251 1.5816085 3.6110938 -21.368744 1.6234641 53.927227 1.5487428 1.3423924125416553 
3 Car -1 -1 0 273.20862262780935 177.35999838631548 316.87825798398336 200.84724791359793 1.492459 1.6269199 3.6716418 -21.076294 1.8071314 48.48378 1.4765868 12.728715539548281 
3 Car -1 -1 0 294.1992543376002 177.3484783585157 338.2281255630425 197.73866514419583 1.4127247 1.6248363 3.7947454 -21.385935 1.7531685 52.744026 1.5871644 6.280687967042014 
4 Car -1 -1 0 262.6157155640227 177.07586379911476 311.74211626070775 201.67512772116507 1.523465 1.6955019 3.9144607 -21.10301 1.8124812 47.384937 1.5040482 14.467550847267965 
4 Car -1 -1 0 291.5229259810683 177.6776827585078 334.10250647086895 198.62934936760635 1.4281863 1.6218129 3.4957986 -21.227268 1.7857764 51.739513 1.568585 0.3847706913948059 
5 Car -1 -1 0 254.56078282981463 176.70332387266083 305.22914115498486 201.1020535640482 1.4728706 1.6699431 3.9132183 -21.036654 1.7300352 46.19725 1.5052508 24.202677736440943 
5 Car -1 -1 0 282.8789209981706 177.17221184411264 329.42054545989504 198.67931446874826 1.4281732 1.6388507 3.7317214 -21.19603 1.741941 50.548225 1.5882044 8.818033433656474 
6 Car -1 -1 0 818.6818041088549 192.5019488647445 1242.0 375.0 1.4202858 1.5856271 4.143876 3.2930832 1.6532117 6.47163 1.5576499 104.98161304364922 
6 Car -1 -1 0 244.547037808733 177.85588205181733 295.8461408163594 203.91665882756888 1.5264528 1.6383882 3.6433454 -21.024488 1.8502328 44.842213 1.5155215 37.97458264801616 
6 Car -1 -1 0 276.80292245509054 177.9975614078197 323.1966747891152 200.9678160833325 1.4848034 1.5758717 3.7133641 -21.104103 1.8496957 49.329636 1.5717225 8.379021576187618 
7 Car -1 -1 0 808.0183076081742 191.7046487937597 1242.0 375.0 1.4301784 1.6013978 4.2543745 3.3242245 1.6641115 6.7993083 1.5344973 104.8857153476708 
7 Car -1 -1 0 235.15657293643827 178.41870738598672 288.22989663744386 204.96930472038392 1.5103744 1.6267656 3.6195962 -20.987597 1.8614742 43.673336 1.5163118 35.98623173301744 
7 Car -1 -1 0 268.2950417119644 178.86818564966046 315.64378468247 202.68838127964491 1.496896 1.5825793 3.6327477 -21.105774 1.9129052 48.086468 1.5619735 35.62026970401023 
8 Car -1 -1 0 802.7960089916921 190.94013940991223 1213.0702507266587 375.0 1.4332434 1.6091077 4.2387357 3.3282924 1.6650693 7.1075687 1.5428569 94.33664248202253 
8 Car -1 -1 0 226.1802447988329 178.50372793369485 280.26568597315173 205.22259195819368 1.4818141 1.5829762 3.44454 -20.926134 1.8283381 42.505653 1.5348123 27.04709544709764 
8 Car -1 -1 0 258.76308253928966 178.62239795265918 307.66536332693045 202.88676105507778 1.4842774 1.5660812 3.5794258 -21.099022 1.8726315 46.78359 1.5658425 27.595945436168137 
9 Car -1 -1 0 792.226635894542 189.5930338769481 1166.7681962000297 375.0 1.4285953 1.5985711 4.201002 3.2583728 1.6496544 7.406906 1.5430461 96.20404104583542 
9 Car -1 -1 0 214.13973139485694 177.14771070024332 271.1126450407265 205.18871101398588 1.5114682 1.6122863 3.5298398 -20.906599 1.7676878 41.250935 1.517163 32.51029540043071 
9 Car -1 -1 0 251.80839854476451 176.62605228211856 294.8285915526448 201.39050438031265 1.4745193 1.5593997 3.63781 -21.133398 1.7223079 45.47322 1.3996367 3.802400763138547 
9 Car -1 -1 0 670.6137148709682 178.53953933895758 692.6885790614526 198.06409813412017 1.4834201 1.6119039 3.9959393 5.769079 1.9569623 58.05315 1.631174 1.2924943117477743 
10 Car -1 -1 0 790.4811941808379 187.4962463111829 1140.643666984849 375.0 1.4343587 1.6035074 4.1370864 3.28168 1.6321204 7.6596346 1.5488651 90.61048704622605 
10 Car -1 -1 0 202.06558984421682 174.79970794715277 264.46065511702994 204.7407562607709 1.5742664 1.6658282 3.9916608 -20.908407 1.6883833 40.26183 1.4895194 28.626947544689703 
11 Car -1 -1 0 779.4161211267243 188.51753239406096 1109.5306883681806 372.8683364682743 1.4194742 1.6173366 4.2161937 3.2609825 1.6405542 8.051097 1.5387669 83.1634642397654 
11 Car -1 -1 0 231.51888676177788 173.54769816632287 285.6059582083679 201.18728173743602 1.5871174 1.5631852 3.5025122 -20.986984 1.6304152 43.277973 1.5625031 22.83040430465834 
11 Car -1 -1 0 190.11099769747 175.12990489942698 250.887830168945 204.53352455892255 1.4964973 1.5808634 3.7342148 -20.92633 1.6255013 38.960655 1.4686346 5.060220379160034 
12 Car -1 -1 0 773.125382628643 187.74734475721996 1084.9424241940728 364.74542714336525 1.4285473 1.6079862 4.2360034 3.2356944 1.6446893 8.327845 1.5375036 81.970891196733 
12 Car -1 -1 0 221.7836682469266 176.77782397266841 279.193293405126 202.68087698300002 1.4285132 1.5478944 3.5234969 -20.883818 1.6671395 42.10486 1.5886961 40.754174982466516 
12 Car -1 -1 0 180.45853190103335 176.12909336133254 246.64839110815706 205.49194670962268 1.4547056 1.589074 3.4831994 -20.713009 1.6346116 37.88607 1.5611606 8.468632437955838 
13 Car -1 -1 0 169.21563153498235 177.53499747433398 237.51117794055077 209.12057732384366 1.5029311 1.6144509 3.6040103 -20.588444 1.753181 36.72712 1.5111854 50.43919466542 
13 Car -1 -1 0 772.6843454978041 187.21975972673314 1061.070657882153 354.8539981003944 1.4309622 1.6057026 4.150673 3.2548468 1.6439726 8.608114 1.551297 91.94455975030081 
13 Car -1 -1 0 211.23236860766212 177.4187966473495 272.8121705675634 203.99847231674724 1.4190373 1.5964239 3.52218 -20.77376 1.6892915 40.927254 1.6095428 22.7615984630219 
14 Car -1 -1 0 768.6135923127393 187.02941719649831 1043.5024129605806 344.90665742083314 1.4091237 1.6061364 4.121396 3.2665975 1.6247494 8.894604 1.5447853 98.82290123157243 
14 Car -1 -1 0 156.40723569164624 180.62683626657432 229.7366825172321 212.6492908582051 1.4561174 1.6234292 3.6458635 -20.434305 1.8592159 35.564384 1.5300229 41.469822236222015 
14 Car -1 -1 0 204.44577689404602 178.47684162213437 264.7333800803847 207.17308321019945 1.4891787 1.5353153 3.3926346 -20.621445 1.8127481 39.816612 1.5818369 45.217123459269466 
15 Car -1 -1 0 762.308500513168 186.91296606088252 1024.2557235142133 337.65008062669443 1.4066309 1.6085833 4.1917896 3.259617 1.628056 9.246134 1.5423717 95.88304559332401 
15 Car -1 -1 0 141.50214363985611 181.169928644914 220.8364991808459 215.74956315277524 1.519367 1.6467664 3.7714033 -20.39749 1.9393814 34.532413 1.5396044 51.163791184819196 
15 Car -1 -1 0 194.27418186905956 181.49514727242334 259.5883230896343 210.19094295694822 1.4266084 1.5696793 3.4789062 -20.44477 1.911217 38.69964 1.6050348 26.820282402974126 
16 Car -1 -1 0 762.3741636954173 186.1708458937437 1005.8689221432483 330.37716395997285 1.420423 1.6121836 4.1331253 3.2935152 1.6353178 9.567053 1.5583315 99.38745818140347 
16 Car -1 -1 0 127.52521445417926 182.25769701236837 208.97364764166156 216.69741532954956 1.4530146 1.6119153 3.6743593 -20.276829 1.911628 33.324493 1.5354156 44.058890313372 
16 Car -1 -1 0 181.64282013981173 181.77437202005754 250.24166918732104 211.52691124418814 1.4292045 1.5627142 3.499462 -20.376783 1.9148157 37.50249 1.6070739 32.29730192986826 
17 Car -1 -1 0 754.3049091863948 185.13532812147056 989.1810876930635 322.31635089941346 1.4116073 1.6219919 4.1355133 3.259883 1.6154542 9.887433 1.5440061 89.14146960577925 
17 Car -1 -1 0 111.20309199989362 182.1913590737885 197.2888319863971 217.51622927991454 1.4391438 1.6211084 3.612306 -20.200573 1.8792484 32.18443 1.5477496 41.12491262346375 
17 Car -1 -1 0 169.71217605259167 181.20199412629455 242.0056097875536 211.10523827459343 1.3956449 1.5847194 3.5270557 -20.316933 1.8382976 36.467808 1.6079936 22.565792227411695 
18 Car -1 -1 0 92.65372942439218 181.49229132213833 183.44940092408726 218.5973953293623 1.4587262 1.6168059 3.6136067 -20.172535 1.852294 31.045607 1.543397 43.704835557051524 
18 Car -1 -1 0 751.0822762660631 183.5959901320027 973.6212165116858 315.7550152806855 1.4274827 1.6057935 4.1257477 3.2651725 1.6106322 10.217275 1.542386 88.95463113739201 
18 Car -1 -1 0 156.80324409254763 181.5774456320453 230.697420541139 212.74724974618448 1.4062816 1.5703725 3.4494178 -20.237576 1.8537397 35.269222 1.5922585 33.346615851789046 
19 Car -1 -1 0 746.7724967748425 184.33481331409982 958.9831400710038 311.89468240938527 1.4306871 1.6104629 4.1245112 3.258839 1.6317652 10.55255 1.5418895 92.65323492530344 
19 Car -1 -1 0 75.15545858289482 182.25837661172417 168.1664806089886 220.60409143872425 1.4465187 1.5863197 3.476871 -20.071049 1.8586044 29.850777 1.5346763 54.455406922394 
19 Car -1 -1 0 141.70923816563902 181.56698699538524 220.34624174877726 214.07919796010805 1.4168139 1.5669671 3.4989305 -20.198088 1.850807 34.166607 1.6021113 44.158729364921726 
19 Car -1 -1 0 327.1844041004005 173.84148757669217 356.93603477066534 191.26551424478214 1.5798982 1.6371474 3.7381353 -25.009533 1.6750014 67.56636 1.4976254 1.5754051142513688 
20 Car -1 -1 0 52.901484528664724 182.4185887286172 154.99105399270036 223.52391910799471 1.4837575 1.6078111 3.7192197 -20.065186 1.891021 28.825705 1.5205556 66.23111045854058 
20 Car -1 -1 0 743.2390210347739 183.1041656910993 942.6708114924783 305.8251408075446 1.4378668 1.6033051 4.186327 3.2420645 1.6227891 10.91145 1.5547552 103.09447783334416 
20 Car -1 -1 0 124.09360218774074 181.7859064816058 208.57228880007312 216.16788432742757 1.440511 1.5927454 3.6830962 -20.184797 1.8722854 33.03441 1.5754399 51.42815899693212 
21 Car -1 -1 0 738.6897969001975 183.49777252999417 931.9182679681603 301.27384330624267 1.4299269 1.5990862 4.1701736 3.243704 1.6269709 11.249413 1.5407858 100.92147860395728 
21 Car -1 -1 0 28.739003715719818 182.96285642193936 138.41857334731813 225.38554756604321 1.4665354 1.6342677 3.6798496 -20.055367 1.8809379 27.70701 1.5300007 50.99122598587938 
21 Car -1 -1 0 109.42020307553142 182.2707969118759 194.493509865028 218.30364875166975 1.4546962 1.5683777 3.5128193 -20.07867 1.8931289 31.824116 1.553553 56.649596671469 
22 Car -1 -1 0 735.9232600485 183.97471329243302 918.7173925222694 298.15738631233467 1.4358673 1.5992739 4.165584 3.2337606 1.6467264 11.581709 1.5495346 100.92894484579067 
22 Car -1 -1 0 5.12064984384556 185.91698703668447 120.35756888071795 230.5244803680188 1.4607716 1.6063285 3.6094506 -19.967138 1.9745183 26.540459 1.5292956 64.0021540881432 
22 Car -1 -1 0 94.17469428788364 183.93571975274477 182.07029753121824 221.30020360840697 1.4501139 1.5514945 3.4258056 -19.988415 1.9489541 30.753365 1.5529872 48.96381235956471 
23 Car -1 -1 0 731.4132833864495 184.02947356631586 908.3925051851529 293.05537950239426 1.4206586 1.6027534 4.150149 3.2269895 1.6379704 11.931463 1.5394773 99.79101321174967 
23 Car -1 -1 0 0.0 186.6298384094793 101.46083380962347 233.66768650581324 1.4671705 1.5847582 3.6356945 -19.934553 1.9879439 25.431496 1.5349395 61.67373584258855 
23 Car -1 -1 0 68.55537702347318 185.90279759939608 169.33859869676303 224.3572273673437 1.4159126 1.5975924 3.6139235 -20.033577 1.9852111 29.645754 1.6058012 42.756386802678044 
24 Car -1 -1 0 727.2438558241618 183.8730380911259 897.5873715494546 289.0004871575431 1.41909 1.607923 4.1833873 3.214476 1.6392615 12.300325 1.5382758 105.25575858248853 
24 Car -1 -1 0 0.0 186.3581331147021 80.36927120929543 233.62984883626163 1.4078215 1.5885706 3.577293 -19.920942 1.8968114 24.323162 1.5510216 29.67586481643526 
24 Car -1 -1 0 49.90486655161379 182.6857374460613 149.31555872835781 223.42265506008386 1.4631305 1.5423942 3.4238815 -20.003984 1.8745934 28.472153 1.5541277 33.29346506862742 
25 Car -1 -1 0 722.127333241574 182.55304218782322 885.296419588493 283.7626420465759 1.4284593 1.6166999 4.136833 3.1825962 1.6271462 12.683289 1.5328802 103.15287391085624 
25 Car -1 -1 0 33.88028976901047 181.46646504222113 138.94717974122673 223.37553525409766 1.4643776 1.5375992 3.3677013 -19.894896 1.8141692 27.607265 1.5891668 6.332876870484624 
26 Car -1 -1 0 717.2433554747024 182.66743814848545 875.103880890154 281.0711708683308 1.4359821 1.615913 4.125578 3.152967 1.641962 13.046279 1.5237546 92.96373245472053 
26 Car -1 -1 0 0.0 180.96800579478372 116.2240641278651 225.11252150760436 1.4522089 1.5920608 3.5649557 -19.958519 1.7671006 26.200127 1.5955327 58.799881266994696 
27 Car -1 -1 0 714.1477198551602 183.85477445511424 863.5104806652432 278.81089163485603 1.4284601 1.6173652 4.127675 3.12689 1.6651517 13.431887 1.5333658 90.92688635452335 
27 Car -1 -1 0 0.0 181.29619020485794 95.75419436606771 228.11576626150594 1.4744246 1.5697635 3.5059726 -19.932436 1.7889242 25.118591 1.5812522 65.01531865515115 
28 Car -1 -1 0 709.0633230846491 183.73513316202653 854.1237938961494 276.1654061082619 1.4384857 1.6268147 4.1376863 3.0929017 1.6787391 13.827955 1.5256227 99.52700023530072 
29 Car -1 -1 0 704.8640328882317 184.37889438886856 845.2546506816714 273.90604392211765 1.4301157 1.6276444 4.103447 3.051237 1.6895839 14.154284 1.5202557 90.07629325239888 
30 Car -1 -1 0 699.0854387076441 183.7633262315935 833.2175055043654 269.6372957580099 1.4198091 1.6050045 4.2049017 2.9807296 1.6731725 14.615579 1.5181577 90.26908871796485 
31 Car -1 -1 0 692.9597198381 182.32866921936886 821.4556490463717 266.0025042413046 1.4377718 1.6294744 4.1942782 2.8898196 1.6629827 15.01622 1.5217127 90.3562734962031 
32 Car -1 -1 0 687.0791554348344 182.21175788323742 809.2422023142848 262.6310635833939 1.4273278 1.609324 4.1659756 2.7901921 1.6548846 15.423132 1.5175886 81.00307040588375 
32 Car -1 -1 0 794.0015755976111 174.213646127026 833.4026979935102 191.6521112300593 1.4352753 1.6160746 4.058914 17.452517 1.5558879 61.863712 1.3863227 0.2547057867050171 
33 Car -1 -1 0 681.6024603264243 181.91353141606183 801.554334383614 260.11144270140494 1.4273312 1.6313763 4.0873203 2.7159824 1.6513089 15.746641 1.506488 91.91240043537864 
34 Car -1 -1 0 674.3729800644996 181.7600775451124 786.8206442257007 256.59148091499947 1.412378 1.6239762 4.0662394 2.5613441 1.637847 16.189728 1.5125352 94.12660475525522 
35 Car -1 -1 0 667.7385330051736 181.53660121265423 777.8189448930372 254.96332491080761 1.4215214 1.6019273 4.2341065 2.4557362 1.6479617 16.649529 1.5005918 78.25002466200907 
36 Car -1 -1 0 663.3802087614732 180.79277072623978 768.5955972383343 252.10436639213646 1.4253954 1.6293883 4.119732 2.361272 1.6356144 16.998936 1.5072758 94.71616484238348 
37 Car -1 -1 0 655.4468117956111 180.5892750288421 755.7964220437495 249.43183086204644 1.4164468 1.6137218 4.1480246 2.1826715 1.6262528 17.446741 1.5032643 93.62490556901847 
37 Car -1 -1 0 819.520979035118 170.47818296798448 1242.0 375.0 1.6237469 1.6159406 3.6535575 3.2313035 1.6093425 6.2387733 1.521816 94.81285522459292 
38 Car -1 -1 0 647.4620023399012 181.43844865436563 745.2993684485854 247.6435841703879 1.3945435 1.6086178 4.0965586 2.0144804 1.6320407 17.853643 1.4869928 82.16160751805963 
38 Car -1 -1 0 802.4191369378727 169.87148307587907 1226.8323843443018 375.0 1.6197438 1.6338431 3.6789904 3.1564329 1.6004248 6.558819 1.5108802 89.7626904137451 
39 Car -1 -1 0 640.2343484215195 180.32409257372066 735.1024732924748 245.354406925927 1.4135801 1.6083835 4.12018 1.8507 1.6250104 18.297258 1.4794682 83.34222820425502 
39 Car -1 -1 0 785.993513792026 172.18393668645325 1173.2745270335975 375.0 1.6217613 1.6483972 3.6994338 3.0638947 1.6171013 6.9138837 1.5106432 82.38298778263132 
40 Car -1 -1 0 770.59695812895 172.5225534482017 1121.5782091218591 375.0 1.6231096 1.6611716 3.7707644 2.9409425 1.6206503 7.270674 1.530878 81.67289342714106 
40 Car -1 -1 0 633.7427797831698 181.23800611372576 724.2826216247865 244.61714228361112 1.4086214 1.6161526 4.1478457 1.6783117 1.6511565 18.73716 1.484719 76.30847173594323 
41 Car -1 -1 0 626.9733016648389 181.50168696776456 714.2717390865678 244.38019689718902 1.4279447 1.6084604 4.14447 1.496762 1.6825776 19.109623 1.4806591 72.73366366869043 
41 Car -1 -1 0 752.0791423371222 172.71930034655776 1079.0475605596905 375.0 1.6326785 1.6765153 3.663313 2.7948093 1.6316228 7.537303 1.5056145 89.30425750263508 
42 Car -1 -1 0 619.7708805023497 182.20928594541948 704.8566178181463 243.00110688458565 1.4077204 1.60341 4.114563 1.3091505 1.6880224 19.490871 1.4695754 77.56605824968818 
42 Car -1 -1 0 737.5342442886013 174.94345009552356 1043.9263341120322 373.81455484605624 1.6309276 1.6701767 3.730072 2.6892276 1.6593144 7.8801775 1.4956013 84.51801384879826 
43 Car -1 -1 0 614.0209050468593 182.80915597679672 696.2721535196067 241.7062393751395 1.3876756 1.5984432 4.153413 1.1425447 1.6915057 19.873697 1.4683609 83.6966850520778 
43 Car -1 -1 0 720.062897252473 174.84603233936866 1008.025574219056 364.15745293856975 1.629396 1.6724333 3.7629726 2.5333014 1.6574163 8.200299 1.4807878 90.89830330651544 
44 Car -1 -1 0 607.3077078940862 182.38897101490116 686.632056458432 240.4808261583782 1.4036646 1.6058593 4.179965 0.94301987 1.700551 20.305046 1.4682708 76.65136644887926 
44 Car -1 -1 0 706.8516116619113 172.62276484708576 970.6573862570581 352.3707671353163 1.6503532 1.6756229 3.7768335 2.3930383 1.6482301 8.5764475 1.4873731 91.11869568467795 
44 Car -1 -1 0 311.2791896366876 180.464935800686 334.21085911637846 196.7977037977113 1.4762071 1.617723 3.9961567 -27.53333 2.23032 69.35109 1.3028572 0.33491161465644836 
45 Car -1 -1 0 600.5202773160319 181.80999971624007 678.9153217545037 238.15604055055636 1.391015 1.605749 4.160494 0.7563293 1.6742458 20.658781 1.4539876 72.23734837457349 
45 Car -1 -1 0 691.8493256633933 173.72434359061737 934.9111922388021 343.1260690484846 1.6308162 1.6700451 3.7369614 2.212665 1.643884 8.899794 1.484138 93.36391080230888 
46 Car -1 -1 0 594.1293003675498 182.60937154444952 670.0190007775167 237.74043365605797 1.3864697 1.5937085 4.116695 0.5544697 1.6999514 21.044785 1.4464071 89.81902901971984 
46 Car -1 -1 0 679.2681831678136 174.59313428507326 909.002407960687 336.3503219152895 1.6208339 1.6450589 3.7457075 2.0757384 1.6477537 9.220221 1.4663582 85.48900653209357 
46 Car -1 -1 0 819.1519672761311 141.35870473114588 879.06767188414 160.52528755859726 1.4468685 1.6399608 4.23131 18.953804 -0.9964339 57.1454 -0.17245215 2.6384290444307723 
47 Car -1 -1 0 589.5861476734418 182.90638406707643 663.2319452440463 237.94858298614088 1.4115136 1.6098897 4.148689 0.40069017 1.7403488 21.446941 1.450178 79.96442244195656 
47 Car -1 -1 0 671.5322379004288 175.63176141757106 885.9565655227264 331.15280643828646 1.6234369 1.6592355 3.6083755 1.9679545 1.667155 9.477516 1.4700181 92.99203597344642 
48 Car -1 -1 0 583.6076658292429 183.56469690659054 655.802969459542 237.52553888829618 1.4079902 1.5950466 4.1119967 0.21023381 1.7637484 21.822058 1.4370449 82.47988910038018 
48 Car -1 -1 0 660.3170087539696 176.21327359921867 863.3061782482627 325.3201730677071 1.6314644 1.6828439 3.7151222 1.8437366 1.6866161 9.913927 1.4710621 104.70283719830381 
48 Car -1 -1 0 832.3688487298236 144.00288522519855 897.2586772256965 164.79227144350307 1.5213566 1.6901522 4.4002256 19.425594 -0.6277797 54.967514 -0.17724523 2.4745748870153146 
48 Car -1 -1 0 248.47430371882487 182.85953957113668 289.1939954313614 203.24081984730682 1.4713086 1.6002997 4.057231 -26.5005 2.2803311 56.2442 1.4721943 0.38774076104164124 
49 Car -1 -1 0 580.4782714944025 182.12284982619053 650.1575398082089 235.11278275547204 1.4144682 1.6041558 4.1704054 0.08200526 1.7273526 22.187752 1.4458803 77.96337389047518 
49 Car -1 -1 0 652.0027971976905 175.24363156156386 840.6399337815883 317.7986286440283 1.6311541 1.6839768 3.735862 1.7101495 1.6715237 10.255159 1.4834287 96.25940544223748 
49 Car -1 -1 0 241.71574526934552 182.93086230272968 283.0650511478293 203.69343685121657 1.466668 1.5933734 4.1515484 -26.506145 2.2679274 55.217354 1.4519819 0.27891549468040466 
49 Car -1 -1 0 842.9990448092932 142.43455794155415 910.5034015547669 163.55706200463547 1.5199342 1.7110219 4.476303 20.017805 -0.7124611 54.122917 -0.14567852 0.26155412197113037 
50 Car -1 -1 0 575.5437639660469 180.1903761062091 644.8308336679595 231.39772562598134 1.4026928 1.5979452 4.218234 -0.07532002 1.6547866 22.594236 1.4319907 55.42011274786823 
50 Car -1 -1 0 641.6207470456679 175.44598766008485 821.1605846558285 309.6304627734926 1.5960617 1.6699194 3.8028965 1.5700681 1.6413491 10.632695 1.4727093 89.74396808942618 
50 Car -1 -1 0 275.4580358540949 180.03655900098005 305.93232708266635 198.10657329558455 1.472117 1.6199754 3.9743166 -27.606516 2.1159778 62.569904 1.3658834 1.2439966089307715 
51 Car -1 -1 0 569.565476727571 177.95679732835666 638.327721565423 227.8383266888379 1.4068779 1.585103 4.197884 -0.27177036 1.5850534 22.997078 1.413805 73.20954298008135 
51 Car -1 -1 0 633.1350679456078 173.06364026267758 799.9729480852184 302.2197800080365 1.6133806 1.6466852 3.6835413 1.4192412 1.6171141 10.934835 1.4698288 90.99891129568407 
51 Car -1 -1 0 227.1675124888613 177.52138303193607 273.4679425476577 198.77486645709342 1.4697793 1.611418 4.178451 -26.313948 1.8264527 52.990097 1.4881059 0.9946548355447482 
51 Car -1 -1 0 269.7319430615869 177.59062992012971 310.5481553470957 196.04204311302067 1.5027087 1.62371 3.7294612 -27.249195 1.9201401 61.668312 1.6448464 0.3599172532558441 
51 Car -1 -1 0 861.7979292156289 143.63662996799462 1034.4107183917454 215.36255942450867 1.9887266 1.7323045 4.290695 9.820361 1.1786239 21.092274 -0.10507393 0.2752894461154938 
52 Car -1 -1 0 567.8576932142719 178.24599423652475 633.2498312552493 226.9373775715853 1.395258 1.5924493 4.071781 -0.37667328 1.5851035 23.275843 1.4276776 64.57465785756028 
52 Car -1 -1 0 627.317404913267 170.47219710160908 784.9766191806658 293.52579049249107 1.6027973 1.661255 3.7099357 1.3223795 1.5717738 11.32258 1.4773061 91.7252262747076 
53 Car -1 -1 0 566.1428334423367 177.8165202753933 627.5684572972557 226.1128582033869 1.4109325 1.5971988 4.0420337 -0.4970125 1.5878112 23.6145 1.4487132 68.483536535386 
53 Car -1 -1 0 619.2288886118711 171.42925637946922 768.9752802372047 289.74204502742316 1.5985367 1.6586167 3.7733703 1.1847382 1.5792868 11.705335 1.4762325 99.60659026549745 
54 Car -1 -1 0 562.0234106679155 178.26806462730522 623.0053112834679 226.42009183267936 1.4283354 1.5937898 4.176482 -0.6516049 1.6252365 24.066616 1.4394858 62.658205846572315 
54 Car -1 -1 0 612.5826946238784 172.2872662462449 756.4307705207291 287.94421023030253 1.61443 1.6613868 3.7554615 1.0707825 1.606519 12.02268 1.4714023 105.83384229309495 
54 Car -1 -1 0 201.2050577230254 180.9748442011664 249.34615203821062 203.55338393547478 1.4386779 1.5874517 4.082703 -26.362741 2.0212233 49.63236 1.4410721 0.31333890557289124 
54 Car -1 -1 0 254.58852407112565 180.3237892662392 287.2421915764422 199.9674610141187 1.4853739 1.6352042 4.018617 -27.332024 2.1115565 58.33895 1.3289491 0.889720744594936 
55 Car -1 -1 0 605.9608370418144 172.72547987743076 743.1644880776013 284.59279785632754 1.6190674 1.6735995 3.839663 0.9461491 1.6172073 12.434207 1.4746195 97.45821988801244 
55 Car -1 -1 0 557.8684941280229 180.73887053310182 617.3688618043727 227.92755724499435 1.4110855 1.5865742 4.0049915 -0.81826407 1.7002475 24.368258 1.4325211 51.51357159193002 
55 Car -1 -1 0 245.11967809964617 180.93707338605873 277.9087398336805 201.136945675839 1.4986298 1.6193305 3.7542174 -27.528276 2.1616263 57.164364 1.3233991 2.5051088144859737 
56 Car -1 -1 0 598.5912431761747 173.74975185616606 732.3944100039356 282.36393432388496 1.6248212 1.6847363 3.8757734 0.8256911 1.6432736 12.845428 1.4614377 100.21021285437355 
56 Car -1 -1 0 553.5740762008276 181.74260129738406 612.5755804100108 228.35006268651227 1.4092466 1.5820792 4.097183 -0.98754144 1.7408606 24.776482 1.4235024 42.477964312614226 
56 Car -1 -1 0 240.33738356219237 183.46803089990297 269.17091404205524 204.57564223606875 1.5141261 1.62642 4.0710015 -27.569092 2.372405 56.15401 1.2109497 0.28469544649124146 
57 Car -1 -1 0 551.6480998130696 182.13703551785315 610.6376907899091 228.1621499349287 1.412564 1.5832937 4.0598435 -1.0666645 1.76331 25.133003 1.4126707 47.05648785359379 
57 Car -1 -1 0 595.2848867787967 174.28111064434077 720.5359769648194 278.81755523100986 1.6176343 1.6834378 3.8545265 0.72644293 1.6477361 13.219616 1.4738537 87.34897797324925 
57 Car -1 -1 0 177.93697676746515 184.2853940827238 228.16134639951096 209.53130079516265 1.4873521 1.5926229 3.929486 -26.101511 2.256198 46.45702 1.3994614 5.547505170726662 
57 Car -1 -1 0 232.90485054677455 183.50068048510138 276.78186268141957 204.2653703906497 1.4568013 1.6325836 4.335054 -27.052067 2.3039162 55.166145 1.4611702 1.8757468691141927 
58 Car -1 -1 0 590.8980866000998 174.45255085803956 712.141155631319 275.59226763777235 1.6174116 1.6672451 3.7089963 0.6401527 1.6516892 13.53591 1.458899 93.9663439789088 
58 Car -1 -1 0 550.6833442770454 181.9873550237433 605.0952185050569 226.2993348212973 1.3854904 1.5732622 3.996101 -1.1901838 1.7347107 25.503973 1.4381375 38.73034613376155 
58 Car -1 -1 0 226.76086135621753 183.06189236932093 276.08651249172914 204.3678286352342 1.4746251 1.6378255 4.249472 -26.790092 2.2705147 54.121212 1.5571547 9.89784424676193 
58 Car -1 -1 0 169.75926980820446 184.28921228826164 228.32715533292895 209.7026220414962 1.4630935 1.5893258 4.053268 -25.790033 2.2166772 45.477303 1.5083878 7.690195315107334 
59 Car -1 -1 0 550.9690427107859 181.39724155861586 602.7846345295396 225.43582955529533 1.4015439 1.5696925 4.0952706 -1.2434771 1.7335253 25.912987 1.4538474 48.76682313887548 
59 Car -1 -1 0 587.9546495596678 173.98037843212106 703.7268307106646 272.7449112428997 1.6279536 1.677638 3.692821 0.55647993 1.6525915 13.859845 1.4679804 88.4948820995332 
59 Car -1 -1 0 161.96026945811545 183.43499130782507 223.8250990802187 209.32943972600617 1.4648064 1.5850167 4.028519 -25.620409 2.147509 44.51784 1.5410275 8.645861568331057 
59 Car -1 -1 0 223.02491704372116 181.42886575509613 268.3355473018965 203.67036026419981 1.5173466 1.6566578 4.326469 -26.766745 2.1765628 53.216248 1.4378293 12.216421311713757 
60 Car -1 -1 0 584.972349233368 175.1845412078873 696.6328931151344 270.58235589254804 1.6135482 1.6540663 3.8760762 0.47764194 1.6663008 14.317371 1.4643872 88.02413074054125 
60 Car -1 -1 0 552.0492960049405 182.07377490802324 600.5206993871169 225.1250465621319 1.3898838 1.5683501 3.8679821 -1.2681224 1.7495818 26.150372 1.4759932 48.71194524802444 
60 Car -1 -1 0 218.56587464063716 180.20577054328038 265.3397774770624 203.7323857257128 1.5870413 1.702065 4.1242847 -26.507912 2.1404722 52.16648 1.4496273 16.788713111460673 
60 Car -1 -1 0 155.72368090403305 183.0092986872938 216.7686321396601 209.8795794167693 1.4883342 1.5962512 3.83369 -25.382904 2.1268396 43.40648 1.5132335 13.755153369191106 
61 Car -1 -1 0 581.0494078026546 175.7216594919858 688.5272119964519 268.4252190569721 1.612837 1.664386 3.7333846 0.37953663 1.678666 14.618446 1.4636929 92.11846896259654 
61 Car -1 -1 0 552.1024940750544 182.26409266244514 600.9059136981181 225.32337120122233 1.4089739 1.5794531 4.0252743 -1.2837138 1.7830535 26.601576 1.4702576 35.68716344888162 
61 Car -1 -1 0 145.96229142775854 183.2191414500963 209.65098025490383 210.6130651408112 1.4752941 1.590043 3.9749682 -25.304846 2.114234 42.439377 1.5003874 16.076436216389727 
61 Car -1 -1 0 214.0772631378661 180.29162539068165 255.84786862684328 203.98951745598612 1.5624874 1.640698 3.8598354 -26.377546 2.1086037 50.922394 1.3636334 9.158814905197104 
62 Car -1 -1 0 578.1420676940238 175.18947182600846 682.5045220964985 265.7051246039446 1.6183417 1.6821268 3.8693528 0.29904187 1.6734453 15.014174 1.4692334 84.92362064102261 
62 Car -1 -1 0 550.312319772035 182.68844309299217 598.5190900759801 223.60942870450222 1.3579614 1.5393661 3.5816288 -1.3574032 1.7475016 26.7112 1.4531704 22.303992336271005 
62 Car -1 -1 0 209.30820220824452 178.75463313327725 250.99357414472522 202.7607504852088 1.557687 1.7016765 4.015059 -26.249073 1.984536 50.037575 1.3128507 9.91368347350617 
62 Car -1 -1 0 138.07598219738603 182.06566846356742 201.9231546209723 209.8436810944917 1.4656192 1.5944089 3.7811766 -25.080887 2.0179226 41.31187 1.4890983 9.030418720060458 
62 Car -1 -1 0 958.829318241539 130.4264798914765 1059.7114535725073 159.95143132681284 1.5143411 1.7292866 4.5753946 21.542809 -0.71567225 38.973118 -0.08181447 2.160474656648715 
63 Car -1 -1 0 574.2720867839453 174.1732983287999 674.7899775778983 262.2089723038978 1.6286569 1.6728036 3.7310123 0.19563842 1.6602824 15.351539 1.4627435 79.080468992437 
63 Car -1 -1 0 549.9932727685106 181.70777385093464 594.3938252937178 222.76225784289474 1.3993118 1.5595602 3.3174167 -1.4156814 1.7519212 27.031956 1.5086485 23.507456622917974 
63 Car -1 -1 0 199.48507982080258 178.58686119153205 249.7491983995167 202.57692980976765 1.5207613 1.6915492 4.174339 -26.049854 1.9272227 48.97074 1.4275697 7.879077198285892 
63 Car -1 -1 0 124.24369464153806 181.74863409047137 191.15720436256154 210.51487761493343 1.4790201 1.5798184 3.7117605 -25.07169 1.9977243 40.17581 1.5080177 11.108749166791085 
63 Car -1 -1 0 974.5345606765554 129.5044207017524 1075.903399024067 159.49730935033037 1.4843231 1.7018372 4.49334 21.761639 -0.72145224 37.843826 -0.1274186 12.610689785984214 
64 Car -1 -1 0 571.4004142143003 175.71691141128437 668.0794194325537 261.6200650020631 1.6194015 1.6554449 3.6635568 0.10478151 1.6890454 15.640904 1.4610018 105.235303919619 
64 Car -1 -1 0 549.5880237262959 180.81135894972797 593.6868204818882 221.80090525095906 1.4181421 1.5716501 3.711773 -1.4655929 1.7435058 27.601986 1.5094708 19.26410171004946 
64 Car -1 -1 0 191.5517986044797 178.7056759683482 245.44095366857758 203.68482853069006 1.5480707 1.7193713 4.203548 -25.896568 1.9545513 47.931763 1.4515028 23.26274774888649 
64 Car -1 -1 0 111.39345071095889 181.362225487055 181.82750913304795 211.62620484002204 1.5150626 1.594996 3.7906544 -25.032198 1.9998128 39.16249 1.50053 16.00380384825003 
65 Car -1 -1 0 569.1178793179574 175.9323667489405 662.640730174744 260.6463520895206 1.6338928 1.6838036 3.9017882 0.020323947 1.711155 16.08648 1.4741447 78.20005158579478 
65 Car -1 -1 0 545.3876419791011 183.70840028915407 588.2039707903756 223.82796659381393 1.3914099 1.5444406 3.5197787 -1.6820881 1.8372533 27.821735 1.4917551 22.843041140696627 
65 Car -1 -1 0 97.09532245013683 183.00144022604988 169.55326710535923 213.201067197987 1.4552739 1.6038613 3.6615348 -24.936771 2.0151744 37.924942 1.4938126 8.749535702077305 
65 Car -1 -1 0 181.61146082788443 181.2007888648303 238.53552420793451 206.46776328839402 1.5121047 1.6987 4.2672415 -25.852005 2.0796375 46.85046 1.4673767 6.187324852466317 
66 Car -1 -1 0 565.3491640991573 178.07229888675917 654.5391733552219 261.79839848465434 1.6463574 1.6752889 4.0024443 -0.10953778 1.7807804 16.516441 1.4778404 70.13432841079765 
66 Car -1 -1 0 545.8202424593455 186.02434920644086 589.5746927007906 226.79694938883 1.4187586 1.5844452 3.7967315 -1.6992689 1.9718839 28.339394 1.4780314 21.725467555073713 
66 Car -1 -1 0 171.1475942440722 183.58071111994244 232.53035438455098 210.35184159212008 1.5499617 1.8216724 4.2922 -25.778053 2.2637596 45.786762 1.4694521 16.05586470686173 
66 Car -1 -1 0 81.9690693142463 187.2082810402071 159.8600781937216 219.19367780050922 1.4692609 1.6599488 3.7908351 -24.859474 2.241633 36.86399 1.4837999 9.205522322925349 
67 Car -1 -1 0 563.2110447372323 179.49277872884673 650.8385175853238 261.2867238742473 1.637026 1.6702921 3.92127 -0.17241926 1.8103681 16.805428 1.470625 69.09081165430582 
67 Car -1 -1 0 164.68455557267205 187.33889554241475 226.8026449413313 214.59456863813992 1.5150551 1.6975 4.308102 -25.536282 2.4568696 44.69239 1.4796929 23.381176845305276 
67 Car -1 -1 0 542.3223946191979 187.41842342908808 585.1554308034982 227.47328097118574 1.4091165 1.5563574 3.5256267 -1.8626894 2.0223897 28.54932 1.4687406 19.620028593927454 
67 Car -1 -1 0 67.75023767673616 188.57629829008974 150.74607198974954 223.38776317303652 1.5481327 1.6362349 3.896354 -24.776402 2.3739672 35.89801 1.4991821 18.020773009833494 
68 Car -1 -1 0 558.9511874025409 177.34113114889635 646.330546074772 257.5897580941215 1.650718 1.6775907 3.999752 -0.27916098 1.7703493 17.155853 1.4588493 71.45788025048347 
68 Car -1 -1 0 541.7294633185968 184.49118553107854 584.3256119527302 224.34474952312982 1.4287024 1.5663146 3.798544 -1.9226733 1.9279438 28.985281 1.468901 20.814190283840695 
68 Car -1 -1 0 51.65097279247816 189.12066722036917 135.48089477912697 222.92489578869743 1.4459872 1.6021407 3.8004513 -24.722485 2.2733912 34.730663 1.4713633 13.847218374055942 
68 Car -1 -1 0 155.59039139588245 185.13404937273756 213.56873244287806 212.76492180224292 1.5121455 1.6252682 3.9752133 -25.492626 2.28666 43.42397 1.425893 4.958587632557044 
68 Car -1 -1 0 1054.210666165469 123.26673591226793 1176.9367145814385 159.74466009260786 1.5233595 1.6619359 4.368479 22.269161 -0.59639657 31.834965 -0.07423456 3.1029908712820538 
69 Car -1 -1 0 556.9998868823263 174.213037682063 640.6761290951843 251.2884050105768 1.6372751 1.661738 3.9875107 -0.36934924 1.6740866 17.472137 1.4626378 67.39817893618655 
69 Car -1 -1 0 32.68783211612383 183.90018031963936 121.63126598501735 219.44879251028544 1.4965286 1.6325057 3.887648 -24.713465 2.0429082 33.66239 1.4514294 20.126829301282193 
69 Car -1 -1 0 145.33207775336555 181.18596560432624 208.00714385011736 209.28060030823139 1.515977 1.634412 4.3293123 -25.42157 2.0332742 42.53619 1.423583 12.362533429835986 
69 Car -1 -1 0 539.2080726337559 180.9337853724426 580.2308980377248 219.4800024899148 1.4261918 1.5610031 3.628179 -2.0042243 1.7754219 29.330742 1.5131063 12.957828228267463 
69 Car -1 -1 0 1096.8440926621824 121.79065804928311 1231.2317013051822 161.95646594321332 1.6196165 1.7323194 4.601327 23.584332 -0.48106775 30.767601 -0.0967778 5.289437331574147 
70 Car -1 -1 0 554.6871373317068 171.4275095508467 636.1541620654161 245.7815881379743 1.619941 1.6689098 3.950132 -0.45410845 1.5888622 17.772743 1.4640809 76.96710544127747 
70 Car -1 -1 0 129.4544691871332 177.212260764471 200.9450530032391 206.19691360477577 1.5468409 1.8186824 4.3254867 -25.404709 1.8106877 41.432335 1.4612303 23.53639981848541 
70 Car -1 -1 0 12.82140321494386 180.29137944209737 110.0979789334572 216.04130414863434 1.4744487 1.6636285 3.8145726 -24.57906 1.8299376 32.530437 1.5057051 17.610455319287617 
70 Car -1 -1 0 540.0085614724455 177.2578202566163 586.8364652003497 215.4137606461661 1.449779 1.5727541 3.9021723 -1.8458786 1.6439855 29.845428 1.6011951 6.353772097372389 
70 Car -1 -1 0 1108.42361218642 117.64477995532356 1242.0 157.86400826837922 1.5469998 1.6933631 4.465766 23.183945 -0.63549304 29.556273 -0.08488442 0.25539737939834595 
71 Car -1 -1 0 553.026484426622 171.12508645831355 632.0878860569329 244.38480320871122 1.630173 1.6959782 3.8923612 -0.5275012 1.5917011 18.07532 1.4729927 56.611272726991444 
71 Car -1 -1 0 119.53100856350645 176.0587155031259 189.9262892275246 205.62604320580996 1.5406971 1.7224113 4.193674 -25.273615 1.7292554 40.26326 1.4413406 16.819972799565303 
71 Car -1 -1 0 0.0 180.45460672157722 93.7983703698982 217.60908258712462 1.476382 1.6400912 3.7365365 -24.484924 1.82727 31.384737 1.4940554 25.10169890812185 
71 Car -1 -1 0 538.0783474451036 177.38104714840435 584.8665767459095 214.87045588338748 1.439593 1.56913 3.685354 -1.942566 1.6397402 30.029543 1.6081705 8.57638472206192 
71 Car -1 -1 0 1109.8037299030416 114.35037560591263 1242.0 155.4383410050372 1.4989259 1.6747026 4.3672895 22.28327 -0.70796573 28.274681 -0.10260904 13.52702632871012 
72 Car -1 -1 0 550.9218831714003 173.78348873551266 628.3247389491354 244.92807610865833 1.6052876 1.6611505 4.0630507 -0.6132012 1.6317637 18.444252 1.4638588 61.477764312671916 
72 Car -1 -1 0 110.44102271567881 179.13606464168893 182.5360535156149 208.92762693272286 1.4926178 1.5932958 4.1349745 -25.04358 1.8524117 39.18819 1.4709432 15.597355914041229 
72 Car -1 -1 0 0.0 182.86150455274816 76.670790406396 222.0758194229197 1.4896089 1.6469669 3.743279 -24.48835 1.9372182 30.334991 1.481679 13.448490497488493 
72 Car -1 -1 0 539.9492929917267 179.55774173569424 581.7551399325031 217.435447838294 1.4646403 1.5874465 3.7239401 -2.111729 1.7663096 30.528265 1.4552593 4.075412615633078 
73 Car -1 -1 0 550.7102671544734 174.98039660269313 624.8504806596237 244.52976761032812 1.5861726 1.6485841 4.286774 -0.673086 1.6481113 18.804192 1.4737595 54.292162985847426 
73 Car -1 -1 0 992.4484307566274 128.5767842700016 1066.4649099464505 154.55709873511847 1.4949976 1.6209913 3.796898 26.958494 -1.229002 46.427853 1.0071008 16.0379255948188 
73 Car -1 -1 0 540.0694294947282 181.78328134707627 580.0758626314769 219.64197295072373 1.4625823 1.5768703 3.6874232 -2.0488014 1.8647809 30.628796 1.5343807 5.2087715531289165 
73 Car -1 -1 0 99.27644564876067 179.84038851722764 172.0616307837492 212.4399957940595 1.5944078 1.6805354 3.9504907 -25.014833 1.9847693 38.246113 1.4372673 9.191379098811908 
74 Car -1 -1 0 550.2100851422712 175.884360379045 620.99246850377 244.75136161889318 1.5972993 1.6649859 4.136096 -0.69162524 1.6861455 19.03808 1.5076072 51.199322362927575 
74 Car -1 -1 0 81.89672300515792 181.31518578340518 165.972800416518 212.5953011689977 1.4617605 1.6775033 4.2951164 -24.850496 1.9228098 37.113415 1.4976177 19.237225362833005 
74 Car -1 -1 0 538.4936707193316 181.61409405827797 579.7548593780447 219.88541809001748 1.4967792 1.6184554 3.8024771 -2.1135674 1.8968062 31.02444 1.5411704 2.938663527823288 
75 Car -1 -1 0 550.0352837468993 175.67237699718322 620.2625145265969 243.22226139869048 1.5961415 1.6823508 3.9817507 -0.7271351 1.6793958 19.267103 1.4976617 39.29353074829289 
75 Car -1 -1 0 65.65918719684282 180.19071428232203 154.96263978476347 213.10900846301374 1.4971491 1.7313094 4.3228087 -24.792685 1.886119 36.030422 1.4913375 42.37985447000533 
75 Car -1 -1 0 145.510440464945 173.99728695334244 189.00323725897454 192.64652038513617 1.52111 1.5943291 3.895179 -37.402016 1.6211383 61.1138 1.4747231 0.5133234444464195 
76 Car -1 -1 0 549.8190678335942 175.10196381197287 617.869663639582 241.37662270080017 1.5886178 1.6517079 4.187666 -0.7873863 1.6563716 19.594349 1.4911716 52.48656698897947 
76 Car -1 -1 0 50.37247344012031 179.66372436445104 146.93984102010927 213.39478685526765 1.488203 1.7712603 4.4543324 -24.657913 1.8404523 35.039665 1.5008464 47.07759368873993 
76 Car -1 -1 0 542.5093561217054 179.56021122913128 581.5677778352403 217.79660337639223 1.5372612 1.607385 3.7762308 -2.107895 1.8493959 31.637377 1.4913046 0.672711719068497 
77 Car -1 -1 0 550.4715861734887 175.77145769611994 617.7831183419108 240.9252431718143 1.5808158 1.6566718 4.221578 -0.77159274 1.6698831 19.864128 1.500445 42.92828397102233 
77 Car -1 -1 0 34.50480952894871 178.51187935612688 133.78572445945875 214.01575186213617 1.5231614 1.7486705 4.2113986 -24.457525 1.8049812 33.790016 1.5166782 51.79087828038278 
77 Car -1 -1 0 542.4962387642855 180.85104784321751 580.9009153672602 217.81193803513034 1.4866616 1.589192 3.8588798 -2.0961661 1.861508 31.848198 1.5123922 0.2736399471759796 
78 Car -1 -1 0 15.317243387022879 178.9777235709074 125.54371743918321 215.4097334477371 1.5042372 1.8305458 4.5252666 -24.390976 1.8029039 32.87969 1.5136355 42.165468743880865 
78 Car -1 -1 0 550.0961503253043 176.45826347554117 616.5450142613494 241.23790086522862 1.5964806 1.6603904 4.043786 -0.7299224 1.7069416 20.06182 1.5335592 46.118673383460674 
79 Car -1 -1 0 0.0 178.1680113890881 112.84900100706679 214.85412049749837 1.4654377 1.7718194 4.509646 -24.223852 1.7165356 31.791624 1.5125972 50.15245249971607 
79 Car -1 -1 0 551.1158186772963 175.37340426469936 617.1470484915621 240.07380447819904 1.6196142 1.6708193 4.0647874 -0.74636495 1.6977193 20.296026 1.5193051 43.57308735058731 
79 Car -1 -1 0 539.7379486847015 180.61774712511215 577.6781874287054 217.39523826659283 1.5170857 1.610141 3.9800842 -2.3248887 1.8907566 32.678383 1.488618 0.9824580785907465 
80 Car -1 -1 0 551.9190552676544 175.39590743627124 616.9321112498258 238.82399694678088 1.6051043 1.6665175 4.1066337 -0.79659915 1.6848953 20.538774 1.495081 38.981322212158176 
80 Car -1 -1 0 0.0 176.77936304175614 99.84316278634032 214.63164956059114 1.4668361 1.7717465 4.4997787 -24.10483 1.6464044 30.72107 1.527433 44.08850500463289 
80 Car -1 -1 0 93.02001847570544 166.7898094400487 159.27201980302678 186.988055909975 1.5130844 1.6026406 3.9104474 -36.81254 1.0588055 55.011814 -0.08276526 3.447614625222414 
81 Car -1 -1 0 553.0468532242419 174.41115172698716 618.1343719002017 237.8709505487112 1.630846 1.6624329 4.5001793 -0.7945111 1.6810875 20.96832 1.4864175 35.62925492002911 
81 Car -1 -1 0 0.0 174.63099169728142 84.73234475210825 214.985970689329 1.5223285 1.728802 4.3915563 -23.939087 1.600894 29.658758 1.5125245 47.00993643809953 
81 Car -1 -1 0 86.94946091236011 167.09975344377494 156.21453268763258 187.1187024668233 1.4706736 1.5996693 4.0254426 -36.450283 1.0479429 53.96441 -0.07958075 3.9231528058342366 
82 Car -1 -1 0 553.7694478351603 175.8567640559071 617.0640167471028 238.01283670274967 1.6114701 1.6641667 4.3298 -0.76937026 1.7086308 21.133724 1.5075471 37.41213007391067 
82 Car -1 -1 0 83.38646237372758 167.2474058882681 150.2151536375074 188.11182813965885 1.503891 1.5751963 3.76426 -36.111935 1.0997719 52.94138 -0.0789108 1.6176339066626892 
83 Car -1 -1 0 553.8322118000598 176.68684274795947 617.3974663181966 237.5539857244426 1.5999362 1.6962119 3.9738321 -0.7335791 1.7235608 21.246878 1.5223802 56.14310291874659 
84 Car -1 -1 0 556.4701510762065 176.82050643241104 617.6637000002289 237.01911442234 1.5982896 1.6509131 4.1764483 -0.6988468 1.7284813 21.559841 1.5260733 53.89874105625929 
84 Car -1 -1 0 61.65808584963322 166.20509687859533 133.9227394991062 187.36126108210973 1.4652814 1.5815139 3.9035306 -36.058666 1.0047764 50.90444 -0.07276219 0.2691914439201355 
85 Car -1 -1 0 557.8588496016007 176.74329812185584 619.5285464269966 235.34257830096757 1.5754834 1.6662492 4.0075784 -0.71116984 1.703754 21.734684 1.493819 45.82947402790695 
86 Car -1 -1 0 559.4062364529609 174.99193369409463 620.695377351367 233.54513751501676 1.601699 1.6927185 4.107025 -0.63569725 1.6730297 21.981884 1.5227886 47.191339992112205 
87 Car -1 -1 0 559.8314335837865 173.59413416331387 618.9420202085387 231.61932640329417 1.6164405 1.6541684 4.347337 -0.665907 1.6416513 22.36705 1.5234485 31.468427450752902 
88 Car -1 -1 0 558.5544247536861 172.30914544450016 617.2663590936456 229.75523109673227 1.6222038 1.6597211 4.3147497 -0.69026005 1.6068177 22.561703 1.5340548 33.51649042554643 
89 Car -1 -1 0 560.2784081842221 172.72924431972243 618.6320626817561 228.4074828953145 1.5940684 1.6724093 4.415283 -0.65200996 1.5904965 22.893024 1.5360031 29.30846658003532 
89 Car -1 -1 0 3.5408911266858882 160.8855332375558 86.31952475873518 184.7162397494009 1.4733305 1.6010488 3.9174528 -35.536697 0.7333813 45.47577 -0.034073904 1.891274542113826 
90 Car -1 -1 0 560.2336489414593 172.36234066894374 617.4804867559965 227.87143389306092 1.6093097 1.6614308 4.2493258 -0.67655015 1.5950555 23.071953 1.5346966 33.5338119315832 
90 Car -1 -1 0 0.0 161.69407575556733 76.29844645824248 186.36339373770997 1.4869598 1.6250243 4.063649 -35.446487 0.8142876 44.37075 -0.033233978 6.318522041939706 
91 Car -1 -1 0 562.0491605545908 172.13849720315213 618.9794092199841 228.09387255392224 1.6438584 1.6731651 4.331913 -0.59839946 1.6228383 23.378056 1.5527475 37.79529620777818 
91 Car -1 -1 0 0.0 163.80091088347314 72.16795574999244 189.0669353171884 1.4867636 1.5840644 3.7228146 -34.681454 0.95403993 43.26728 -0.009046791 0.5432925143292737 
92 Car -1 -1 0 562.8249053955112 173.72961761241302 619.4844208953293 228.78850779470392 1.6309465 1.685643 4.02507 -0.62468493 1.6619232 23.482094 1.5318816 42.39210298234239 
92 Car -1 -1 0 0.0 164.3964943666586 75.03809288533532 189.85148373998075 1.4534123 1.6056216 3.8446321 -34.38173 0.97051096 43.205242 1.6957006 1.1814913095811732 
93 Car -1 -1 0 564.0054960082026 174.68313020538076 619.3746263448321 229.4215351725537 1.6357558 1.6692678 4.0459 -0.652961 1.7012488 23.767548 1.5133232 40.884756299077594 
94 Car -1 -1 0 563.643534476977 174.65744014000344 618.3836412662631 228.27335783827394 1.6210895 1.6694992 4.1213923 -0.67774916 1.6864866 24.061077 1.5154754 41.514527222353884 
95 Car -1 -1 0 563.3602713243217 173.35467559521112 617.803837955091 226.27828138696677 1.6349425 1.6864027 3.9559302 -0.6544665 1.6532192 24.333656 1.5366424 44.099595890973525 
95 Car -1 -1 0 292.08326383855893 171.35735933363688 329.50043036514603 190.71016748492144 1.5343804 1.6352603 3.8148313 -24.441814 1.4157195 59.149815 1.5248508 2.9022424542349325 
96 Car -1 -1 0 565.6447106489627 172.6795120114376 619.8310329484748 224.19676832216248 1.6137505 1.6987298 3.8945332 -0.5818871 1.6082846 24.572388 1.5423899 46.44184947677451 
97 Car -1 -1 0 565.7892165768712 169.34358523561446 618.0148102533411 220.93881090623304 1.6411428 1.662359 4.068 -0.617341 1.5294833 25.006798 1.5432783 29.14117515495703 
97 Car -1 -1 0 281.98316768056844 167.9210535140411 323.77498211191914 187.90204020462807 1.5207531 1.594519 4.0008755 -24.133942 1.1453062 56.917072 1.5712855 6.919847092187816 
97 Car -1 -1 0 315.53485601691796 168.57822452925473 353.1378724554546 186.0539224338185 1.4744157 1.6228622 3.893581 -23.92872 1.1136703 62.86257 1.6234602 0.32910290360450745 
98 Car -1 -1 0 566.7713348968616 169.9516968726906 618.68242452475 221.1139007547277 1.6465963 1.6736019 4.031998 -0.63717544 1.5531889 25.275396 1.523186 30.537729341862978 
98 Car -1 -1 0 276.6500919713958 167.79332716420484 320.16642232915035 187.95832962048664 1.5023689 1.6168983 4.051445 -23.994436 1.1253294 55.78308 1.5708833 1.5829380142875977 
98 Car -1 -1 0 310.33232397336036 168.9938485399965 349.6454668577256 186.8134802225033 1.472917 1.6129706 4.0919166 -23.860815 1.1538482 61.722828 1.6193622 0.26541656255722046 
99 Car -1 -1 0 565.2312560345491 173.56210313329098 616.6864667347667 223.54669909405092 1.6222019 1.6748598 4.1929054 -0.646792 1.6493881 25.589386 1.5508788 43.52939162597398 
99 Car -1 -1 0 305.36045657061896 172.0823608586384 337.92534073116724 190.60634144165272 1.5034132 1.6170841 3.8238246 -24.118847 1.4407864 60.556316 1.4488915 0.7745410066596479 
100 Car -1 -1 0 567.5541337397541 175.35619117912856 618.579172305914 225.26209134858732 1.6356713 1.6867073 3.9820204 -0.54076993 1.7321959 25.84121 1.5730349 31.095134489651503 
100 Car -1 -1 0 299.83951619651987 172.85549960616254 330.68889043943324 191.6286897045169 1.4866936 1.6419923 4.14159 -24.154896 1.4868212 59.336845 1.3614436 1.9332900208142718 
100 Car -1 -1 0 263.16840041428566 171.77881965807535 308.38247260787534 192.7465670814657 1.4895325 1.6112058 3.9659786 -23.8345 1.4131522 53.253464 1.55433 0.6965362432921641 
101 Car -1 -1 0 566.8969864659796 177.31253060069835 617.8189636307229 224.94498297083868 1.5733972 1.7100643 4.0341196 -0.5553087 1.7480595 26.2397 1.5819489 16.898197699145445 
101 Car -1 -1 0 245.4971411618028 172.56012163358375 286.16417642562607 194.32550635457528 1.502022 1.630297 3.92516 -24.649015 1.4817413 51.864494 1.4024528 0.8528351123115444 
101 Car -1 -1 0 474.0100321836225 175.5023877828384 498.2952407307669 193.43229947831304 1.524421 1.6092455 3.7205577 -10.877553 1.765449 63.7844 1.5423919 0.2558409571647644 
102 Car -1 -1 0 567.0430635331817 176.8084547209133 616.3834106466887 224.03159303550927 1.5830966 1.6774894 3.9923058 -0.5969552 1.7394259 26.523916 1.5757269 23.975413649018698 
102 Car -1 -1 0 246.96207148532315 173.7173111470512 295.3135980369402 195.83948828665052 1.5017533 1.6526339 3.71786 -23.854347 1.5649948 50.991474 1.5778302 2.0061844652687135 
103 Car -1 -1 0 567.6336596315691 176.209634923837 617.1321953488406 225.00056062783975 1.6581819 1.7022591 4.101766 -0.62494755 1.7927523 26.870771 1.5539302 31.658126287843015 
103 Car -1 -1 0 1068.508672898536 164.8989520116907 1182.0053381344828 209.88788894698695 1.5069698 1.5718265 3.6799393 18.29681 1.2405038 25.601938 -0.39468005 1.198022641348595 
103 Car -1 -1 0 237.52827572948894 176.31263938812353 289.5398764121799 199.00107586251926 1.4804275 1.6059827 3.929208 -23.751814 1.7280588 49.67352 1.5998796 0.8083237260222337 
104 Car -1 -1 0 568.4654383615953 177.67080952323394 616.9050574230783 225.2880931169215 1.6321614 1.6878016 3.9924793 -0.60644245 1.8267289 27.141384 1.5614517 28.241288554277183 
104 Car -1 -1 0 252.30639085238002 160.92289331520473 284.81115810717847 178.25457387794359 1.581661 1.7424265 3.897665 -32.04684 0.49284723 67.907524 1.4136481 2.602818717706162 
105 Car -1 -1 0 569.8872892808922 176.52762328684813 617.2786869107164 221.8002546900011 1.5726023 1.6683768 4.140694 -0.56989765 1.7230358 27.473375 1.5671635 31.176940262380725 
105 Car -1 -1 0 1046.3443192991483 154.2675854125954 1217.4818732836081 206.04148369284982 1.5743499 1.6646886 4.343594 16.510412 1.0091708 22.918114 -0.0677525 7.463859010983318 
105 Car -1 -1 0 304.485723797622 178.28341511315674 327.0622369734118 197.253162465154 1.4857616 1.6698174 4.088166 -24.447826 1.953743 59.9843 1.1673164 0.5291013105901687 
106 Car -1 -1 0 570.2832804974405 175.10558238257562 617.7282596024537 221.03783154857936 1.6251085 1.6563348 4.2535152 -0.53166544 1.7188017 27.881664 1.5911177 26.886829213700494 
106 Car -1 -1 0 257.872190548383 176.61636307876847 306.76923243762946 198.09991254818277 1.4695094 1.661917 4.382281 -23.664083 1.753986 52.342976 1.5430044 2.9699161795736058 
106 Car -1 -1 0 291.6805245332555 176.58363265868093 336.3658342239517 195.99422984248474 1.5068963 1.6578445 4.192612 -24.104065 1.823029 59.00171 1.6535594 0.44214916229248047 
106 Car -1 -1 0 1105.7311807888905 156.91890138941113 1242.0 209.56721448188966 1.5060544 1.5683904 3.7498326 17.19938 1.0502158 21.569351 -0.07865356 0.5573988723318667 
107 Car -1 -1 0 571.2088661716718 174.01810526707746 617.8423395902726 219.9551396217364 1.6573813 1.67952 4.2368727 -0.52097327 1.7064289 28.27074 1.5849658 28.891787991107755 
107 Car -1 -1 0 250.42016259590997 176.65878940451145 301.4409838886215 199.1123285006579 1.5018425 1.6193699 4.2682815 -23.564413 1.7827158 51.12546 1.5771194 4.192389684474774 
108 Car -1 -1 0 571.8288271013756 174.6879757143403 617.5309583584202 219.96504371917604 1.6488022 1.6748885 4.054144 -0.55969083 1.7263412 28.47311 1.5636363 38.72660196106922 
108 Car -1 -1 0 281.81550580681477 176.23510410934952 321.9072303397712 197.12572404088127 1.5566859 1.6442916 4.233113 -24.096811 1.8323364 56.64775 1.4885287 2.7703535557752623 
108 Car -1 -1 0 243.42376219228137 176.31792700269645 291.56301170861684 199.04190673107817 1.4814339 1.6150906 4.2160606 -23.567667 1.7312202 49.864918 1.4908832 2.8656954254830143 
109 Car -1 -1 0 571.8348819478814 174.71696797974894 617.3475093875506 219.2278817449131 1.6458552 1.693351 3.8147984 -0.54934686 1.7250209 28.750608 1.5747893 31.85989533383199 
109 Car -1 -1 0 232.37301254684928 175.97024169645962 286.77935355785513 199.5065792930589 1.4974478 1.6475216 4.380766 -23.540688 1.7173502 48.70427 1.5432835 3.7268300493600317 
109 Car -1 -1 0 274.276886883973 176.30589490129293 315.558951572408 197.54450391020586 1.5465782 1.6314409 4.142996 -24.080372 1.8216066 55.360832 1.4947443 2.1402844665659027 
109 Car -1 -1 0 176.73729472809242 176.8656109774657 226.71055398339377 204.04937294240008 1.498383 1.5980233 3.7848806 -23.895103 1.7453947 42.399246 1.3284342 0.5849105295648563 
110 Car -1 -1 0 572.8877225724219 174.27394703268905 617.9004595510048 218.65601516301987 1.6626196 1.6947833 3.9508123 -0.5199085 1.7238599 29.137829 1.5776438 33.99055773875453 
110 Car -1 -1 0 222.86722802729398 175.77895380127114 279.40325024894184 199.8404719071443 1.4915156 1.6666181 4.4478393 -23.522728 1.6933424 47.531166 1.5297567 4.647181914321367 
110 Car -1 -1 0 163.95642045819937 175.34937410184304 224.9905140115191 203.0062418389297 1.4918482 1.5865269 3.8325942 -23.6538 1.6414143 41.26293 1.4736911 4.441366546408216 
110 Car -1 -1 0 264.339887968843 176.01017410677395 314.08353416188766 197.19653169264626 1.5096002 1.6287198 4.269588 -24.011358 1.7564172 54.24365 1.6334963 1.8055892540050182 
111 Car -1 -1 0 573.5927444285225 174.72385665921144 618.082730074955 218.1703076917561 1.6456766 1.6966305 4.0511785 -0.50897604 1.7274861 29.537043 1.5779055 29.922115400649858 
111 Car -1 -1 0 147.66146997510918 175.90072236942981 219.15069635562614 205.5520440300565 1.5532304 1.665555 3.7440958 -23.584991 1.7305238 40.08719 1.6060605 18.250798768477132 
111 Car -1 -1 0 211.1933373374686 177.46581855935366 270.69582454044377 202.39605974264413 1.4966195 1.6428635 4.3449717 -23.566326 1.8065386 46.3056 1.5583451 3.8810971190331545 
111 Car -1 -1 0 259.78189178185784 176.766858086714 307.4797810407709 198.3826276760913 1.4979093 1.6375067 4.3129272 -23.85218 1.7969189 52.962906 1.5474052 6.273957214629421 
112 Car -1 -1 0 573.7484715836983 176.0955288597104 616.7094359451297 219.2114509077135 1.6433232 1.6564689 4.053663 -0.5337661 1.7865249 29.841105 1.5801121 36.34373585069982 
112 Car -1 -1 0 200.77181377083016 177.49517489446126 263.11356944058866 204.79237617538348 1.5958624 1.751049 4.3640943 -23.533316 1.9005183 45.14944 1.5327586 11.037394604510514 
112 Car -1 -1 0 136.53653720663695 177.02663172287328 208.5355120750895 207.4200091338538 1.52601 1.634979 3.9287329 -23.387402 1.7618353 38.778103 1.5229753 4.619248816139773 
112 Car -1 -1 0 249.12743479442852 178.3714532080862 301.4283400550358 200.58672972869002 1.4922957 1.6334041 4.210472 -23.865633 1.9038215 51.674778 1.6187967 0.5999647974967957 
113 Car -1 -1 0 576.7322186532473 181.42104702598138 618.4621240726815 220.06711917594228 1.4566234 1.6240922 3.9652188 -0.48202717 1.8372395 30.067087 1.5624139 24.172976612686657 
113 Car -1 -1 0 190.22518245195667 179.58273730466934 252.8728275054026 205.87284789738484 1.4763302 1.6344161 4.3126826 -23.473429 1.9054581 43.827515 1.5286331 6.734906778960447 
113 Car -1 -1 0 119.56841638944464 181.3404038662753 194.35136056009688 212.24261908694976 1.4873459 1.5947114 3.706555 -23.494715 1.9515588 37.609097 1.5627971 11.816112518259544 
113 Car -1 -1 0 241.82472700346779 179.90114208416924 296.2107253297197 203.30392475772788 1.5265467 1.6268263 4.276923 -23.779144 2.04151 50.550556 1.6190035 5.324136320341716 
114 Car -1 -1 0 577.8270557753367 177.84802058494927 620.0299835592572 221.10233496626017 1.6767251 1.6644285 4.1970367 -0.42566192 1.9027574 30.556171 1.5677205 18.28578359986852 
114 Car -1 -1 0 102.90006352087791 180.2538993425427 179.2923383938901 212.67780069729704 1.5079644 1.6167812 3.5219114 -23.379957 1.8970678 36.15583 1.540981 16.179453975456603 
114 Car -1 -1 0 178.2032880392321 181.48975392005502 243.91144282841046 209.5067067868239 1.521427 1.6190948 4.1288633 -23.394737 2.055233 42.52984 1.5626776 13.975847580023572 
114 Car -1 -1 0 234.12487908747428 181.15263785003285 286.9498784388477 204.4860942431637 1.4704347 1.6388623 4.279792 -23.706966 2.0608845 49.173496 1.5400343 6.637584072529886 
115 Car -1 -1 0 577.4992766835039 179.10392289198663 620.1645602785762 220.89465424315827 1.6269796 1.679354 4.169541 -0.39707392 1.9121369 30.819849 1.5904381 21.293652411735323 
115 Car -1 -1 0 81.72488448684602 179.28981567444762 166.4138915134747 212.79052423732486 1.5013314 1.6618338 3.6963308 -23.383825 1.8293905 34.915737 1.5514076 18.07479068111271 
115 Car -1 -1 0 165.3297950454732 181.39603441006625 236.35167774916044 210.0097347077819 1.5038428 1.6399546 4.2668266 -23.308645 2.0184646 41.33339 1.5742726 14.458807806651123 
115 Car -1 -1 0 224.8127138188943 181.19463534229922 279.97992942538053 205.04992141199008 1.4609838 1.6403147 4.3324227 -23.634527 2.0402124 47.91562 1.5369362 5.272943928820461 
116 Car -1 -1 0 578.7274800466065 177.52359720392306 619.630668633207 218.77948541026774 1.6358693 1.6491407 4.1089163 -0.39810982 1.8507459 31.139774 1.5808017 24.44464064598033 
116 Car -1 -1 0 151.39852535672242 179.06281297399366 224.20230873405137 208.32986164758523 1.4966391 1.6442688 4.3832693 -23.309662 1.8606071 40.070007 1.524381 17.17714667691939 
116 Car -1 -1 0 64.39533684858787 178.47459941781787 151.59373080563327 212.72622604872637 1.481795 1.6135137 3.6394377 -23.288506 1.758369 33.662384 1.5415941 13.39521138417124 
116 Car -1 -1 0 212.77033688027515 178.49723235945646 273.50100825720097 204.2274494604276 1.5538441 1.6834105 4.3233914 -23.626253 1.9361048 46.701355 1.5858549 17.51053275759992 
117 Car -1 -1 0 579.27693240307 175.41335888876898 620.3224642898093 216.1808640461121 1.643971 1.671087 4.229874 -0.37739056 1.7631831 31.485706 1.5803051 29.194353121598564 
117 Car -1 -1 0 132.3365668663253 174.61190736792625 213.32255246340029 206.19800935460484 1.589602 1.8124657 4.427626 -23.364918 1.6896344 38.81051 1.5309392 20.335348193855996 
117 Car -1 -1 0 43.36572478556947 177.47024614448512 138.6991038176434 212.97914376522834 1.4807751 1.5827974 3.787448 -23.216274 1.7007171 32.480225 1.5658518 16.468112894271698 
117 Car -1 -1 0 201.85134460810772 176.2293388749745 258.01116395718935 201.43053490600863 1.4839592 1.6188853 3.9854958 -23.63585 1.70436 45.07425 1.5069488 1.7195833268215404 
118 Car -1 -1 0 579.5510923404535 174.6992683963627 620.3906812574652 214.9861969715379 1.6436644 1.6772901 4.1916876 -0.38806495 1.7301724 31.728334 1.573556 25.800043392831714 
118 Car -1 -1 0 14.937819007544851 176.55645712079505 121.14589655196914 214.21140373817153 1.5063454 1.629312 3.8460546 -23.271114 1.6763966 31.193417 1.6004444 21.751677755866464 
118 Car -1 -1 0 117.42064997782492 174.97773479594727 201.7064745204828 206.37348023736337 1.5188717 1.7324023 4.3641 -23.201294 1.6354611 37.40804 1.5455422 22.437695116624408 
118 Car -1 -1 0 192.26922192072908 175.4919972785238 243.5235974237957 201.63756135459334 1.4953877 1.6134882 3.9124112 -23.67912 1.6629462 43.758232 1.3840251 5.019409731283849 
119 Car -1 -1 0 0.0 178.55393322738684 101.9044896599124 218.83194415735292 1.5305837 1.6229639 3.7284813 -23.094711 1.780867 29.815006 1.5665967 35.00001169576725 
119 Car -1 -1 0 579.3152598318056 176.53205230397447 619.3479553919673 216.6788243009344 1.6397953 1.6571839 4.32609 -0.42725566 1.8141145 32.03236 1.568992 25.565329880717126 
119 Car -1 -1 0 99.35273572628438 178.82047417904417 185.20995102687363 211.49404860700767 1.5015442 1.6448588 4.186701 -23.214552 1.8170156 36.04016 1.5494142 11.152360065935577 
119 Car -1 -1 0 176.03677995968823 178.3887884644269 231.66817554849155 205.72179871273818 1.4991969 1.5749518 3.69424 -23.705317 1.8384371 42.29174 1.4418733 1.3822687660669608 
120 Car -1 -1 0 580.6351935035096 178.8909018976176 619.4930092658025 217.68414374749912 1.5884707 1.6255552 4.0652504 -0.38813448 1.8750403 32.214897 1.5753 18.72095952947991 
120 Car -1 -1 0 83.80769861581501 179.6928624447606 169.66887107330697 214.1318905106433 1.5150487 1.6073056 4.0558944 -23.056957 1.8630533 34.641304 1.5069063 15.732635435698224 
120 Car -1 -1 0 0.0 181.34359730609572 84.50108369763628 223.76225953176257 1.5051934 1.6530981 4.266576 -23.16864 1.8671601 28.613834 1.549988 7.805194461420176 
120 Car -1 -1 0 180.80097957789854 183.7308860828906 248.58358706448823 210.8261531025292 1.4678929 1.6173396 4.100488 -23.360092 2.1454647 42.85778 1.6237509 0.6508466598749938 
121 Car -1 -1 0 580.0733451356748 182.00384004889662 620.5772863107215 218.72210079902135 1.4959903 1.6483418 3.8197942 -0.4658859 1.9306685 32.324318 1.5140975 17.283530741236273 
121 Car -1 -1 0 58.51940141047182 181.55168464473076 154.51204281468208 217.7651926654226 1.514019 1.6869338 4.221553 -23.114756 1.9421679 33.360394 1.5105114 13.434893898160958 
121 Car -1 -1 0 149.86378522775578 182.66865797144987 224.55507256678487 211.38862275570375 1.4525267 1.6653868 4.2764297 -23.36103 2.027117 40.099174 1.5654705 15.267319875836474 
121 Car -1 -1 0 16.120813949695314 175.67641539027835 93.01296642446309 204.5602304698436 1.5170119 1.5943093 3.6022234 -30.734129 1.6809648 40.08378 1.5327793 6.1843936276630105 
122 Car -1 -1 0 581.4817385287021 177.3647258305249 620.9039539214814 217.08445861365456 1.65943 1.6712575 3.8916903 -0.36014885 1.875006 32.535446 1.5679613 21.065518995411246 
122 Car -1 -1 0 132.4689863252694 181.48514313686425 212.16652091485793 211.85228295420583 1.4864656 1.7439222 4.3248706 -23.358139 1.9760619 38.74474 1.5451686 23.582126256970838 
122 Car -1 -1 0 31.95246761351676 180.1378882285269 129.90733949524005 217.53130956703984 1.5012732 1.6075101 3.937893 -23.13806 1.8423139 31.768326 1.5087612 3.855968592027877 
123 Car -1 -1 0 580.6976938419903 177.28747117540829 620.0098930527341 216.4536699718223 1.6487775 1.6806977 4.07968 -0.42059615 1.8634694 32.889755 1.5574074 33.040190376836094 
123 Car -1 -1 0 114.1820147811554 180.66936088612877 199.88334869009634 212.32079155028325 1.4967008 1.7758912 4.379081 -23.337664 1.9259548 37.420322 1.5473831 38.05790217457072 
123 Car -1 -1 0 14.25805012022245 181.1903563814946 124.45357677671387 220.315999838747 1.5054109 1.6807333 4.355462 -22.994457 1.8886338 30.940493 1.5044317 1.8518334440776503 
124 Car -1 -1 0 95.58474904114124 179.93210269947244 185.05564165252073 212.01116642306877 1.465422 1.6834657 4.225275 -23.294205 1.8395798 36.01943 1.5821066 37.2916047457608 
124 Car -1 -1 0 581.2623360458199 176.80160968547682 620.1289031256508 215.9634931658258 1.6610048 1.6707407 4.0452147 -0.45980358 1.8531814 33.071533 1.5310204 32.62500849104151 
124 Car -1 -1 0 0.0 179.2357178995785 104.52055717362859 220.3309961209109 1.5132459 1.6884432 4.4933558 -23.009827 1.795154 29.57777 1.5073477 17.679664334745915 
125 Car -1 -1 0 581.0594486140781 178.15617730899825 619.5093809264243 216.79787475948356 1.644718 1.6655713 3.9572716 -0.40602133 1.903496 33.234947 1.5686285 19.05701056700487 
125 Car -1 -1 0 73.14981681454434 181.63296450073773 169.82262092281695 215.24849763285664 1.4578449 1.7184956 4.323597 -23.250519 1.9049921 34.5865 1.5679014 27.23998648959885 
125 Car -1 -1 0 0.0 178.914814960726 78.66960195676636 223.97688735488114 1.5730438 1.73464 4.5158167 -23.036402 1.829342 28.165586 1.4488678 11.510212835123381 
125 Car -1 -1 0 932.763508647003 166.28099737577872 1148.0204630586222 236.3129556442018 1.4875028 1.6016147 3.8552833 9.560086 1.3478899 16.2389 0.05905953 0.5740160287135763 
126 Car -1 -1 0 583.2424351061189 180.7981322964052 621.2734771690423 217.30647987888742 1.5461429 1.6569296 3.9391973 -0.29366046 1.9356617 33.398827 1.5833131 19.549687062449348 
126 Car -1 -1 0 51.50054994840222 181.13697431584276 153.92687043729657 217.80709600743336 1.529752 1.759345 4.2867475 -23.191517 1.93603 33.233154 1.5536702 62.130886867800584 
127 Car -1 -1 0 27.354101017488148 180.92175373844577 134.63296549607477 217.92451252706576 1.4788042 1.7104288 4.1438055 -23.153952 1.8577867 31.817846 1.5655309 46.889224803786156 
127 Car -1 -1 0 581.9192400642916 177.60793202689442 620.2207834107301 215.05910571153768 1.6160299 1.680199 4.019926 -0.39016563 1.8511212 33.664116 1.5618737 22.396551825816253 
127 Car -1 -1 0 1080.3984915529384 168.00703489808524 1242.0 258.02960242557043 1.4771895 1.5350456 3.3643124 10.504436 1.3976551 13.17047 -0.37528846 0.2604757249355316 
128 Car -1 -1 0 3.326813235033939 180.2055504342662 108.79428848569906 218.2165251595723 1.4580644 1.6772208 3.6351924 -23.048891 1.7846671 30.221146 1.5505855 30.941020363503497 
128 Car -1 -1 0 582.1393445862354 175.28043855729567 619.5797005471156 212.77909456658426 1.6362383 1.6473203 4.0162377 -0.391536 1.7565206 33.75607 1.5663967 15.528445150176655 
129 Car -1 -1 0 584.2351266293329 178.89447641956716 620.3787335240276 212.10165868800908 1.431939 1.5958971 4.089577 -0.31819326 1.7328925 33.903473 1.571798 12.802171642107075 
129 Car -1 -1 0 0.0 178.85310045882332 97.47135465424503 220.26963122159134 1.5177333 1.7000599 4.25383 -23.057766 1.7783535 29.20383 1.552517 31.14862879702302 
130 Car -1 -1 0 583.555435114101 178.231776622602 620.0442929904073 212.4301026360784 1.4845221 1.6178814 3.9850903 -0.41284037 1.7528057 33.976128 1.535865 14.345288888607227 
130 Car -1 -1 0 0.0 178.27396477267123 75.78847404889511 220.20621650292543 1.4933901 1.6189375 3.8571563 -23.013466 1.7196913 28.165337 1.5282857 11.343553345641364 
131 Car -1 -1 0 583.8979078027169 178.54627917186068 621.9295756308767 212.491323458344 1.4804282 1.639344 3.9357297 -0.36521995 1.7656527 34.14767 1.5204482 15.469401938915867 
131 Car -1 -1 0 328.14504907990727 178.3782448190756 361.3701760316323 195.39706628314073 1.4637997 1.6162692 4.0846143 -23.977776 1.9808173 65.46471 1.5422815 1.0419592047865363 
131 Car -1 -1 0 31.37783285263736 170.33647277458775 93.8181542776059 193.19064916004686 1.5402206 1.5889307 3.6095166 -38.162228 1.3705556 50.444885 1.5878006 2.6751637669898862 
132 Car -1 -1 0 586.4095363037555 176.5427860171895 622.8009508573228 211.40894410092602 1.5402405 1.6281701 3.9872255 -0.285223 1.7260259 34.321 1.538008 13.704427072020673 
133 Car -1 -1 0 587.6010906707312 176.3198714077706 624.6155391309479 212.43512351827897 1.6068971 1.6675404 3.8265417 -0.2072561 1.7814834 34.41066 1.543401 9.801445778581702 
134 Car -1 -1 0 586.4835396152504 176.52087983376876 623.6459370742102 211.31959637545964 1.551327 1.6784432 3.9754138 -0.19791223 1.7371527 34.575386 1.5733813 24.90950639213762 
134 Car -1 -1 0 309.7651980767454 179.78080272723537 349.66750852324395 198.14775369300688 1.4691153 1.6367059 3.8635168 -23.68723 2.075822 61.206936 1.651374 4.948351513886073 
135 Car -1 -1 0 588.0850770515325 174.15903519213566 625.640978995221 210.66064603857728 1.6488855 1.7042123 4.0252213 -0.13165157 1.7153931 34.754753 1.5661249 34.176813670334994 
135 Car -1 -1 0 306.0659180181841 179.91081845722863 343.2200464506678 198.72947466182228 1.4762843 1.5841529 3.6544805 -23.576607 2.079392 59.82489 1.5885687 0.5334031472358631 
136 Car -1 -1 0 588.4044699270162 171.9733084875845 626.1325411819249 208.31986829599222 1.6557448 1.6684122 3.9676924 -0.05970849 1.6156253 34.882057 1.6071534 16.03261515581622 
136 Car -1 -1 0 301.1486729531415 175.5890784363839 338.4377741811729 194.54768647892612 1.4753004 1.7249606 3.745997 -23.49449 1.7048242 58.626694 1.5075287 11.065735757237286 
137 Car -1 -1 0 589.2776755281924 168.16636404535873 625.5599718547217 204.46247106032973 1.659624 1.6594999 3.824041 -0.08025325 1.4452837 34.911682 1.5801258 15.480433736302437 
137 Car -1 -1 0 296.04828068318847 173.37271110000037 333.78646065166066 192.64725533402182 1.4740784 1.6324625 4.041423 -23.37424 1.5168189 57.3735 1.4902947 4.279483678339949 
138 Car -1 -1 0 590.4753828162145 168.48025402278236 626.3942841576876 204.5052914598537 1.6541874 1.6493819 3.7286582 -0.048842587 1.4533548 34.99694 1.5723114 15.54412383638754 
138 Car -1 -1 0 286.9023074468087 173.31831238225342 325.84205150814034 192.96590097658975 1.466135 1.583607 3.7715316 -23.41819 1.5033144 55.855026 1.5223861 9.24291782312341 
139 Car -1 -1 0 589.1875700025828 172.11087915890616 625.8409152020397 209.01259710154957 1.701611 1.6904986 3.69107 -0.10824722 1.6673441 35.123463 1.5631616 17.12594879633666 
139 Car -1 -1 0 278.222001624714 176.22016885472848 320.5974459804884 197.6307554549746 1.5437529 1.7233847 3.7381592 -23.38204 1.807013 54.526436 1.5290761 16.28754518888051 
140 Car -1 -1 0 588.4361862627024 177.31902030129305 624.3116556883756 213.74341483304715 1.6564597 1.656437 4.0078316 -0.10658794 1.8875874 35.329147 1.591501 20.775950869547984 
140 Car -1 -1 0 270.0153626675666 180.64360187775773 312.8594637769057 202.98000867522785 1.5476086 1.7016681 3.6481228 -23.382244 2.1416461 53.159283 1.5192952 23.599704855942043 
141 Car -1 -1 0 589.143017662024 180.36583634183157 625.4833770738529 216.54858495029282 1.6369834 1.6849561 3.8209767 -0.12962668 2.025154 35.363472 1.5573051 18.775658358062657 
141 Car -1 -1 0 262.17472007553636 182.76555431934838 303.71869365831486 204.60844778981144 1.4556866 1.5694492 3.685921 -23.354301 2.1921992 51.714233 1.4870093 4.140911741048078 
142 Car -1 -1 0 587.6310534237116 177.69584630941475 622.8489909202741 213.1402550134318 1.6236396 1.6396213 3.9220552 -0.19479883 1.8753893 35.552406 1.5740356 19.07664968760294 
142 Car -1 -1 0 251.6467372982349 179.0563591810748 289.8718608076969 202.98605758203666 1.5671067 1.6610496 3.826022 -23.596191 2.0177155 50.36826 1.339809 10.502336987398625 
143 Car -1 -1 0 588.4353175315944 177.3643067481975 623.3296468664773 213.0872181528594 1.6453276 1.630917 3.8517802 -0.18169123 1.8802395 35.650066 1.5656352 17.361249621238578 
143 Car -1 -1 0 244.1575709870778 180.3055854631055 281.5811966907787 203.96585168768738 1.4968805 1.584998 3.7938392 -23.474422 2.0235782 48.96525 1.3176004 3.044950429607886 
