0 Car -1 -1 0 708.7624284146391 171.54028595297294 743.5635615296919 197.79595601476683 1.5621963 1.6389351 3.8726788 7.314686 1.4840308 45.02195 1.8655827 2.3793490804201407 
1 Car -1 -1 0 706.4214303326316 172.90233145804888 734.9866888820952 199.5685178404967 1.5711635 1.6340406 3.9078367 6.823655 1.5742848 44.56051 1.6954381 2.5890017641905354 
2 Car -1 -1 0 703.6408572047081 174.6690878908786 732.3876415131355 200.887446783781 1.5180078 1.6240399 3.9993088 6.594287 1.6343019 44.14701 1.6909899 1.3803815885846964 
4 Car -1 -1 0 699.7016963289703 167.9717527309093 736.52874626184 198.72447206345404 1.7188346 1.7194645 4.269437 6.4579897 1.4459553 42.610126 1.8234408 0.3112918436527252 
5 Car -1 -1 0 701.5719002768354 167.29875097605245 738.655156514816 199.43557632477788 1.7600946 1.7113926 4.187392 6.4448967 1.4558402 41.75872 1.8229687 0.35328447818756104 
11 Car -1 -1 0 684.6474783195415 161.99417663373868 761.0567686677551 196.48352416183258 1.6937311 1.642766 3.7507093 5.7686615 1.1604178 36.61654 0.20304209 11.652810837929007 
12 Car -1 -1 0 688.8595037858447 162.25521420876996 770.2818732768402 196.90650520850318 1.6531317 1.6440377 3.8030915 5.960898 1.1474884 35.756657 0.2914757 1.2423386517480643 
13 Car -1 -1 0 323.7254101869385 176.78418682343198 392.64905821438145 201.74200990840677 1.4979987 1.5793705 3.828366 -15.649766 1.7497214 44.958195 0.2600238 0.2553664743900299 
15 Car -1 -1 0 258.77809860592004 174.0919682625547 315.50306251755444 197.5745651566392 1.6664226 1.6129198 3.9571843 -23.86828 1.76197 53.55851 1.8823949 2.4214526841428308 
16 Car -1 -1 0 694.834252431723 169.960966253804 781.9061913990473 208.30017906836324 1.6904079 1.6246849 3.8070319 5.92498 1.5628514 33.09004 0.2614983 2.8872496255230704 
17 Car -1 -1 0 692.0597738972423 170.2912746660508 778.9087921842803 210.33069292724863 1.7332454 1.6339718 3.7260928 5.691132 1.6223087 32.502365 0.25975937 17.47926677894196 
18 Car -1 -1 0 691.8999069748766 168.25316702047738 784.6846775385368 206.73848131515723 1.6239219 1.6357309 3.8671756 5.684688 1.4297855 31.775997 0.28595895 4.4960003207259565 
20 Car -1 -1 0 234.66321173459158 168.33876022179595 294.634419979899 192.61260104018254 1.6092113 1.6155325 3.8356645 -23.784744 1.3098775 49.898266 1.8438184 1.4722910968680105 
21 Car -1 -1 0 552.618280849134 165.31335077805898 585.6980738546561 183.3658049559493 1.5328256 1.657845 3.8930311 -3.5111315 0.8925522 63.369274 1.8676021 0.2990928590297699 
22 Car -1 -1 0 718.9834982343955 159.7005502206145 812.9614215071637 203.38704741918767 1.6758317 1.6119319 3.5703719 6.22341 1.1712599 28.837215 0.20894703 12.438503707161505 
23 Car -1 -1 0 718.04725625018 165.5604803198156 819.9541563991982 211.32986919597903 1.6976709 1.6161594 3.7516413 6.222742 1.4271407 28.091927 0.3015672 0.391483336687088 
24 Car -1 -1 0 723.4933832093003 168.27251863072962 832.3503826435784 215.56009485171498 1.7030969 1.649616 3.90123 6.374445 1.5380913 27.314955 0.2778721 11.534178179192706 
25 Car -1 -1 0 179.98003740531294 182.60817317484086 252.69082812010365 208.40256479169676 1.4594388 1.5953804 4.1029806 -24.247963 2.0926905 44.659443 1.8153888 0.5555215437156588 
26 Car -1 -1 0 165.08355210933533 181.74730427029024 237.70886904077324 208.31062909383436 1.4740494 1.5629885 3.7398186 -24.47844 2.0339766 43.409786 1.8776793 9.540010662056758 
26 Car -1 -1 0 721.1483119920911 167.70790297046224 835.0433610978231 217.47904363313665 1.7004172 1.6485558 3.876521 6.0955567 1.524602 26.033556 0.31386372 11.514074223572582 
29 Car -1 -1 0 144.7549451156378 177.45475422900972 220.61023483113817 205.37954810824107 1.4971293 1.602285 3.7443209 -24.375946 1.7735565 41.34814 1.7967379 0.2669440805912018 
30 Car -1 -1 0 730.3955267287123 166.19677644337165 853.0346395950606 222.75888573197395 1.7131152 1.6225507 3.699692 5.854863 1.5114856 23.184488 0.30612448 21.278626872736595 
30 Car -1 -1 0 141.32446622567505 177.82026991502605 219.56423432839998 206.2838885891001 1.5099653 1.5971047 3.9116187 -24.337559 1.8070381 41.081726 1.7808129 2.2108929757013107 
31 Car -1 -1 0 132.63879255005367 178.55630175785944 214.10444100756354 207.83933292970642 1.5197629 1.6007026 3.9865577 -24.316229 1.8556986 40.38971 1.7847537 8.934708848654704 
32 Car -1 -1 0 124.82388776698097 179.0475741741791 209.11530118726697 209.12719281199298 1.5283177 1.6010656 4.035606 -24.23786 1.8873621 39.685436 1.7867562 1.867493234249322 
32 Car -1 -1 0 746.2428839576168 162.31147826811122 876.9099357968174 222.55224451736566 1.705699 1.6151567 3.6417294 6.002218 1.4071906 21.658918 0.24734089 8.862732005587949 
32 Car -1 -1 0 403.68419804214557 178.07679414015885 464.596894432947 210.05021846719293 1.4549652 1.5642304 3.6000667 -8.530706 1.7248408 35.37125 1.7543077 2.9681568361848885 
33 Car -1 -1 0 116.31239439771554 176.01745736015172 201.3361747480041 205.9464344136656 1.5050747 1.5792577 3.8209586 -24.121717 1.6840382 38.768616 1.8347974 8.617100511469648 
33 Car -1 -1 0 750.6033235678206 159.14260451532286 881.0147399350609 223.33448042551478 1.7590858 1.6017699 3.5075464 5.883111 1.3833447 20.911486 0.20349461 4.427630284106115 
35 Car -1 -1 0 385.53983567623027 173.19186485652386 458.72271113399677 206.98266235900348 1.4555143 1.5900352 3.7216775 -8.525209 1.4719657 33.12673 1.8460988 0.26065489649772644 
36 Car -1 -1 0 377.04787358746705 173.6235159916561 456.5917891438459 208.68310021794275 1.4683057 1.5774529 3.7613215 -8.55732 1.504973 32.344494 1.9185047 6.260071630625659 
39 Car -1 -1 0 364.01895685960335 176.4939268821013 447.74366472000827 213.9674697753533 1.4452204 1.5891597 3.7612593 -8.449302 1.608085 30.253115 1.8703781 0.32336047291755676 
40 Car -1 -1 0 348.87697326508084 177.1877514070983 435.40261614243303 215.8121077036551 1.4417666 1.5865923 3.8064356 -8.7738905 1.6308808 29.439468 1.8440374 0.8043092917635126 
41 Car -1 -1 0 342.57002973366315 176.97186767515717 432.48547520154267 216.8052466953952 1.4505913 1.5998931 3.834573 -8.750162 1.6265264 28.764948 1.8464429 0.5310717166080329 
43 Car -1 -1 0 0.0 179.05485274199887 111.95863909844815 214.7681716830648 1.4210148 1.5678933 3.9035547 -24.212055 1.7100791 31.537128 1.8864651 0.8390028361689487 
44 Car -1 -1 0 0.0 178.6397539246383 95.84158226669273 215.04693863722883 1.4091448 1.5695485 3.9313216 -24.370384 1.6723125 30.708788 1.8765261 4.762266772067059 
46 Car -1 -1 0 0.0 179.60637547841313 108.18099553142076 216.3761803103944 1.4358039 1.5675942 3.8710089 -23.974127 1.7454438 31.012114 1.8433919 8.199222841095954 
47 Car -1 -1 0 385.4016619629982 172.84633182885133 422.76618217971895 207.2362235367806 1.5538974 1.6359037 4.0598764 -9.937939 1.5535507 34.7827 1.2749372 1.131087722649059 
47 Car -1 -1 0 754.2676442996412 163.65452032129855 791.1249106366029 200.60305172111103 1.875417 1.714162 4.227024 8.838981 1.4084737 38.890533 1.8466375 3.6237310733864923 
47 Car -1 -1 0 0.0 178.22323822388037 93.64775116497891 215.68869113027867 1.4412028 1.5610471 3.6057236 -23.985899 1.6809677 30.267956 1.868697 3.2631847444851703 
47 Car -1 -1 0 529.8693409490112 170.0209394542656 579.8748975161272 187.29583822103822 1.5252218 1.6924587 4.275597 -4.8784127 1.2750871 64.68817 0.06472434 0.35579830408096313 
48 Car -1 -1 0 755.0606901357369 162.32558723245046 797.6832398987045 201.10631348281768 1.9418263 1.7324011 4.4253225 8.954782 1.414648 38.503593 1.9099662 2.3819557821133026 
48 Car -1 -1 0 559.1723932759778 169.85782628456877 590.5826265312533 188.05431322490367 1.5740235 1.6594393 3.8257952 -3.064396 1.3148496 64.48182 1.8508817 0.29786232113838196 
49 Car -1 -1 0 750.1859379569372 166.6156232442423 795.9418290344254 202.46990831342364 1.7680975 1.6941502 4.165133 8.478557 1.4604616 37.71382 1.634583 0.5507853014706788 
50 Car -1 -1 0 754.9053499652217 163.99233331004154 796.2828203322681 202.29212684782632 1.850033 1.7183998 4.2928953 8.472661 1.421979 37.099583 1.712774 10.994156726482231 
51 Car -1 -1 0 743.7887350690335 164.61345759416307 799.2287630407993 205.03887186921745 1.9176593 1.7311392 4.395938 8.095903 1.5267527 36.44297 1.5501075 0.25077325105667114 
53 Car -1 -1 0 745.6217391658648 167.8486000156311 809.376788166561 206.85784808839264 1.7656499 1.7001896 4.0796742 8.011539 1.5390936 34.785774 1.4502076 4.514006476697237 
53 Car -1 -1 0 549.810520966398 171.47704582048934 586.1422741929623 190.51242082023808 1.5542554 1.6636312 3.5612202 -3.4752436 1.4418255 60.87801 1.9686056 2.196603202005592 
56 Car -1 -1 0 539.487224933624 170.61416961212043 567.2663250060585 190.24313117936086 1.5450944 1.7148565 4.1540856 -4.630198 1.3687857 59.007782 1.3563932 3.189284714491143 
57 Car -1 -1 0 540.1054388143912 171.86661368184556 573.5102334629444 192.35988305219252 1.5955414 1.7016194 3.662194 -4.21418 1.5186663 58.149025 1.7901881 2.562897453133453 
58 Car -1 -1 0 313.00866551785913 156.5347772389058 365.2178209995412 174.36341353000174 1.5169699 1.6470082 4.1126385 -23.462107 0.12842984 62.724342 -0.2639563 0.5208613980370596 
59 Car -1 -1 0 96.31234598139864 183.51651832466482 189.87285812811436 217.79790968903743 1.4477496 1.5508715 3.6343446 -21.626762 1.9731311 33.614918 1.7782087 3.797422236711406 
60 Car -1 -1 0 524.3684873575539 172.948609759234 575.0310968775958 191.08491295386247 1.4996943 1.6300176 3.9502327 -5.06065 1.5078835 61.067898 0.31652778 0.269687294960022 
60 Car -1 -1 0 716.8426597657074 174.93352247360133 782.1524503044643 202.11675173990386 1.5311368 1.5876917 3.5133524 8.198099 1.6569425 42.253414 0.38677946 0.2503858506679535 
61 Car -1 -1 0 527.5859356626672 171.75485581148823 562.5807908379165 192.9270651944553 1.5592121 1.6544257 3.8508883 -4.889449 1.4782661 55.186142 1.7652915 0.6252572772792644 
62 Car -1 -1 0 522.1871901380337 172.98799036392845 559.2839244435881 193.6044702642869 1.496791 1.6165326 3.7027578 -5.148628 1.5072644 54.405746 1.8244529 1.2462646880091373 
63 Car -1 -1 0 518.034921854322 172.1013602414746 556.4454270364897 193.9157649700467 1.5639081 1.6848321 3.7836432 -5.3452945 1.5099499 53.765747 1.8101455 7.546196264168159 
64 Car -1 -1 0 764.670577237456 156.71725016905015 840.5518883823113 217.65011740639116 2.1096292 1.8309045 4.3998723 7.16374 1.5509394 27.213404 1.6076704 0.7743596733829615 
66 Car -1 -1 0 504.639630672622 166.64170030686176 544.4418217377068 189.91308930220845 1.5851734 1.6568136 3.8309696 -6.0747004 1.1620109 51.23427 1.1241537 0.8529176577290063 
66 Car -1 -1 0 781.2174227557396 153.96910416861058 843.4648974765141 217.80381204696297 2.0942075 1.8155366 4.422225 7.21047 1.4746559 26.016176 1.7653356 0.5200972895742276 
67 Car -1 -1 0 768.164039937758 158.33686371660147 850.2747456568517 217.47280571372752 1.9188411 1.7294363 4.241931 6.944976 1.4477894 25.533976 1.5701277 1.2990533123491856 
68 Car -1 -1 0 497.9809481077425 170.0404961251639 541.7900276509042 193.33587466041564 1.5550175 1.6918255 4.0690985 -6.2027545 1.3672097 50.34203 1.8122765 2.1174202286257064 
68 Car -1 -1 0 761.8798838754107 153.66591070553073 856.0567076848456 220.6070155105833 2.0956094 1.7769581 4.4416256 6.729377 1.494921 24.859785 1.5084556 0.36720213294029236 
69 Car -1 -1 0 778.372233576101 154.12099540448614 860.4160430487724 219.99627862600255 1.9765117 1.7546524 4.291196 6.811747 1.4144495 23.853941 1.6454209 1.5985286649544799 
70 Car -1 -1 0 771.9640830341087 155.4897053672252 869.4847088573563 226.13657706017995 2.0683794 1.8129208 4.4732265 6.6888685 1.5599923 23.36993 1.5614922 6.688583691746627 
70 Car -1 -1 0 788.6227985605135 172.84211737905986 815.2747058067604 192.1713232692476 1.4651295 1.6011438 3.8259456 15.081623 1.4642285 56.701355 1.7179946 3.9168037559590525 
70 Car -1 -1 0 489.1671338570701 174.5856289636923 538.9466519222912 198.71958224837994 1.5536754 1.634994 4.1818023 -6.4291124 1.6766948 49.016262 1.9094851 0.29985347390174866 
71 Car -1 -1 0 785.9688994002848 173.32315054052313 814.811453051997 192.05831733327523 1.3965585 1.5750979 3.8947597 14.745014 1.4342195 55.903877 1.673545 1.1913315141807064 
73 Car -1 -1 0 405.84468056967063 173.74363528354587 452.98678372717296 201.2359802863182 1.5010693 1.6043539 3.702581 -10.279847 1.5544603 41.410492 1.6255177 1.1770193117869412 
73 Car -1 -1 0 772.4301716444666 153.34404899199185 885.1207983645762 230.17109552461068 2.0415263 1.7978957 4.452713 6.344912 1.523088 21.443413 1.5189137 0.25520065426826477 
76 Car -1 -1 0 357.469547656356 171.73144775521956 432.65439587900056 196.99043813278237 1.5106709 1.6404854 4.091432 -13.083787 1.4435339 44.1278 0.07671272 3.915016775593765 
77 Car -1 -1 0 456.3582029357958 174.46453573409795 519.3247055775929 198.05151180435192 1.5516603 1.6346838 3.8971941 -8.257079 1.6640544 49.00229 0.29687896 6.642338777890713 
77 Car -1 -1 0 340.952628634269 174.85888461292487 391.8710692184654 196.66292266772015 1.5067137 1.6299195 4.05925 -17.600151 1.6583604 52.416695 1.7934918 3.242791654013175 
78 Car -1 -1 0 451.3487272588021 175.6772879747703 517.2304654720466 198.98795467812252 1.5048046 1.6506095 4.0114183 -8.353034 1.6984519 48.191364 0.25148562 3.2994051065857457 
78 Car -1 -1 0 665.9094990841629 272.1172708888018 751.3721882711627 328.3434893267119 1.4997104 1.6180338 3.775619 3.837386 5.710054 28.550892 1.1583596 0.8766390229690911 
79 Car -1 -1 0 445.6971806709313 176.18857535970932 513.7517014698425 201.4941853713355 1.6067224 1.6647483 4.097095 -8.54121 1.8326634 47.529995 0.27612948 5.641692703637945 
79 Car -1 -1 0 742.8524288970857 173.26974975113203 782.842878484339 203.32129617060136 1.6255146 1.6517136 4.033781 8.684788 1.6504133 41.148975 1.6314979 1.1492593386594876 
80 Car -1 -1 0 444.27704642906815 177.31167615515733 508.54337707374276 202.6098993932197 1.5802497 1.6284336 3.759314 -8.614677 1.8768746 46.762238 0.24801743 13.914098176267041 
80 Car -1 -1 0 589.7975323628177 159.14748267390414 618.8712087260479 175.60836358267701 1.4586751 1.630053 3.8128443 -0.445671 0.24407661 65.99747 1.8557392 0.5027473994697824 
81 Car -1 -1 0 433.9769213121305 175.5290604030056 504.2360786195484 201.99990136873873 1.6356277 1.6796191 4.0829535 -8.967223 1.8115497 46.148956 0.24062403 12.08067411624026 
81 Car -1 -1 0 651.9499399484181 285.53268454571287 756.5137193298526 341.89421712960024 1.5129251 1.587062 3.4786263 3.3667166 5.684846 25.49015 0.26728898 1.4576481952561866 
81 Car -1 -1 0 320.1751144493944 177.89547347353243 370.141088846052 201.15740624669192 1.5087035 1.6387622 3.9759228 -18.167969 1.8707988 49.757744 1.680182 1.1789864116668338 
81 Car -1 -1 0 1004.5517960392757 139.71547377509054 1126.0886525998633 177.71420304621583 1.5041722 1.600993 3.928547 18.699915 0.19239002 29.765202 0.21622133 1.1590657006973026 
82 Car -1 -1 0 432.8440939829778 176.0125755210544 503.7376739953454 200.3448205526131 1.476988 1.6281027 4.085082 -8.888781 1.6817883 45.46262 0.2655503 18.597242032495558 
82 Car -1 -1 0 785.9008570603742 172.04791166271667 819.187171623981 196.2884945551188 1.5830102 1.6564665 4.152398 13.131712 1.530369 49.283966 1.698139 5.6898711339346955 
82 Car -1 -1 0 653.3349533336539 285.7178195575669 761.0169544139416 340.87405355535475 1.5435879 1.6091025 3.6020873 3.3557954 5.62755 25.137722 0.09456859 0.7349929304480504 
82 Car -1 -1 0 998.2219810284535 138.96597585657287 1111.3505922052377 177.1363976489646 1.5144292 1.5532058 3.669476 18.290747 0.16990596 29.789787 0.2225712 0.9119094139613688 
82 Car -1 -1 0 737.2561753510715 168.74417385454365 770.9766343388161 200.74213475945322 1.6608226 1.6333988 4.0502768 7.9776115 1.447506 39.61287 1.8138407 0.569487600209668 
83 Car -1 -1 0 429.0067378923639 174.96329603898536 498.9894936331699 200.1910625051468 1.5106369 1.6296363 3.9514992 -9.0198765 1.6454089 44.76567 0.2844592 17.43990403758145 
83 Car -1 -1 0 733.1333872156295 167.42552914351177 769.6711720305229 197.80381210831507 1.6798508 1.7201042 3.7158122 8.280874 1.3796684 41.926926 1.8651273 0.2975558638572693 
83 Car -1 -1 0 655.3863290689385 282.78823193193506 763.7946080318117 341.26616599282005 1.5052032 1.5825891 3.4521594 3.401151 5.402904 24.364986 0.26587194 0.7535019641490983 
84 Car -1 -1 0 421.8269339504249 176.8684656564896 495.2888250766479 202.06163727198071 1.4768617 1.6333536 4.107881 -9.21591 1.7297113 44.088078 0.28300837 26.27611306665487 
84 Car -1 -1 0 644.745752660932 286.9611859234594 759.39416188937 346.96028455785444 1.4984827 1.5990753 3.595173 3.0682697 5.4330373 23.697647 0.22589901 0.3119456171989441 
85 Car -1 -1 0 420.7198053717932 176.643693005163 489.91885273906246 202.57493134592139 1.4991055 1.6052936 3.743985 -9.250387 1.7333429 43.339077 0.26101607 33.50224360227249 
85 Car -1 -1 0 295.53430913547044 176.9969219351297 383.5343858326199 208.11127570236215 1.5718625 1.6286935 4.048824 -14.142802 1.7957438 37.87067 0.15701766 16.57898498489776 
85 Car -1 -1 0 724.734204540284 174.29337076862282 764.0285535951973 204.92600403786483 1.5017569 1.6692706 4.0956163 7.1062765 1.5814984 37.77656 1.8433977 1.4480285847780188 
86 Car -1 -1 0 415.1939359242149 176.26500353496894 486.9749531621661 202.76580339186796 1.5083997 1.6169295 3.8271675 -9.353528 1.7160136 42.65554 0.25290406 37.07947592943086 
86 Car -1 -1 0 286.093092763321 181.76635530028705 373.64353676614667 213.409233636716 1.5549095 1.5977099 3.9209573 -14.361099 2.0267293 37.128365 0.14286147 11.656532625202626 
86 Car -1 -1 0 372.56233882289007 175.36052675264153 454.4830987617849 206.7393545517276 1.5323117 1.6311717 3.7333236 -9.97698 1.6646497 36.77079 0.29597118 1.2257775077264401 
87 Car -1 -1 0 408.5089329561047 176.05117626325705 481.9421805136144 203.49817749645646 1.5369899 1.6269811 3.8423972 -9.538301 1.7284412 41.95202 0.24470508 34.94326932192844 
87 Car -1 -1 0 279.93131757443115 178.1187361833756 369.8798922915896 209.8536943005958 1.5416756 1.6106132 3.938916 -14.346168 1.8153057 36.45097 0.12812977 13.188643690888073 
87 Car -1 -1 0 792.2499108091855 168.95322157269655 824.3675337557031 194.6161405114026 1.5612084 1.6524994 3.884872 12.612852 1.3239036 45.956112 1.7557002 7.2251088320400445 
88 Car -1 -1 0 400.61684008254093 175.22754205242836 478.8724029364666 202.72981097720833 1.5179434 1.6503928 4.058454 -9.711838 1.6581683 41.33707 0.24358569 35.05710484010881 
88 Car -1 -1 0 271.9018923489891 175.1702096964558 363.8152718539342 207.89529123300514 1.5705703 1.617237 3.9462595 -14.451813 1.6889887 35.833714 0.12894358 6.451756239248687 
88 Car -1 -1 0 357.3174702412524 174.74593036387301 446.4459133645644 206.9771823367261 1.5100017 1.6473228 4.0107617 -10.196523 1.6067822 35.442726 0.3536306 4.1121309278351506 
89 Car -1 -1 0 400.3814881286157 175.1796438968945 474.7533828230697 202.4515311909963 1.4777622 1.5940726 3.7590764 -9.652838 1.6125144 40.558846 0.25691846 41.92818500287284 
89 Car -1 -1 0 257.38421592178776 174.25884439591846 348.7168125785868 207.9522631656002 1.5859432 1.6100618 3.7794714 -14.853216 1.6561537 35.05365 0.109667815 9.81883614175554 
89 Car -1 -1 0 351.30405707296336 173.6244058570971 441.9610881114417 206.71610234834685 1.5329242 1.6367875 3.8446434 -10.185451 1.5711001 34.615875 0.17391305 4.00224814789959 
90 Car -1 -1 0 392.8974582157981 174.69320803054515 471.29836369683755 202.56670661218695 1.4858912 1.61831 3.8946984 -9.783682 1.5906184 39.85588 0.22871676 38.4752109874077 
90 Car -1 -1 0 244.92229080567657 175.55099564819523 337.2525103536968 209.84051612896852 1.576386 1.6031709 3.7620604 -15.164118 1.7091335 34.428257 0.15724263 2.479562627178711 
90 Car -1 -1 0 342.1284718214298 174.10082182432825 437.6796519195615 207.4976624191764 1.5127491 1.6430932 4.0060277 -10.317394 1.573549 33.979046 0.2016596 4.021769841458669 
91 Car -1 -1 0 385.97977719285046 177.80197792895723 464.2228441097053 207.45585757842485 1.54192 1.6106278 3.7947423 -9.983915 1.8185475 39.130287 0.2253354 44.594173182901514 
91 Car -1 -1 0 238.43409901261577 174.49149057861146 340.17484786176004 208.60620088400492 1.5246067 1.6466899 4.1007633 -14.848726 1.603344 33.526337 0.1752556 6.204008040517267 
92 Car -1 -1 0 380.61687223596624 178.7434177658148 462.2728012645067 208.07103909482203 1.4951485 1.6176906 3.928347 -10.03485 1.820172 38.556145 0.24662393 42.450870608944314 
92 Car -1 -1 0 307.91738007126685 177.6830978571278 411.44634925005744 212.62606586606785 1.5280231 1.6523223 4.1805525 -11.385027 1.7562581 32.981697 0.14523193 1.4989695206705664 
93 Car -1 -1 0 374.1915848200005 180.0092849303812 457.09484266849614 209.55718601018484 1.4756215 1.6024773 3.8846962 -10.128914 1.8618352 37.77353 0.20061466 51.51132367357963 
94 Car -1 -1 0 364.04255147265997 180.18839042624205 450.79090681744793 210.71500279701337 1.4984026 1.636164 3.9993172 -10.394987 1.8886333 37.19129 0.19973935 43.1975125120126 
94 Car -1 -1 0 712.9647405648401 176.6517888034859 742.7712278933964 197.29189932520654 1.6146662 1.644921 3.8779674 9.658907 1.9363757 59.146748 1.5250697 0.8802494542391445 
95 Car -1 -1 0 360.45272925819546 181.09969751823638 447.71775266337664 211.75443803963967 1.4711847 1.6188371 3.9518623 -10.373164 1.9022679 36.50286 0.21878426 46.407771687504685 
96 Car -1 -1 0 355.07431593414714 180.94861595674826 443.97460841383474 212.2053468703387 1.4742047 1.6241829 3.9392233 -10.410627 1.8897815 35.84716 0.2052838 38.07815869602311 
96 Car -1 -1 0 182.2085280093018 179.6146214901837 290.4409913603902 219.00953942888236 1.571156 1.6096551 3.8968585 -15.673175 1.8666254 30.357462 0.20063154 3.7134726456272595 
96 Car -1 -1 0 288.4910086102859 177.49562522408084 400.3587747098562 216.00868255107542 1.5183206 1.653681 4.0662394 -10.944823 1.718025 29.884495 0.170304 6.531846329996609 
97 Car -1 -1 0 349.0721630508044 180.81348054728198 438.9546990486646 212.61401867628334 1.4706757 1.6236035 3.8998575 -10.485683 1.8720682 35.179905 0.21370776 40.87386242400328 
97 Car -1 -1 0 180.3918870399378 178.86119985037394 288.02674427340486 218.6573244928478 1.5597882 1.5841 3.6276436 -15.313276 1.8135715 29.525791 0.09277445 0.7596203236156357 
97 Car -1 -1 0 335.1741500490264 178.58357646174346 415.29353155150477 217.96069873060316 1.4958303 1.6036844 3.9962132 -9.672819 1.7514641 30.10469 1.7057877 0.8003142391540308 
98 Car -1 -1 0 343.15448933192044 180.45065335103553 433.45078883097557 213.37323455477656 1.492337 1.6138535 3.8402305 -10.559439 1.868569 34.50453 0.23413509 36.982194918158484 
98 Car -1 -1 0 797.0877962885747 171.88579031775754 839.9462602439922 202.32163890352345 1.566104 1.6392121 3.8792963 11.278488 1.5162838 39.152687 1.6933811 7.730484966103401 
98 Car -1 -1 0 157.6445772491761 181.62969430939611 271.738218897728 222.8178071439225 1.5605137 1.5975982 3.7982678 -15.741989 1.9241239 28.84136 0.13925992 0.7561342119072914 
99 Car -1 -1 0 336.14941432489843 181.82868652080464 430.56135303423207 214.6368486125348 1.4560641 1.6047151 3.9381342 -10.581881 1.8915313 33.83733 0.19739318 25.633588097572876 
99 Car -1 -1 0 798.9489358955132 171.35904739124564 843.1440965995272 201.96687621158446 1.548701 1.6369288 3.6688542 11.202698 1.4730589 38.420372 1.6786349 2.044864741038264 
99 Car -1 -1 0 126.75236815575416 185.88965134056699 229.17985431203707 218.12737988052643 1.5360844 1.6410736 4.108665 -21.401188 2.1991966 35.876686 -0.0033024147 2.7139370121686537 
100 Car -1 -1 0 333.6469588473596 180.99783276635864 422.8006096716632 214.27088642472947 1.4504133 1.5691452 3.580374 -10.585787 1.8365053 33.100937 0.18875922 28.403035891767335 
100 Car -1 -1 0 115.99148250185021 184.531181891142 221.74843637732192 217.22022924370557 1.5239432 1.6485693 4.1696844 -21.408531 2.1069326 35.144337 0.026300635 6.68371331073581 
100 Car -1 -1 0 140.86237172354686 181.23687744090375 249.6891093929788 223.9486423064515 1.5312614 1.6434848 3.8350718 -16.353455 1.8884964 28.708403 1.7644285 4.086224210745469 
101 Car -1 -1 0 321.7520766566334 178.57545625275264 411.864611963758 213.65222868955283 1.5081195 1.5812869 3.526638 -10.906949 1.7746683 32.500328 0.19314227 34.87964050268847 
101 Car -1 -1 0 238.55776558634597 176.91692189836857 369.7030848242335 220.25020085852148 1.5074406 1.6474051 4.1082463 -11.070937 1.6611269 26.290764 0.08875719 10.126324851584782 
101 Car -1 -1 0 128.01022431771415 177.84822037720377 257.33101460997057 222.21054505054065 1.57343 1.6325562 3.9092517 -15.399968 1.7652376 26.758575 0.070937976 1.3434997908329636 
102 Car -1 -1 0 309.77163244689893 178.20718202383316 404.6774769019212 212.23792527760662 1.4323683 1.5705873 3.6815374 -11.128151 1.677561 31.89135 0.21344376 30.514108462170388 
102 Car -1 -1 0 89.35048263802634 177.34717821413636 186.7154008477218 211.42610524614156 1.5414933 1.582361 3.579773 -22.026947 1.7574353 33.77603 0.06229932 5.507101809538727 
102 Car -1 -1 0 109.16271209876724 173.76616467525804 247.2998814790175 217.45467523670905 1.515636 1.6330637 4.0545816 -15.475933 1.5496819 26.000683 0.05682057 2.23943626789259 
103 Car -1 -1 0 302.73760660107376 176.25931267341653 403.2145515184659 211.71999024230303 1.4674953 1.6092167 3.8021643 -11.070758 1.6202115 31.218637 0.18454877 17.122574738084097 
103 Car -1 -1 0 19.352932369200143 178.4575373527324 133.61228715991427 213.37760082897472 1.5532523 1.6666205 4.095011 -24.53814 1.8188756 33.294334 0.037048724 1.9532560884540537 
104 Car -1 -1 0 282.6223130690359 178.34889410917242 390.190826758588 213.6206094945019 1.4250952 1.6174366 4.0301523 -11.589128 1.6677988 30.694164 0.19036846 20.173409504769555 
104 Car -1 -1 0 207.81289226714102 176.13484455148964 341.14735320480935 221.55047893591632 1.4717067 1.5981299 3.8510354 -11.350615 1.5880085 24.553608 0.12010589 3.2078711267332602 
104 Car -1 -1 0 50.904423248438206 178.47828727842332 167.2553784988548 214.030361069052 1.546339 1.6641504 4.160556 -22.550663 1.8076174 32.597202 0.043684527 0.9078533856263203 
105 Car -1 -1 0 277.72082843227565 178.97311151546398 382.35743769572485 216.94321879533265 1.4946866 1.6072788 3.8067389 -11.593219 1.7592623 29.994308 0.22216104 21.20872415855859 
105 Car -1 -1 0 193.30519622800307 177.97587931495883 332.4785055288266 225.88640972718733 1.4979846 1.6113579 3.828841 -11.327387 1.6730027 23.708828 0.074870475 2.0489697617131433 
106 Car -1 -1 0 270.77376393412834 181.11277945141927 385.7250817431409 218.513587131943 1.4309875 1.6312785 4.116795 -11.399796 1.7802578 29.323513 0.19064108 17.53033185662873 
106 Car -1 -1 0 176.74197549859832 180.03587623056052 318.65068681434985 229.33403545874876 1.4984863 1.6081994 3.7926161 -11.559182 1.7387238 23.174091 0.084749036 9.247009163792931 
107 Car -1 -1 0 262.1017568557551 180.5463527161107 381.3187323845294 219.15328654480479 1.4455307 1.6368105 4.162198 -11.396489 1.7635645 28.65757 0.17792377 14.174640573059069 
107 Car -1 -1 0 181.6768954534574 179.44397344876452 323.1847934611898 229.34190414010837 1.4756694 1.5834262 3.6694174 -11.088354 1.69003 22.528845 0.08326472 7.191685668701327 
108 Car -1 -1 0 246.32090774527182 181.43399745282062 357.27142416274273 221.3808052087912 1.4558656 1.5775834 3.750319 -11.915331 1.802942 27.997597 0.22660685 9.541670125902561 
109 Car -1 -1 0 152.0503133197285 177.52326179668916 303.0022155453143 232.00353547186825 1.514383 1.5797892 3.6652312 -11.167134 1.6579787 21.207336 0.107765645 3.271089136685118 
109 Car -1 -1 0 221.6817050268558 180.9750270805261 346.2257741265454 221.8907781967252 1.4644623 1.6310015 4.135247 -12.364759 1.7870877 27.48013 0.18639067 0.651482719258999 
110 Car -1 -1 0 129.6021763620947 178.9545930723325 279.3919043662696 234.72081276211279 1.4779886 1.5626056 3.535209 -11.447594 1.6604168 20.47073 0.19290982 15.272519895030824 
111 Car -1 -1 0 96.30258607989957 177.79332254420927 269.9724202136796 235.80769054585338 1.4990715 1.6077063 3.9078834 -11.630198 1.6414157 19.803318 0.09757726 0.5417512889541944 
112 Car -1 -1 0 45.18812165902018 180.36181694412065 232.5110773631548 241.68524898650395 1.5379663 1.6229451 4.011042 -12.473511 1.7480469 19.25702 0.061274014 7.810557965811498 
112 Car -1 -1 0 809.7511951469249 168.59298088291604 870.5248030501418 206.9600258677908 1.5368961 1.6134851 3.859558 9.78646 1.3662093 30.885498 1.6420941 0.28824183344841003 
114 Car -1 -1 0 817.9949012056796 170.9587816092243 878.9276326826391 210.2562170521165 1.5137925 1.6143608 3.8260527 9.777117 1.4407859 29.782616 1.6772587 1.2873565655306725 
116 Car -1 -1 0 3.969044481760464 186.88030354868226 173.0099418321756 259.9139085574537 1.505763 1.5341454 3.43441 -12.054096 1.8563354 16.709528 0.36127773 17.281149186101466 
116 Car -1 -1 0 820.0021029419456 171.621027531104 884.923733872054 210.50630151191558 1.4330016 1.5945797 3.9521918 9.547844 1.387564 28.634825 1.6689043 2.3952154489402475 
117 Car -1 -1 0 819.3072859790004 170.29266272820425 886.6656766508897 209.72473282085238 1.422298 1.5914505 3.9129505 9.3664665 1.3299115 28.041937 1.6548595 2.615857929716955 
118 Car -1 -1 0 820.8324633458011 166.7514164230043 889.8957194888567 207.48558299988133 1.4488426 1.6005969 3.8083808 9.316475 1.2317843 27.622889 1.6461898 0.8908285033588437 
118 Car -1 -1 0 930.4218137864406 168.0400797840916 1049.2993201973031 212.40884554056225 1.422854 1.6232076 4.17974 13.1740055 1.2684771 25.305437 1.4603827 0.5537010434661095 
121 Car -1 -1 0 905.52344991994 171.27567850366188 1011.0468785307471 214.0380878417501 1.4240837 1.6094935 3.933175 12.461254 1.371522 26.066856 1.4692438 2.1447222956183416 
123 Car -1 -1 0 954.8171570252591 167.73343991231076 1111.2323813891107 227.2624869896699 1.6383042 1.6634551 4.1449733 12.763147 1.4973807 22.075817 1.304502 0.8424841447473354 
127 Car -1 -1 0 936.650519079243 166.47193920066366 1046.8519815479383 216.69114327144723 1.4552561 1.567516 3.6238096 11.898605 1.2703161 22.725172 1.5765631 0.2920767366886139 
128 Car -1 -1 0 923.440078446049 168.411960608602 1050.1806751732443 220.44766453974353 1.4691647 1.5834101 3.7344108 11.525491 1.343749 22.334694 1.423942 0.26566872000694275 
135 Car -1 -1 0 1018.4551193244204 175.97937370290882 1221.5006969895396 244.8205909607462 1.5517999 1.622328 3.6700811 12.191343 1.6320926 17.450066 0.15615922 0.5164747100708067 
137 Car -1 -1 0 1020.2995453447733 168.1419659059424 1234.2115761926973 241.84444128459913 1.5616055 1.6221994 3.737999 11.781748 1.461767 16.715775 0.3670986 3.0276255734185593 
138 Car -1 -1 0 1048.7334128592415 172.7493285639701 1242.0 256.1214247948314 1.4985664 1.627518 3.822229 11.282315 1.4966849 14.979713 1.4222974 2.0420332575794036 
139 Car -1 -1 0 1063.951734089692 170.9285796790073 1242.0 267.13792453065446 1.6272988 1.6531079 4.0699844 11.539265 1.5947319 14.395184 1.2554966 2.5416069110762893 
140 Car -1 -1 0 609.9760268534355 172.20943383888854 650.5351388503875 195.2344111930453 1.5646122 1.6559849 4.2171574 1.4208266 1.5208118 51.287148 1.2842658 0.6062336830809543 
141 Car -1 -1 0 1084.238778051875 177.29691230641535 1242.0 254.75345426470182 1.4664972 1.6188174 3.9202664 12.210165 1.5666776 15.036002 -0.22915585 1.0047021790746995 
152 Car -1 -1 0 985.2543107284413 170.71021612369785 1161.225856320856 244.58484920374346 1.5922729 1.6166551 3.6824784 11.017682 1.5460663 17.474056 1.4551084 0.5492676366164532 
153 Car -1 -1 0 1016.845149896615 171.1719688661982 1189.2156459717746 245.8702503104933 1.5700743 1.5903537 3.3764758 11.363977 1.5347198 16.90144 1.506963 2.8641378178012107 
154 Car -1 -1 0 1068.295469643636 175.94855944893197 1242.0 259.31995727765366 1.6735027 1.6606374 3.9893034 12.421255 1.7464621 15.792645 -0.20492056 4.229625695009337 
155 Car -1 -1 0 1066.872573330419 177.6188563279635 1242.0 261.7574292755558 1.634922 1.6696329 4.0856504 12.1874275 1.7453257 15.441675 -0.22894944 9.60264911582448 
156 Car -1 -1 0 615.2773341310705 169.5818897135021 654.6305450699873 195.94400288658696 1.5133083 1.5752791 3.5508928 1.4813585 1.3254737 43.3164 1.3702428 2.0505571349995075 
157 Car -1 -1 0 624.9620376682734 170.59961319011526 668.7080987866512 197.09243924970252 1.5126598 1.6096191 3.7097678 2.182598 1.3839409 43.191395 1.3285484 1.132836646724522 
164 Car -1 -1 0 1031.000444969602 187.57228650591833 1202.9809328420345 249.31323748247345 1.5409951 1.580754 3.752047 13.694973 1.9614327 19.56052 -0.14358445 1.1413910096086721 
190 Car -1 -1 0 278.513538277734 172.2352234741254 378.57613492806877 236.33735709778634 1.549097 1.5955211 3.6924403 -7.406142 1.5341434 19.358242 1.4627062 0.27061477303504944 
206 Car -1 -1 0 684.0865668691423 174.91292866693033 703.155184679695 190.2297878941316 1.5314208 1.6469874 3.7279432 8.65895 1.749506 74.53785 1.602029 4.721282916843974 
206 Car -1 -1 0 213.43592941766642 171.40648952072272 331.4115495605297 233.81936861498178 1.5215626 1.6308303 3.9390233 -9.000845 1.4862736 19.618465 1.4912039 0.264867901802063 
208 Car -1 -1 0 198.76741390938534 174.66246459760944 335.424553385766 238.3548052542857 1.4599552 1.6099285 3.885805 -8.651277 1.5115172 18.611282 1.5937294 1.6965636545208769 
210 Car -1 -1 0 682.2515363103107 181.78901029980264 714.6262877818167 202.32365466080486 1.5013678 1.6372571 3.8406122 7.012537 2.2287934 56.656265 1.9392965 1.4199910586732007 
211 Car -1 -1 0 135.63968526953755 179.10875087201015 317.9181060796708 250.61192113184057 1.4483643 1.60464 4.0140157 -8.856792 1.6152625 17.120798 1.7867777 7.408049244224072 
211 Car -1 -1 0 701.8858339789016 179.35623195145516 724.5709628820151 196.58437264839264 1.648078 1.6806654 3.948186 10.385786 2.3192778 72.50037 1.5622823 3.1905343505915993 
213 Car -1 -1 0 140.30019851773974 188.06350767199234 323.81557689441644 265.7899397677025 1.4115002 1.6100173 4.0556426 -8.145045 1.793927 16.03501 1.6866572 4.223014845293839 
214 Car -1 -1 0 81.67000331521808 189.0284228763722 287.15639890599215 276.605193759664 1.4244423 1.6022624 3.849313 -8.257664 1.7931857 14.460142 1.661693 2.2452847241745175 
215 Car -1 -1 0 6.293885553537731 195.16442068528733 246.33333613262658 291.1621402843283 1.4357123 1.6165351 4.008699 -8.954753 1.9281318 13.842277 1.6842803 2.1375517200068725 
218 Car -1 -1 0 730.3422782132345 172.67306371674442 764.6724210288593 193.1675970264596 1.510953 1.6051186 4.155748 10.527964 1.4976132 55.318474 1.5092028 1.8782767612014613 
219 Car -1 -1 0 0.0 153.211942789294 154.5729063047632 267.15390105540934 1.6754804 1.7389616 4.1065044 -9.758326 1.3866501 12.822385 1.2950964 0.2580866515636444 
222 Car -1 -1 0 132.7822887855591 171.751638669804 357.1882918243458 262.4741241300844 1.6365505 1.5874265 3.5678196 -6.947765 1.6166649 13.949993 0.080220565 1.984365209634539 
230 Car -1 -1 0 729.1475414299305 176.3364887935083 759.2961374948527 200.40240292674667 1.513771 1.6166012 4.2030497 8.94722 1.756798 48.183147 1.6674631 0.7278152967758424 
231 Car -1 -1 0 727.1600380800237 176.31062150046006 759.4730617643925 200.23504794109337 1.4908186 1.6008282 4.171507 8.796197 1.7295716 47.70736 1.6310484 2.543328083233741 
232 Car -1 -1 0 718.3129863928033 177.11562406550246 752.8561418172737 201.3976241253592 1.4955044 1.5995977 4.19935 8.2098675 1.7873187 47.293938 1.5882823 5.805404511165636 
232 Car -1 -1 0 632.7473391490089 185.23500424351076 675.4377046825972 206.6444105760213 1.4676254 1.6658463 3.7994912 3.3635798 2.4280252 53.90822 2.0939415 0.5863905184459706 
233 Car -1 -1 0 715.2881972167293 177.42860257178543 754.1282532458916 201.59580130058094 1.4696319 1.5850554 4.078787 8.055048 1.779234 46.749367 1.5107915 8.006152578205604 
234 Car -1 -1 0 714.4855183474924 176.96438723213885 749.8368019529146 202.04163850485594 1.5151255 1.6098874 3.967092 7.80715 1.7898254 46.233284 1.575877 1.4754200080050497 
234 Car -1 -1 0 675.5834488942686 176.63171456993393 706.6796727389121 197.39945366843872 1.5220718 1.6092767 3.7956223 6.2432184 1.8233182 55.56795 1.4690698 3.9500797799895566 
235 Car -1 -1 0 657.7165357657123 177.31450219832604 683.204109732323 198.64229430637724 1.7166581 1.6672765 3.8315923 5.102169 2.1048353 60.84198 1.5273293 0.27195701003074646 
240 Car -1 -1 0 646.6167327849377 175.0693605368228 680.2915509769031 197.877870208677 1.5858779 1.6209648 3.334679 3.872335 1.7519715 52.30635 1.3815547 0.25293049216270447 
245 Car -1 -1 0 616.1835657658601 176.8542963282515 653.1432214222756 200.69203897910117 1.556419 1.594771 3.6116717 1.6898094 1.8428178 49.71117 1.320923 0.26675376296043396 
247 Car -1 -1 0 605.4514035490249 176.85413419490723 643.2838364584715 200.96966438965524 1.5380954 1.6015761 3.793864 0.9571029 1.8195419 48.731094 1.3215992 9.059494344214427 
248 Car -1 -1 0 651.7877697176177 175.90822845433476 695.9504766227005 205.26532590989973 1.4825758 1.5952297 4.004535 3.4137337 1.6562673 38.95249 1.4553275 1.9674905336686608 
249 Car -1 -1 0 595.2320047184035 175.92596454038068 634.5252030609361 200.8215632557848 1.5535967 1.6195749 3.8688393 0.30591142 1.7651818 47.618443 1.3080851 0.30115461349487305 
250 Car -1 -1 0 593.8101275885679 175.67328420090507 631.5471867480977 200.95144551657847 1.5587566 1.6265838 3.9045596 0.15823993 1.7507014 47.04106 1.3490882 4.342953809472919 
252 Car -1 -1 0 586.9858665894401 177.5497165140983 624.7719245870258 204.52558592658536 1.6104454 1.6215975 3.5784469 -0.2736252 1.920248 45.675373 1.3365839 1.1639090586666236 
257 Car -1 -1 0 573.5737148398954 180.2972028961909 605.6528990157144 207.03337429630386 1.675993 1.6767694 3.6338854 -1.3701898 2.1934206 48.231426 1.4102541 1.4079772779554833 
259 Car -1 -1 0 581.5615873989966 179.31578046552374 614.4410849047431 205.78443047966172 1.6197975 1.6822472 3.7788782 -0.7946346 2.0595813 47.117382 1.4279283 4.847818166846204 
265 Car -1 -1 0 109.13342556664234 172.93892421469707 180.61920591979623 225.7845784904912 1.5958723 1.6535757 3.890738 -15.2896 1.5989335 23.903011 1.0871431 2.0271138481453157 
266 Car -1 -1 0 487.4759289915943 177.60942774020165 528.0330823007996 203.81867293176896 1.5478835 1.5844994 3.5010972 -6.4174037 1.8586555 45.23179 1.141306 1.1358987478072191 
272 Car -1 -1 0 491.8147206200674 175.31438815181443 538.9293836843191 203.7560587420008 1.5804477 1.6328965 3.686876 -5.5841317 1.7320898 42.456886 1.1077733 1.5515995396709943 
272 Car -1 -1 0 471.457073671816 171.50051311873332 492.49588484988635 187.6689496215277 1.4668331 1.567078 3.7159865 -11.884573 1.3440417 67.37009 1.49696 0.2814973294734955 
274 Car -1 -1 0 493.94239570539656 179.0182711502152 544.557256329111 207.65989628608472 1.5367053 1.6093329 3.6905694 -5.246237 1.909009 41.57658 1.0554383 3.0291404987038626 
278 Car -1 -1 0 669.9196361332188 175.83559353191544 712.8421121924105 211.0880734810632 1.5990872 1.6639286 3.7213647 3.9030793 1.7510331 34.907658 1.5734432 2.0813248402683953 
280 Car -1 -1 0 676.9500598581332 175.31275021089678 724.0413879414994 211.07380156624512 1.5581067 1.6299725 3.5443766 4.1629324 1.6783305 33.4826 1.537937 1.0174013233621335 
286 Car -1 -1 0 709.2395411289328 179.24943172584136 764.1169777712529 219.43891028292762 1.5002358 1.5988886 3.555959 5.0906477 1.7755127 29.278645 1.5703523 5.223887541393904 
291 Car -1 -1 0 799.2095273060504 168.25369342979252 830.7567691086809 187.61966670551195 1.4572711 1.610482 4.1045837 16.013107 1.1111021 56.407173 1.6540492 0.5400048166145556 
292 Car -1 -1 0 746.7193817700094 173.0658771723386 814.5795072468796 222.72423345944722 1.5745316 1.594171 3.0727649 5.721355 1.5821599 24.43477 1.5799294 0.2842106521129608 
292 Car -1 -1 0 624.4522076373331 178.18137605020544 676.4679394065332 198.37450446073308 1.4906983 1.5684997 3.658473 3.1220374 1.9078357 55.218475 -0.29256243 0.7511360465795325 
293 Car -1 -1 0 798.8426005414957 170.52371519037445 840.9131581896855 189.39592114427018 1.3759959 1.5599029 3.8114939 15.868727 1.2060916 54.61594 1.4063214 1.2595100415626646 
294 Car -1 -1 0 817.3313245600605 167.71822012942192 848.8896816244762 187.88090691131546 1.4540504 1.6088967 4.015855 16.725164 1.0836787 54.130383 1.7022295 0.30677923560142517 
296 Car -1 -1 0 769.5113469297339 169.81702450986288 850.5352460475102 226.72575055092648 1.5788579 1.5829828 3.2690525 5.9274454 1.4946009 21.668388 1.5911173 0.7684025383274589 
297 Car -1 -1 0 776.9507007274631 171.6466557026264 863.6583867386851 228.82375091698324 1.523897 1.6275113 3.696198 6.054721 1.4917185 21.11811 1.6222731 6.6289416688654725 
298 Car -1 -1 0 640.6300320959773 176.5372497364569 695.9377337952226 197.72245733980995 1.4390318 1.5573003 3.5634623 4.1363745 1.705662 50.86025 -0.37116772 0.5260000613192836 
298 Car -1 -1 0 791.0079533662476 174.3125520414061 877.8549172321301 233.43151247938636 1.5035129 1.617254 3.2599177 6.1687117 1.5475888 20.118752 1.645036 0.2629370093345642 
299 Car -1 -1 0 795.619636420629 175.36755758450258 888.7794332872587 237.01725907499258 1.4996765 1.5829401 3.3263738 6.1429167 1.5731655 19.393234 1.6233276 17.973015722936395 
300 Car -1 -1 0 801.3119543176562 176.41661426222325 903.8645487693991 239.6420603821084 1.4728239 1.6171987 3.5927508 6.217979 1.5749338 18.847507 1.6184812 26.96792735509805 
303 Car -1 -1 0 824.5415853796076 176.75377161678273 947.3345771598438 246.64752689278728 1.4520607 1.5854127 3.5436015 6.350291 1.5534616 16.97534 1.5889728 2.0844298232638354 
306 Car -1 -1 0 862.4054060657896 174.4400321358272 1004.205459771617 259.1069655072286 1.4808908 1.5902832 3.256266 6.2830925 1.5161991 14.373263 1.6557046 1.1671297236496225 
309 Car -1 -1 0 512.8171200503147 169.67474035489496 540.9355353547778 196.3269612733615 1.4920313 1.5677608 3.575816 -4.861203 1.3140514 42.264538 1.4456432 2.953193545197604 
315 Car -1 -1 0 773.5334457054589 172.21292876856228 844.6526319603732 199.16826501547592 1.4660976 1.6116965 3.9749084 11.346816 1.4312296 40.96907 -0.5491332 0.8618066502560967 
316 Car -1 -1 0 770.7057176978432 171.06827491115038 817.685512675419 199.13048935170775 1.506489 1.6212615 3.9040744 10.349914 1.4106241 40.693756 1.562369 5.315081090327175 
317 Car -1 -1 0 782.1274963715163 171.97384820235612 820.594261801133 199.68814458894056 1.4576759 1.6149596 4.116064 10.719018 1.4113828 40.161156 1.9437222 9.512157444925741 
319 Car -1 -1 0 791.1659790614855 176.0624320734335 826.9542251285625 204.96301993759 1.4426279 1.6094737 4.1552095 10.647278 1.624521 38.70552 1.7818772 0.5533196716498594 
321 Car -1 -1 0 89.27855789249199 129.60038583885915 187.83315308597076 166.32854897091332 1.4833816 1.6059318 3.9378688 -20.337118 -0.29519486 31.154972 0.38625276 0.29694435000419617 
322 Car -1 -1 0 811.4145655865216 172.36048881914198 850.0890968025682 203.16091650872292 1.4642742 1.6147604 3.9451032 11.104719 1.4408121 36.408066 1.8037343 4.514225794585287 
325 Car -1 -1 0 0.0 174.40696073786305 77.1861067746851 223.54073218552844 1.5365796 1.6125872 3.7694755 -19.469135 1.594168 24.725082 1.0330468 0.25782299041748047 
336 Car -1 -1 0 1011.8370697701012 171.14096536119277 1176.7154288689603 227.01691049103792 1.4682766 1.634042 4.062568 13.62413 1.4232624 20.316511 -0.28568342 0.8821561432674248 
337 Car -1 -1 0 1021.0258549074102 170.3751172624302 1194.851948516696 227.97417304789928 1.467966 1.6382718 4.1274667 13.594481 1.4047892 19.724337 -0.2673757 7.56932685172385 
338 Car -1 -1 0 1030.499700491352 171.98882874440312 1216.7699733917198 230.2939540612959 1.4482739 1.6160266 4.0427265 13.512281 1.4267833 19.049963 -0.16404809 9.937956918483065 
339 Car -1 -1 0 1046.309581572861 171.85061406645687 1218.930340718853 232.33533803520947 1.4449716 1.6295078 4.1212163 13.5721855 1.4210007 18.727806 -0.36118647 11.866466084688833 
