0 Car -1 -1 0 476.1068124155391 163.3466883511052 514.0828499473042 193.0553781359998 1.5338368 1.6641132 3.8303294 -5.989048 0.6478834 38.567673 1.3153538 28.140878293477936 
0 Car -1 -1 0 1033.0557056348232 166.68373288990955 1178.5065590918302 208.58115414584245 1.5219247 1.6837269 4.299388 18.77 1.0198085 26.568459 -0.020089459 25.29961693556533 
0 Car -1 -1 0 496.5970717222741 166.58845488293022 524.2535030738226 190.00908731237718 1.4137368 1.5590879 3.6851702 -5.9446454 0.5735971 44.631355 1.3920621 6.177478898885229 
1 Car -1 -1 0 477.2098695191435 163.399166535345 513.2798982890301 193.15539803922687 1.5352886 1.6669587 3.8331184 -5.974622 0.6526211 38.535164 1.344823 26.41496906851776 
1 Car -1 -1 0 495.2478822504599 165.75525305487338 524.2188601251113 189.2590678889635 1.4160757 1.5729548 3.8114269 -5.989386 0.5273249 44.621365 1.3744718 5.432084251967218 
1 Car -1 -1 0 1033.3196013700842 167.56057858764086 1176.93875156505 208.8894553103977 1.4988258 1.6795197 4.25846 18.744604 1.0293274 26.560196 -0.037248448 26.071807507431735 
2 Car -1 -1 0 473.8640814839005 163.08610817902803 513.9945276918236 192.59642561990302 1.5232012 1.6645885 4.1026096 -6.0779777 0.6240267 38.696724 1.2894179 20.290880020891475 
2 Car -1 -1 0 1036.3522018527706 167.99006844717965 1177.179044541598 209.22487214742566 1.4963411 1.6556053 4.1796556 18.821896 1.0421371 26.57682 -0.044134215 23.960797161974387 
2 Car -1 -1 0 496.56138783649504 165.6268578598173 522.7523356802394 189.4983991025334 1.4381435 1.5678563 3.6983166 -5.948859 0.54171145 44.53389 1.4361987 4.1701273191040364 
3 Car -1 -1 0 475.2357676575181 163.25721861329575 513.0459386777668 192.9550474811678 1.5308323 1.6555432 4.1609 -6.0607967 0.64167905 38.666615 1.3214356 19.21054736232734 
3 Car -1 -1 0 1036.6010220882674 167.06446245303954 1179.8442524224347 208.88762073048522 1.5150951 1.6682339 4.2264714 18.826757 1.028137 26.513288 -0.031165551 23.788019955628375 
3 Car -1 -1 0 495.8819476022231 166.14836579250826 524.7205659133699 189.78064382687307 1.4257507 1.5703981 3.703097 -5.871188 0.5595087 44.55772 1.50226 2.2716430401063743 
4 Car -1 -1 0 475.50165893054964 163.29259417038065 513.8273768227323 193.06727470153396 1.5318041 1.6620437 4.114409 -6.0178833 0.6462028 38.575256 1.3167827 27.523549858044653 
4 Car -1 -1 0 1038.40119535115 167.9071901860898 1184.7231170544594 209.03708827325838 1.4851136 1.6597422 4.246164 18.859438 1.0301753 26.401628 0.01971954 29.236843479958093 
4 Car -1 -1 0 495.7077690242295 165.9580419132841 523.3849298132405 189.62434342496334 1.4243529 1.5737771 3.8320239 -5.9943686 0.5487496 44.576935 1.3968725 8.97847058760867 
5 Car -1 -1 0 478.8760761959535 165.80674601528563 513.3895370858727 192.9612553071269 1.3963078 1.635056 4.0667753 -5.924752 0.64042854 38.515114 1.3636937 13.107685993888163 
5 Car -1 -1 0 1040.55176300727 160.597296056223 1172.648977648009 208.45605459387312 1.7242224 1.6698152 3.8485498 18.734093 1.0069435 26.449574 -0.07486069 24.76074736179999 
5 Car -1 -1 0 496.9954685568362 165.89756515344138 523.8550066778968 189.8781633941908 1.443637 1.5746708 3.8514795 -5.94025 0.56416965 44.590626 1.4117935 9.140766656007017 
6 Car -1 -1 0 481.2401926265299 165.74639417344605 512.6713381505152 193.90134971860283 1.4466366 1.6027417 3.7463903 -5.830162 0.6882385 38.308754 1.4051712 11.57164900920082 
6 Car -1 -1 0 1041.9322353376747 161.76193507503336 1181.088961226969 209.15655011753537 1.7069376 1.6803315 3.9674609 18.801601 1.0318401 26.314598 0.004917874 26.579076706294124 
6 Car -1 -1 0 496.03182896685854 166.50128178244395 528.2448455254093 190.57890630134435 1.4534435 1.5811639 3.715364 -5.7502146 0.6080134 44.546368 1.5609158 5.292960371086341 
7 Car -1 -1 0 477.9539496554934 165.46984277845903 512.6885668153913 194.15320657415265 1.4675719 1.5748242 3.6625876 -5.9059343 0.69822234 38.138313 1.3411955 11.825577848570184 
7 Car -1 -1 0 1040.492363885131 161.84399501040272 1191.3537302612647 210.53910358559605 1.7350999 1.7125206 4.259901 18.875896 1.0701153 26.227173 0.08483205 18.14265828944559 
8 Car -1 -1 0 477.0096339614128 167.33984692484918 513.4498657329362 195.77859919479866 1.4481971 1.5741811 3.5901437 -5.880725 0.7777013 37.94092 1.3157245 15.008848639560643 
8 Car -1 -1 0 1042.6186918332103 168.09181980387194 1193.271880069303 213.213286750692 1.6075165 1.7023463 4.282846 18.87853 1.165222 26.110899 0.032950826 24.251927536486704 
8 Car -1 -1 0 493.9578977924908 168.85870062442564 529.8555121416647 193.3418596525432 1.4670012 1.5901173 3.792447 -5.8297453 0.7690728 44.41346 1.2633051 3.4774867423746527 
9 Car -1 -1 0 480.5981189602092 166.7825203276809 514.2190191443391 195.75653839172867 1.4704667 1.5716282 3.745664 -5.754383 0.7739526 37.877712 1.3644648 10.884426058946127 
9 Car -1 -1 0 1049.8853020414672 168.13408540367817 1202.4348176127696 213.43278345760268 1.5998905 1.6930577 4.268975 19.054768 1.1629093 25.948458 0.06163885 19.55057396529528 
9 Car -1 -1 0 499.0850188459835 168.26258888637767 527.3803925415784 193.09138623755467 1.4837551 1.5872797 3.8394728 -5.724698 0.7520594 44.28038 1.3982153 1.4956719534629304 
10 Car -1 -1 0 482.5825715872045 166.51998853291437 514.751539377524 195.6781764691915 1.4715103 1.5859184 3.9347806 -5.67032 0.7656553 37.758522 1.3938491 10.259477556959803 
10 Car -1 -1 0 1050.2989000581501 168.8948900820119 1201.386722477887 213.9094649539111 1.5960672 1.6979914 4.285285 19.035976 1.1843543 25.919014 0.00018662153 26.178854082242264 
10 Car -1 -1 0 500.0049448341778 168.34178294030195 530.7605405880302 192.94888627313443 1.4704874 1.5727378 3.6611118 -5.5812364 0.74353385 44.209774 1.3523791 1.4948688833040478 
11 Car -1 -1 0 482.95277355813386 166.39524900703873 514.731424551584 195.4482976807239 1.4556609 1.5808889 3.7974458 -5.601405 0.7486318 37.428513 1.4056621 13.825057678250024 
11 Car -1 -1 0 1055.3654153663736 169.0802388321126 1201.807078561323 214.56124285675187 1.597527 1.6615012 4.057759 18.99216 1.1961741 25.72646 0.030006569 21.630042259057266 
11 Car -1 -1 0 472.1055698023298 167.964025862502 537.0893755970632 194.01455578552503 1.5426388 1.6177619 3.7943048 -6.0787745 0.79990256 43.085167 -0.2273659 2.485930141590202 
12 Car -1 -1 0 483.795836394334 165.84280558409213 516.7174904859974 195.7862445316081 1.4911824 1.601271 3.9441078 -5.518085 0.76092553 37.292625 1.3952166 11.945471070355353 
12 Car -1 -1 0 1059.479060900642 164.2878198233533 1204.2364359398694 212.54432406857381 1.6847672 1.674916 3.9821794 18.972488 1.1185248 25.530708 -0.0041292794 15.71050904427046 
12 Car -1 -1 0 528.9486108293936 167.7568611785707 559.3950661413146 183.97998472335772 1.5199232 1.6054809 3.8255653 -5.7536674 0.3254162 68.30762 1.8733853 0.5628163645898987 
13 Car -1 -1 0 484.6102392643996 166.0577392575574 517.4806957375072 195.5831190075433 1.4567144 1.587806 3.885341 -5.4236727 0.74384046 36.93476 1.3972605 13.127545897119363 
13 Car -1 -1 0 1071.4956736052047 168.32879394261448 1231.5969852236517 215.37078093384466 1.6233515 1.7056046 4.323167 19.567438 1.2031126 25.420635 0.07931048 40.74720723510843 
13 Car -1 -1 0 503.03477281306846 168.28470002824238 530.6547535607062 193.00339140286863 1.4659771 1.567712 3.5601776 -5.3648715 0.74113953 43.773476 1.4846786 4.19911054942513 
14 Car -1 -1 0 486.3130251330291 166.0433393034529 520.5356100406768 195.79910040313078 1.4572179 1.5728589 3.876042 -5.263973 0.74891365 36.67755 1.3812475 13.336436964818468 
14 Car -1 -1 0 1072.4704163760482 168.67939246946597 1236.806309150901 215.747892690874 1.6070479 1.7190714 4.369609 19.539764 1.2032343 25.26104 0.122678965 31.410247136852657 
14 Car -1 -1 0 504.54888784789426 167.46234046500297 534.0199133541731 192.326250936494 1.46472 1.5595083 3.5659738 -5.2563763 0.69628906 43.549446 1.3822484 5.065609456454918 
14 Car -1 -1 0 535.4131996635565 168.16944126963915 565.1984624511659 184.21039306027768 1.5079584 1.606462 3.8277957 -5.1785674 0.34818104 68.53176 1.8637911 0.2857855558395386 
15 Car -1 -1 0 488.8628352378163 165.35630516599232 522.6593844004494 195.6364361055724 1.4692346 1.5772381 3.8334613 -5.0940514 0.7341206 36.332115 1.3950582 13.063101811921555 
15 Car -1 -1 0 1076.6802218850564 158.96069064414633 1236.0347681296053 212.85734297698485 1.824975 1.7166628 4.1473465 19.491241 1.0954165 25.124279 0.16282709 12.13812583753072 
15 Car -1 -1 0 537.7441756934378 168.3562717773194 568.5145030861917 184.58508981423094 1.5267572 1.7334973 4.0027323 -4.9122267 0.3836911 68.67761 1.8426046 1.2211914019400734 
15 Car -1 -1 0 482.2640202869238 167.82457994615888 545.4790042659072 193.48889845588198 1.4902894 1.6069574 3.6898403 -5.47801 0.7538627 42.786808 0.62348026 0.4204866886138916 
16 Car -1 -1 0 492.6295326765809 164.64877875643978 525.8887477817942 195.57072201292056 1.4860404 1.589134 3.969051 -4.8339624 0.7239481 36.052155 1.4367272 15.131626523545762 
16 Car -1 -1 0 1079.116598530169 157.2391946130199 1242.0 212.4300638669782 1.8501874 1.7560774 4.296017 19.448801 1.0701839 24.806019 0.107432246 6.7066738971712745 
16 Car -1 -1 0 542.1516180977137 168.82961738376818 573.8966908461425 184.42823358094552 1.4680101 1.6919167 3.8852081 -4.4372687 0.36907038 68.654495 1.9073243 2.5552500114301244 
17 Car -1 -1 0 496.69999408851885 165.77342051791697 530.4173316548762 196.36125340903897 1.4545555 1.5817161 4.0435667 -4.620738 0.7539424 35.741966 1.4163754 11.917117961743404 
17 Car -1 -1 0 514.1547892521496 166.53422895410424 543.9032524213434 191.8857900384496 1.4721267 1.528974 3.4445105 -4.506549 0.6607719 42.800518 1.5424428 8.159469475508935 
17 Car -1 -1 0 546.9030433707502 169.5062475727268 574.688664038785 184.33478490371292 1.3951116 1.6294241 3.727963 -4.163744 0.360166 68.52835 1.8193225 1.3925736406066294 
17 Car -1 -1 0 1123.0548418202088 158.5181223365844 1242.0 214.2422846020371 1.8215321 1.6903424 4.280055 20.644651 1.1027644 25.387974 1.7988099 0.5245055133361255 
18 Car -1 -1 0 499.78861456365854 164.8936657102831 533.826657615664 195.97793786251626 1.4598613 1.5846839 4.189137 -4.415982 0.7266053 35.39498 1.4224513 13.384322953667764 
18 Car -1 -1 0 517.6949974585593 166.23002039551204 544.4345358205353 191.90561643894665 1.4783306 1.5344998 3.504255 -4.3959794 0.6563238 42.533325 1.4649878 8.149824689434645 
18 Car -1 -1 0 1137.821186697467 155.69233682051208 1242.0 211.78274975393774 1.8176097 1.6761883 4.2812853 20.871716 1.0135033 25.208202 1.8965143 5.696088308053093 
18 Car -1 -1 0 550.5579556403129 168.69947110767035 576.9995575415106 183.7112879067808 1.4150952 1.6794386 3.7486465 -3.8819308 0.3020906 68.652145 1.7665246 2.978479319746954 
19 Car -1 -1 0 502.09442997885094 164.815548720955 536.4941976804303 196.55595301337294 1.4717114 1.5888754 4.087159 -4.2111883 0.7441621 34.91443 1.4383733 13.431610036480718 
19 Car -1 -1 0 520.3373032158247 166.08238192095843 554.1496002873275 191.51906838263034 1.4558849 1.5549722 3.57128 -3.955042 0.63030523 42.28246 1.6090128 5.4924246632014295 
19 Car -1 -1 0 555.9329660745577 168.6714491222636 580.9715321619457 184.97382318356253 1.5429368 1.6807461 3.86521 -3.443437 0.4227993 68.95862 1.7273481 2.1328732953827063 
20 Car -1 -1 0 504.6553691071947 163.0342147387817 540.9063318958024 195.11980174549538 1.4634402 1.5910106 3.9947472 -3.996625 0.66651535 34.34486 1.4163451 13.649438260369925 
20 Car -1 -1 0 527.4696592045933 166.6620245287479 555.4948186657429 191.86890054175763 1.4296944 1.5568838 3.60252 -3.6773162 0.64445144 41.947803 1.5102284 5.154660592651913 
20 Car -1 -1 0 561.1470746552035 168.18463818590104 582.5438670770533 184.71643935419797 1.5697166 1.7107072 3.4308977 -3.1164274 0.3997292 68.903625 1.6370982 1.2535596333659065 
20 Car -1 -1 0 1110.311764935463 167.98078061685382 1242.0 214.68284263529364 1.5150208 1.6637866 4.080608 19.692755 1.1086814 23.874104 -0.0522591 2.1532777683312503 
21 Car -1 -1 0 506.85763773185926 161.79525091429343 544.6155267340305 194.58363367448624 1.4720261 1.6558825 3.8456144 -3.7889898 0.63198453 33.765644 1.4247148 20.88546019869198 
21 Car -1 -1 0 527.3542350184338 164.67268398531704 555.512192796569 189.94063044771514 1.4193224 1.577975 3.8565621 -3.6683562 0.52991724 41.69781 1.4953887 4.021260476707475 
21 Car -1 -1 0 1124.1748571602868 169.7086331283563 1242.0 215.98519336784406 1.481182 1.630001 4.095989 19.916933 1.1355693 23.46741 0.010646416 0.3078705668449402 
21 Car -1 -1 0 565.8766064138966 164.99514439236918 588.4489261383309 181.0491721248993 1.5211504 1.6523347 3.7857056 -2.5971775 0.051409096 68.96771 1.682934 1.0637361078379035 
22 Car -1 -1 0 511.14585333945735 162.5073378832612 548.5735183594445 194.26154820939595 1.4017854 1.6492662 3.9853826 -3.5406845 0.60721004 33.294678 1.44204 22.97628557723668 
22 Car -1 -1 0 528.8980217997537 163.879552608727 559.0234073621865 189.85632324647807 1.4384117 1.5976726 3.9946132 -3.546096 0.51772183 41.231876 1.4474154 5.41904453899394 
22 Car -1 -1 0 571.3473933349497 164.29150891884186 590.3927252013838 180.61162918797362 1.5492536 1.6714079 3.6646945 -2.239612 0.009969652 68.96691 1.5891653 2.98412212762363 
23 Car -1 -1 0 512.2956847980271 161.80206673396827 551.5881224374963 194.67821607559702 1.4272301 1.6170918 3.8889422 -3.3903413 0.6152225 32.739044 1.4189734 21.009747320290746 
23 Car -1 -1 0 533.3872046323604 163.51459530712842 563.1390096018499 189.64916991413617 1.4312713 1.5881428 3.8831224 -3.2549176 0.5006964 40.738914 1.4607034 2.653702081037413 
23 Car -1 -1 0 574.6209815187846 164.69085350626312 593.6162571707043 181.00083328244466 1.5481296 1.6916217 3.6353886 -1.9713011 0.046911538 68.98707 1.4977973 0.8372754756541096 
24 Car -1 -1 0 515.2637494777961 160.94795150071576 557.5543006515994 194.47704981562518 1.4334521 1.6543432 3.8731213 -3.1420724 0.5972711 32.274506 1.4052544 19.24744805033325 
24 Car -1 -1 0 536.4720145494589 165.59123316768333 567.5705661478678 191.7729367456824 1.4228034 1.5890491 3.7596343 -2.927199 0.6122509 40.322712 1.5456078 5.810276413331726 
24 Car -1 -1 0 578.7393693079704 164.89726010649966 597.1179524287471 181.07161738134099 1.5379025 1.6592654 3.6791146 -1.6021551 0.05372274 69.11444 1.5104511 2.8398032327279243 
25 Car -1 -1 0 520.5187478718831 161.44194044265564 559.8068459841038 196.4765472014721 1.4769491 1.653049 3.788505 -2.826627 0.67324257 31.752941 1.5029036 14.192647968769858 
25 Car -1 -1 0 541.9574173050349 165.20932041669172 571.0648085336031 191.68981886004318 1.4181831 1.5576415 3.8144553 -2.6859865 0.59892535 39.82438 1.4995676 8.52182156462948 
26 Car -1 -1 0 521.4417405837713 161.54304430589934 563.6894379363974 196.13758163650016 1.4273009 1.6136743 3.9088066 -2.7707763 0.6449025 31.224638 1.4204448 20.049350505608015 
26 Car -1 -1 0 544.836292885855 163.98421708240724 574.7042092018812 191.25356514918718 1.4414726 1.566123 3.8176713 -2.422818 0.5680901 39.31261 1.5322461 11.418623610666906 
26 Car -1 -1 0 582.5513387626887 164.30194095736533 606.9927258698197 180.55940219043575 1.5446743 1.6761339 3.7104568 -0.9389479 0.0050162375 69.171005 1.3542877 5.140078879531853 
27 Car -1 -1 0 527.0168993544966 160.73834757984554 566.7819239516949 196.03148574134946 1.431912 1.6126299 3.7347999 -2.526939 0.6298748 30.630314 1.4619598 29.377898537341444 
27 Car -1 -1 0 544.4790676106037 163.72364371923823 577.6192479189162 191.09950271539083 1.4229538 1.5872952 3.9245923 -2.404527 0.55060196 38.79424 1.4512657 6.73390906954938 
27 Car -1 -1 0 582.4234791966195 164.0555702597167 608.6425306818005 180.86289952316733 1.5981581 1.7105334 3.8104627 -0.86797035 0.033878773 69.289734 1.3181069 5.9410563243486765 
28 Car -1 -1 0 526.2305493851381 160.82903845516955 569.0787747798329 197.86398243779433 1.4751172 1.7057116 4.2226906 -2.4324174 0.6913515 30.338846 1.4848254 15.888166106991342 
28 Car -1 -1 0 583.7639166002645 164.2149630123599 610.5496137177777 180.8600570743825 1.5820665 1.7400888 3.817118 -0.7091682 0.03359437 69.27026 1.3129202 6.5038507037473465 
28 Car -1 -1 0 546.5477009783212 163.90815603642702 581.082106404579 191.6712299047564 1.426678 1.568865 3.7480712 -2.1316297 0.57372326 38.22537 1.5940871 6.16375246916108 
29 Car -1 -1 0 526.8714616793775 160.62628478544505 568.2894090905301 198.48983804626235 1.4763187 1.6140844 3.7232282 -2.373671 0.7011751 29.49471 1.480966 25.651083709975715 
29 Car -1 -1 0 547.6312610161829 163.83777271636384 581.1146489787144 192.99713941549865 1.4759365 1.5983078 3.8418763 -2.0724807 0.63222337 37.714996 1.5633419 8.60796908190424 
29 Car -1 -1 0 580.8940444301122 164.56691136556395 608.8658848240376 181.1805927277221 1.5790861 1.6796153 3.964874 -0.93492985 0.06406054 69.34586 1.2678014 3.9917220608411346 
30 Car -1 -1 0 523.7156826308437 163.2276472460434 566.8440210928698 201.44492011889525 1.4582579 1.6459442 3.6598673 -2.4466023 0.798944 28.887217 1.4622658 23.66719075670458 
30 Car -1 -1 0 543.0250694372901 166.2454703256908 579.3329831956603 195.16934284694207 1.4383562 1.5691352 3.7657738 -2.201338 0.72916365 37.065735 1.5998139 6.051646882921534 
30 Car -1 -1 0 577.7741739206436 166.96558219084847 605.8289748366775 183.19593918807013 1.5430729 1.690217 3.8194017 -1.2342939 0.25568357 69.29993 1.2515616 2.4863865031396255 
31 Car -1 -1 0 516.8526670664878 164.2420235881271 560.9390594249088 203.41197746435716 1.4583923 1.5830474 3.5834632 -2.5384243 0.8528224 28.150997 1.5253537 30.46296478726394 
31 Car -1 -1 0 540.1862567373715 167.15538565108645 572.5749775301585 196.17059382151342 1.4238102 1.559779 3.6702616 -2.4237347 0.7686502 36.558384 1.5339061 17.070338591461457 
31 Car -1 -1 0 572.2988576389929 169.03763912705236 598.3353112358421 185.0344919393691 1.5207882 1.586779 3.7817864 -1.866992 0.4304568 69.25866 1.2706959 4.099761798894598 
32 Car -1 -1 0 509.2534202704867 164.73041502639575 555.712029607268 204.21628025611574 1.4380482 1.6070251 3.848823 -2.74167 0.8634901 27.710403 1.5236381 35.21935005548028 
32 Car -1 -1 0 533.3525214419718 167.32529623209848 567.6170006918084 196.87616617011568 1.4247626 1.5642352 3.7219918 -2.6811876 0.78924024 35.97207 1.542381 11.81793392504109 
32 Car -1 -1 0 560.0936700770253 169.02620494609033 591.2243079459992 185.23375967363555 1.5374249 1.5923072 3.7968397 -2.8078017 0.44841078 69.12218 1.096745 0.5500728785217053 
33 Car -1 -1 0 501.0909205375471 163.45298072411327 545.9970359760453 204.63931555724113 1.4607587 1.5876646 3.6104274 -3.0471616 0.8559165 26.953722 1.4686451 40.88407876170967 
33 Car -1 -1 0 525.9403377402787 166.45771704123652 559.0668493243701 196.7232226000043 1.4291706 1.5614828 3.6601412 -3.0681791 0.7657665 35.277668 1.4853599 11.98032191174707 
34 Car -1 -1 0 490.8274829853315 161.87172171108 537.7495588349844 204.4705221669215 1.4713144 1.6135637 3.34975 -3.2719212 0.82768655 26.166203 1.4732009 39.63529092795744 
34 Car -1 -1 0 513.6605683907628 165.1803052014414 549.051428471285 195.85839050633473 1.4196975 1.5999883 4.0420694 -3.5267766 0.7104384 34.79203 1.5012665 6.622782424379811 
34 Car -1 -1 0 543.7316240505947 166.61098124361754 577.1224551850836 182.67884149322572 1.5217409 1.6497533 4.016921 -4.2987595 0.20572609 69.11536 1.0504432 3.6581097023365965 
35 Car -1 -1 0 478.3917750000705 162.85899717207323 531.994911497052 204.79470677335573 1.4099439 1.5929134 3.6210732 -3.512876 0.8166038 25.617096 1.525147 34.88821263656638 
35 Car -1 -1 0 504.04564744074764 165.03126797339198 539.1088004693784 196.52065325382898 1.431822 1.5827476 3.8509254 -3.9342413 0.7281585 34.138546 1.4804298 10.545778874246876 
35 Car -1 -1 0 530.547235050511 167.4810437251705 566.6770439759138 184.23916111040788 1.5847381 1.69185 3.845075 -5.4314775 0.35297048 68.90338 0.9178237 3.8630630969660036 
36 Car -1 -1 0 465.8262365769298 162.36345367413352 516.0405141220895 207.64128323373313 1.4729235 1.6210878 3.5871859 -3.9353476 0.8827124 24.887108 1.4360263 41.522117024800586 
36 Car -1 -1 0 493.14373899556097 166.63834233744097 529.6181659389642 198.75800820926736 1.4240746 1.5678124 3.7034426 -4.410248 0.80920386 33.30452 1.4034969 10.968290099636341 
37 Car -1 -1 0 447.7864008815519 164.04161112066862 501.6379120969943 210.2889956559183 1.4574454 1.6394219 3.7860072 -4.3645816 0.9385656 24.267168 1.4375312 36.88341984471361 
37 Car -1 -1 0 478.89557125013573 165.8910989720541 515.4272584095004 198.75988191238608 1.4298952 1.5770022 3.8405225 -4.92583 0.7940747 32.768486 1.4344372 17.969918983416196 
38 Car -1 -1 0 431.63456624562093 163.38455578004854 488.419922744349 211.42550172229141 1.4575143 1.6391551 3.7815626 -4.695969 0.93804836 23.441038 1.4248528 39.512914470877156 
38 Car -1 -1 0 461.6446338423226 166.30902434073613 501.4870608868399 200.16026012818054 1.4378532 1.5631609 3.6832142 -5.5910196 0.8348017 32.003803 1.3404125 11.911231545680817 
38 Car -1 -1 0 489.1610790837123 167.96672425944965 522.8924980747619 184.07495460326828 1.5081697 1.6070652 3.8123112 -9.485059 0.33409464 68.211716 0.9386832 2.6382951013101152 
39 Car -1 -1 0 412.26983088078515 161.17312392778857 470.4125467104486 211.11050070830547 1.4541179 1.5911564 3.5249703 -5.092297 0.8911495 22.458265 1.4045933 46.063624435222955 
39 Car -1 -1 0 440.855181722019 163.77304867022045 485.2034244814312 197.38698390990135 1.3928902 1.5800911 3.9344282 -6.1879296 0.69948703 31.338854 1.463984 10.42017356705892 
40 Car -1 -1 0 394.4885057604432 158.5187412223124 451.7720158349974 211.73773999740672 1.4815772 1.5591494 3.4110012 -5.459858 0.8694514 21.52106 1.3434203 62.034575131120825 
40 Car -1 -1 0 420.29417198597685 160.27318879972552 466.5455952608833 196.26933549041317 1.4489636 1.5868819 3.8907669 -6.86233 0.6345018 30.492588 1.441365 11.474514796062921 
40 Car -1 -1 0 436.74911950760094 148.94548342747018 459.040178461308 165.36022155384694 1.5910552 1.7076352 3.745297 -16.315237 -1.6262431 73.9952 1.5120473 0.5595761165260414 
40 Car -1 -1 0 459.0700163478244 164.65650181557348 490.1422634659847 180.26927315096106 1.442616 1.5832176 3.7303994 -12.364283 -0.02328813 67.38511 0.98898405 0.822760526382845 
41 Car -1 -1 0 371.3411692629286 158.64766546321187 433.7084603364535 214.99922665579874 1.5025291 1.6166669 3.658427 -5.855091 0.9196935 20.82129 1.3309078 40.03960936012758 
41 Car -1 -1 0 399.6886672861853 163.67758320496318 449.96274265688953 199.92481909599766 1.4148359 1.600512 3.9853117 -7.450603 0.75794977 29.679768 1.4370755 9.958699729866659 
41 Car -1 -1 0 416.92760924850086 149.1642979516766 443.49585006329073 165.82534120424395 1.603437 1.6445354 3.8263361 -18.02473 -1.5654995 73.44113 1.6227382 0.5012351680685436 
42 Car -1 -1 0 349.5019093946957 161.63709726324254 413.8585664298776 220.0316241066598 1.4743066 1.5716195 3.3978522 -6.21614 0.9979016 19.711006 1.2507012 78.46455255687673 
42 Car -1 -1 0 378.2022140124083 164.294661272007 425.43331849067033 201.58643653541887 1.4156544 1.574297 3.8772743 -8.198287 0.80022347 28.898909 1.366 20.441035424524447 
42 Car -1 -1 0 1105.5799153078742 158.6402703636633 1242.0 228.08663613862268 1.8571601 1.7637708 4.318348 16.92044 1.2724025 20.135708 -0.16650163 36.21007562972614 
43 Car -1 -1 0 316.09373879736876 163.34570102298426 391.5222156419812 226.57896852814946 1.5045567 1.6106446 3.7862647 -6.7579556 1.0962343 18.880413 1.1531498 68.38933601563589 
43 Car -1 -1 0 347.71838314393074 166.22057492708166 401.816560523964 206.23511876173467 1.4687057 1.6006968 4.043867 -9.029297 0.9443469 28.092804 1.369689 25.390251756246304 
43 Car -1 -1 0 1079.5728483209987 166.41041881666132 1242.0 229.73562364835905 1.7003725 1.754278 4.4118247 16.253147 1.3218696 20.224825 -0.17090943 50.64341149178927 
44 Car -1 -1 0 284.1735367643036 164.45165732489266 364.92229808649364 230.68290075949093 1.4834695 1.5995317 3.5735602 -7.1056623 1.1238654 17.792881 1.1114706 69.01810764467866 
44 Car -1 -1 0 312.6169009495644 166.21285844225915 371.12975122713783 207.68233030091898 1.4629357 1.632853 4.033068 -9.95884 0.9586892 27.094255 1.3352493 15.287425699484503 
44 Car -1 -1 0 1050.13416394067 163.5141982710914 1242.0 231.61508919506744 1.8492115 1.776343 4.4295044 15.518127 1.3877996 20.298798 -0.09751524 47.777347061250424 
45 Car -1 -1 0 245.89096795689647 165.16124937241776 331.09810423912865 236.51688075320328 1.4999694 1.5759506 3.576171 -7.5751295 1.177394 16.810232 1.0729611 64.24579354458842 
45 Car -1 -1 0 280.84006960075084 166.64186542440808 337.2825031357793 209.84974023597877 1.4592638 1.5947642 4.1158247 -10.795269 0.9910085 26.082888 1.2562592 21.520533847889656 
45 Car -1 -1 0 1025.710634499798 162.87872815638025 1222.3183673776418 233.40287027573294 1.917594 1.8276781 4.69454 15.003405 1.4382813 20.502502 -0.16058742 65.43335400420473 
46 Car -1 -1 0 195.85808692196008 168.00338462556758 300.0538407050839 243.14277805309374 1.4649221 1.5921584 3.611974 -7.995905 1.2211585 15.723527 0.967533 83.52206591619078 
46 Car -1 -1 0 234.30483575174964 168.20447717521753 298.9984105280088 213.39951341315626 1.4589198 1.6145668 4.168463 -11.856213 1.0618005 25.057594 1.2372272 20.981411304242236 
46 Car -1 -1 0 990.831204138426 164.7548866081986 1180.8021906652834 234.8594202119976 1.9196396 1.8333071 4.726893 14.07229 1.4883176 20.736782 -0.20377934 72.13423085707369 
46 Car -1 -1 0 276.81443947550105 173.81338375883792 324.8537689639467 191.48289393810163 1.5185771 1.6223317 3.8404384 -26.679348 0.943339 62.210934 0.36605665 3.17225202890809 
47 Car -1 -1 0 150.452512919733 168.48078923411 257.0192534324082 251.12142100353395 1.4922633 1.5636462 3.5245547 -8.372485 1.27511 14.656094 0.9512468 87.43746178702365 
47 Car -1 -1 0 955.1291426627258 169.7015281243312 1137.6660707702106 235.0030569600191 1.7962847 1.8258474 4.750273 13.062433 1.4990635 20.93766 -0.2578801 78.1115186404601 
47 Car -1 -1 0 185.66440832994542 170.61024241457835 258.952798357597 218.7483869986738 1.4724603 1.6338317 4.290612 -12.798283 1.1697481 23.922962 1.2071097 14.706242284028457 
48 Car -1 -1 0 84.25010565777615 172.12391997340922 211.79321738735788 260.9321265672835 1.4615974 1.5963304 3.7146716 -8.835068 1.3236359 13.57085 0.87000513 89.64882817144107 
48 Car -1 -1 0 919.1958359651052 167.94109117416437 1097.127074035648 233.492266241501 1.8128359 1.8270698 4.705269 12.010537 1.4653331 21.069317 -0.2738162 81.0802509213871 
48 Car -1 -1 0 131.31917797438675 171.9742235899428 209.4206452969484 221.7304377462537 1.4443457 1.6100307 4.2681637 -13.8608 1.1966639 22.80128 1.1498733 11.458849627937802 
49 Car -1 -1 0 68.45449820895486 171.97449845543557 154.13729086406425 224.86960599508703 1.4526229 1.6057849 4.1275873 -14.934941 1.2183113 21.620193 1.0978246 12.656678976267322 
49 Car -1 -1 0 883.7233972608266 164.12263389029695 1053.9630356288615 233.55547898039367 1.925441 1.8242458 4.685632 10.948326 1.4710974 21.2423 -0.33681226 64.51181975703857 
49 Car -1 -1 0 13.372556538321373 171.05190001912223 168.15989128566966 269.2328254995422 1.4726985 1.5813102 3.6124878 -9.09502 1.3308793 12.425533 0.76321596 88.52297830930985 
50 Car -1 -1 0 1.744770527522378 171.41400276441155 91.94049824723668 226.20195476187152 1.424227 1.5861143 3.8862453 -15.98695 1.1878624 20.452703 1.0258602 13.106578367833876 
50 Car -1 -1 0 844.585851823467 162.74090417023885 1012.9705316200412 230.58129596593014 1.8870146 1.8391638 4.7555943 9.822111 1.3928527 21.38675 -0.37138987 84.0085944132084 
51 Car -1 -1 0 809.5945994752783 158.43193451268905 968.5965564984374 227.37505319613797 1.9098834 1.8267738 4.6604986 8.663855 1.298364 21.43472 -0.4569562 53.73893189284146 
52 Car -1 -1 0 773.7801883535216 153.66702119283113 931.810984222905 227.91770961022007 2.0389252 1.8456534 4.7799826 7.5750365 1.3019097 21.409065 -0.52315867 43.76641903314369 
53 Car -1 -1 0 737.7727708371782 156.3548633732551 895.7959704475634 225.74825382190426 1.9001374 1.8338614 4.7762146 6.4786296 1.2388117 21.372889 -0.5388057 51.430623770032035 
54 Car -1 -1 0 702.7285758070711 159.82017505362148 853.1524646137619 225.3377439387355 1.7712586 1.7866845 4.619174 5.271857 1.2120037 21.178074 -0.6156548 82.94024153097668 
55 Car -1 -1 0 663.559719577767 160.1134440985398 818.1694256437733 227.78480210201667 1.7992355 1.826303 4.7945995 4.1478114 1.2570252 21.003532 -0.67013603 78.48020109749402 
55 Car -1 -1 0 1161.0873182441994 171.54412759777148 1209.263079784327 195.44983423407484 1.5582567 1.6328506 3.8712249 39.381477 0.9740513 47.89701 -0.63840365 6.471646946975989 
56 Car -1 -1 0 1101.854698594213 173.48375696644985 1150.6067672428649 195.98770761200677 1.4927987 1.6380435 4.0450644 36.042595 1.0269382 48.778976 -0.65078 5.196371017890975 
56 Car -1 -1 0 628.5047405635 157.77739515581825 779.3153250647673 230.15431326222668 1.9010351 1.7962539 4.5922775 3.0161333 1.304035 20.747849 -0.7090076 53.77801971072314 
57 Car -1 -1 0 1044.903655200628 175.99299241502843 1095.418064062688 199.3516678686172 1.5798645 1.6243951 3.750052 32.667824 1.2745861 49.537766 -0.58854693 7.482551138814817 
57 Car -1 -1 0 589.156719188102 158.10623798045586 744.3980555933456 233.83453641051474 1.9479964 1.8059986 4.6073895 1.9043441 1.3717806 20.399803 -0.7325808 10.150941922842005 
58 Car -1 -1 0 546.6540650662813 159.13869257701464 703.7957407173129 238.30938010209462 1.9791574 1.8707644 4.641971 0.71875095 1.4449892 20.019 2.3118763 0.2927285134792328 
58 Car -1 -1 0 992.3395070139761 179.60126813500827 1029.1709009945841 201.88098350562862 1.5175633 1.6278983 3.938168 28.89743 1.455897 50.19628 2.2616296 0.28100278973579407 
59 Car -1 -1 0 942.3198778803766 180.43270005363266 992.0672495140885 203.11506417726727 1.5592878 1.64812 3.9281251 25.93327 1.5542071 50.45939 -0.6585072 7.87315166096211 
59 Car -1 -1 0 502.58953008125525 161.6838167167309 660.3855346709963 240.1227913789106 1.9034107 1.8818182 4.5021076 -0.4922834 1.4466543 19.504078 2.2437963 25.99312807006073 
60 Car -1 -1 0 457.06401339488934 161.3335545658291 621.1451876582357 241.94503992602029 1.892669 1.8578264 4.4611034 -1.5990386 1.4425068 18.940508 2.217671 69.29803772708377 
60 Car -1 -1 0 893.1490465033261 180.5812853749605 941.9322334449656 203.42007011552906 1.5740182 1.6617932 3.932637 22.477694 1.5795697 50.6511 -0.70778596 10.896797553577287 
60 Car -1 -1 0 1140.2679844509505 186.6417183583587 1220.7616989650182 230.0322784746877 1.4952052 1.628275 3.8215494 21.821043 1.743068 26.72503 -0.6859131 5.275534369048287 
61 Car -1 -1 0 1111.6590102496582 193.44229009742565 1242.0 291.07804664012053 1.3791932 1.5136676 3.2894738 9.924605 1.6365933 12.267196 2.0990973 64.51995186459233 
61 Car -1 -1 0 845.891982194135 178.24995446369854 888.9227602204026 200.95070728250826 1.5570295 1.7013563 4.00968 18.872513 1.4022472 50.590286 2.2500672 10.826516687889962 
61 Car -1 -1 0 408.3100968242205 158.09955458242896 580.6467370309026 243.61414168461232 1.9285406 1.8665206 4.5194054 -2.6765537 1.4232126 18.345776 2.1536922 87.51261402459986 
61 Car -1 -1 0 1112.655991712764 188.0284693352008 1238.1853969402334 259.626449913791 1.4769053 1.5933285 3.9271955 13.662301 1.6816988 17.13941 2.0433364 12.389736113517388 
61 Car -1 -1 0 1080.0328767933092 183.52755451168233 1168.1960137048861 224.63964882600627 1.4757248 1.6030146 3.7851338 20.156452 1.6000798 27.369896 -0.60461766 7.883419386194336 
62 Car -1 -1 0 1069.3146530119952 190.65009478270397 1218.8072621660192 289.02768951808423 1.4056721 1.5279751 3.3665118 9.2204685 1.6090186 12.328742 2.054276 59.30124543089933 
62 Car -1 -1 0 799.4121992679012 177.01234155757152 844.1353114904524 200.16197720732671 1.5815338 1.6957414 3.9140167 15.535127 1.342813 50.35633 2.2553515 22.120016894578853 
62 Car -1 -1 0 1066.0741463706663 183.8744552900641 1181.8107002545605 252.88708944464858 1.4758486 1.597693 4.034801 12.686571 1.5694916 17.495554 2.0212412 19.677716214106976 
62 Car -1 -1 0 1042.1374627504879 181.89697541375267 1099.4527409606678 223.49438571144725 1.525521 1.5871819 3.6480231 18.508278 1.5843265 27.981533 2.2397647 11.346280509071866 
62 Car -1 -1 0 356.8484450120207 158.64837998847943 540.9245984153941 245.66614547780736 1.8671812 1.8687181 4.596806 -3.6715765 1.3981589 17.628517 2.0962298 73.08832634178232 
63 Car -1 -1 0 1032.6922279385847 191.91131558105116 1177.048630277364 290.6127375278752 1.4042065 1.5229207 3.3425245 8.538168 1.6325344 12.319418 2.0216374 87.9065657103853 
63 Car -1 -1 0 996.670485256055 183.30582448339968 1045.2341810221799 223.04413944095356 1.4768416 1.594206 3.4799283 16.738527 1.5970249 28.451143 2.092433 26.192907023402814 
63 Car -1 -1 0 1022.1116412680246 184.82457591185792 1127.1666307853818 253.23415722095936 1.4764102 1.5944773 4.007022 11.609354 1.5975571 17.684288 2.0047677 32.87360259628368 
63 Car -1 -1 0 754.7929850072284 176.8491312864269 799.7558568917751 200.56439471790833 1.5974007 1.7399068 4.0143023 12.227322 1.3510423 49.768467 2.181087 16.512990970586916 
63 Car -1 -1 0 301.2179422458138 157.22978949178884 494.6098552887884 250.1289826257445 1.8932414 1.8492547 4.4775076 -4.6904984 1.4188709 16.823597 2.0433147 53.52427647208485 
64 Car -1 -1 0 989.6788772467496 192.317930689967 1140.6600937052694 291.82668440848016 1.4022369 1.5496614 3.459761 7.8234773 1.639461 12.30687 1.9502423 87.31126151551832 
64 Car -1 -1 0 950.7739531807953 182.9329176005975 1003.8163238129503 223.27112141310613 1.5193588 1.6097997 3.5186894 15.228721 1.6246793 28.776554 2.143384 24.829197634659643 
64 Car -1 -1 0 711.6270805205991 177.28559261751207 755.3671342261641 201.84024502306266 1.6304548 1.6869644 4.085979 9.035097 1.416576 49.137207 2.1031575 22.80206418709616 
64 Car -1 -1 0 983.9196991867789 186.52290720846312 1087.824651649217 255.23219942589913 1.4706926 1.5863447 3.971964 10.619833 1.6390486 17.64708 1.9551198 43.91794057023007 
64 Car -1 -1 0 236.16775747893786 155.48449039532753 446.8317945014828 255.62149153466368 1.9179504 1.8388555 4.4918056 -5.6807184 1.4386952 15.967832 1.9919006 55.349991672670825 
65 Car -1 -1 0 955.3011647560214 193.59530093349727 1103.9156412715286 293.2524489284401 1.38656 1.5551888 3.4938972 7.16932 1.6485486 12.245465 1.9167404 98.12595162015701 
65 Car -1 -1 0 915.1087159177837 183.585249929869 961.3472320111825 223.89827588181663 1.5295982 1.6242988 3.6447225 13.72632 1.665112 29.127384 1.9983542 28.842002259311155 
65 Car -1 -1 0 943.5833940839893 185.61974226631838 1047.8777156662147 254.8179289652816 1.4853697 1.5955073 3.9877179 9.61222 1.6284347 17.638609 1.8987548 39.0430580566745 
65 Car -1 -1 0 670.2834448792325 174.58648750425198 713.465371327721 201.6346781963831 1.760339 1.6841172 4.070699 6.0310955 1.3750483 48.214005 2.027309 27.236628252932576 
65 Car -1 -1 0 167.95086966224878 158.41802779062016 398.36375849486876 258.35409092207465 1.7923388 1.8397576 4.514104 -6.5688887 1.3961834 15.116933 1.9264137 88.41773589822684 
66 Car -1 -1 0 924.049468340799 191.4605947941204 1075.436869787228 293.8759363897702 1.406239 1.564576 3.5575287 6.5382395 1.6229073 12.05345 1.8772008 87.58351430625126 
66 Car -1 -1 0 906.6936069603644 184.54907811425952 1011.7113850999363 253.4635866361977 1.4782305 1.6077228 4.1520433 8.697172 1.5917866 17.644037 1.8518218 53.47064016848293 
66 Car -1 -1 0 628.6494097861951 175.78064809460443 673.5957809725974 201.93565147790204 1.6636844 1.6546062 3.9295576 3.1789944 1.3630725 47.104065 2.0151312 42.75380793360887 
66 Car -1 -1 0 873.911845748274 182.75330079792892 924.8038635878307 220.1192309747321 1.4238786 1.584153 3.619752 12.216784 1.5227566 29.148693 2.065936 16.201456735499924 
66 Car -1 -1 0 86.810623771965 155.40563026357222 348.71683244448474 265.66190062713434 1.8263675 1.8583589 4.5516376 -7.395287 1.4105761 14.165489 1.8959128 104.99611308308047 
66 Car -1 -1 0 870.4476922389541 181.63572058774383 903.9121372043098 210.17786886046318 1.500128 1.587182 3.6997795 15.699663 1.5661426 39.329247 1.9132365 1.3191050013653587 
66 Car -1 -1 0 864.6711648262683 181.36137107421087 894.2321231753298 206.26407651618632 1.4882321 1.5783036 3.5339758 17.218452 1.544134 44.314087 1.8998648 0.3100864887237549 
67 Car -1 -1 0 893.3589835765142 188.89472301682616 1049.829146105797 292.62672964883893 1.4088316 1.5619957 3.5270767 5.9295597 1.5715401 11.812701 1.8219085 88.63604416048693 
67 Car -1 -1 0 875.2099130256079 180.8089305616155 981.8412621022825 251.43846011517786 1.5281925 1.6363094 4.169673 7.8794904 1.5366395 17.536112 1.8085365 55.69001285681401 
67 Car -1 -1 0 589.9809280151105 174.41776918347702 632.875850416935 199.9503883026237 1.5809658 1.5853469 3.5235906 0.51535165 1.2039483 45.710846 1.9588747 35.117731419094305 
67 Car -1 -1 0 843.6586187627248 179.60758830334456 889.818652138433 217.19383986318485 1.4439938 1.5858699 3.5637295 10.85826 1.4094552 29.113796 1.9821608 31.099003156051513 
67 Car -1 -1 0 2.3035323688752127 154.70208074448763 293.1036645178599 275.9156680263679 1.8454616 1.8143322 4.475713 -8.102753 1.452591 13.163435 1.8406075 106.982833521259 
67 Car -1 -1 0 714.8960140767146 178.36126113106624 740.5693238173485 193.32820542640792 1.5971735 1.6731921 3.6432614 13.566406 1.3682363 77.45056 2.0762522 2.389642944733178 
67 Car -1 -1 0 834.5168123558678 179.1690022008519 866.9059821513308 207.2444774144251 1.4924338 1.5607568 3.5082345 13.731133 1.4213295 39.490074 1.8640132 0.2716996669769287 
68 Car -1 -1 0 867.3972307146055 186.074314803041 1033.303093726524 291.89414665187644 1.4038383 1.5723003 3.5997062 5.408134 1.5095478 11.503128 1.7729486 92.43419062672511 
68 Car -1 -1 0 847.644346192971 178.7381293147578 955.6244775758246 249.32871626981418 1.5019002 1.6132748 4.214913 7.096877 1.4642737 17.267208 1.7659619 69.71511689453415 
68 Car -1 -1 0 813.9103587422059 174.5855477400627 857.9490981910275 213.82114393187015 1.5035853 1.5928733 3.5044923 9.556949 1.2766787 29.015015 1.9234444 27.47513132736539 
68 Car -1 -1 0 554.9429134531042 169.88922972968976 600.9047354369962 198.72012919103184 1.7280121 1.601609 3.873148 -1.5941181 1.0916477 44.46954 1.9021559 40.37992479400724 
68 Car -1 -1 0 0.0 150.42200107759604 242.6779432222368 286.18691721744784 1.894416 1.7995409 4.418054 -8.63337 1.474626 12.224973 1.8092712 96.81811323247992 
69 Car -1 -1 0 848.5580249353247 185.45406192526573 1019.9560223562239 294.26444372155873 1.4028507 1.5568193 3.4527016 4.966711 1.4933889 11.110478 1.7311382 99.19896511778337 
69 Car -1 -1 0 824.6704241629461 176.68703521678077 936.3616657652871 249.3506751043239 1.5186551 1.6231503 4.222016 6.467121 1.4388268 16.987848 1.7251091 78.01700325680126 
69 Car -1 -1 0 791.915124923913 173.76185910494115 836.0952743123202 213.63959050849357 1.5156944 1.6231847 3.580953 8.5281925 1.2593364 28.818188 1.848154 40.5893660295418 
69 Car -1 -1 0 521.0779565790399 167.63255476823124 569.9019753489029 198.21538579781605 1.7717582 1.6204402 3.9345167 -3.5131845 1.0259244 43.07989 1.8682501 48.697706638025956 
69 Car -1 -1 0 655.4828665636699 172.8266505213483 679.5961079158138 187.94488722865106 1.5632873 1.6622814 3.7312565 6.769766 0.76914847 75.14863 1.9162133 2.4661606598838053 
69 Car -1 -1 0 781.3808458569397 173.0188656816458 814.4133961097097 201.88768850338306 1.5302335 1.6026433 3.728826 10.863078 1.133335 39.499207 1.8863413 1.817056738679938 
70 Car -1 -1 0 833.677150703024 185.2600516670001 1020.1994442459256 299.4462747414597 1.4018273 1.5696198 3.5416255 4.6358213 1.4861382 10.687648 1.6927665 89.21545493896829 
70 Car -1 -1 0 806.8386051745744 176.11433132643705 923.6540051216414 250.98214230130006 1.519794 1.6193006 4.254622 5.93478 1.4306321 16.561007 1.6893092 62.22529394856729 
70 Car -1 -1 0 771.4060072975976 173.68557960739912 815.8443006974937 213.59546201765164 1.4950675 1.6080146 3.5460038 7.6639175 1.2395444 28.417053 1.8659939 44.856961694476354 
70 Car -1 -1 0 493.7467097740827 167.98174869868882 543.8666381741593 197.63470404005497 1.6554997 1.6335735 3.7808447 -4.9492216 0.9562473 41.511032 1.8314402 55.73373712045617 
70 Car -1 -1 0 632.5008623906878 171.52063016120613 654.4093884811763 186.32220064268432 1.5016025 1.6142244 3.8091311 4.1338115 0.5899854 73.770905 1.8099655 2.419934979332895 
71 Car -1 -1 0 825.3119568024331 184.46025888854953 1025.4536984809715 305.64762858014114 1.407172 1.5765817 3.553548 4.3640547 1.4744291 10.179228 1.6742377 101.74457142731957 
71 Car -1 -1 0 755.0751970656786 171.69355565832674 799.6582659381631 212.47055636539247 1.5063896 1.6113853 3.5599256 6.865682 1.1808167 28.040403 1.8108761 33.85392361948083 
71 Car -1 -1 0 793.4467760038941 174.6163533328081 912.4572448825759 250.94670314293276 1.5074304 1.6181116 4.207938 5.497368 1.3911052 16.138208 1.6718506 84.77199528104995 
71 Car -1 -1 0 466.13294188808413 167.08739715654139 518.7592644099616 199.9443230020741 1.7625375 1.622926 3.8137736 -6.2484875 1.0426935 39.969463 1.7999314 45.89841253605107 
71 Car -1 -1 0 611.7581100119199 170.97465816268664 636.7521578547467 186.64444591909088 1.5546651 1.6394553 3.7356904 2.086763 0.6089606 72.17364 1.8610654 2.5857818033724977 
72 Car -1 -1 0 817.094489999599 185.8013186998845 1033.0013616163794 314.987831980611 1.4132583 1.5835128 3.5789397 4.1362624 1.4999685 9.73271 1.649941 90.63342476378003 
72 Car -1 -1 0 741.190176125623 172.8816815248132 790.3522962941713 214.6158323219782 1.5130515 1.6272051 3.5774546 6.3587184 1.2366135 27.581394 1.8644772 52.86478606906041 
72 Car -1 -1 0 780.9952917331657 176.8197010425628 906.2764050055653 256.65151907811 1.5208179 1.6306373 4.356812 5.123583 1.4505813 15.707586 1.6531699 86.01826861241597 
72 Car -1 -1 0 439.1579119262685 168.92610932011902 496.6331775277341 203.9530622803492 1.8002398 1.6420695 3.958608 -7.334076 1.2050503 38.44819 1.7855167 60.295846554615615 
72 Car -1 -1 0 726.3452762443014 173.8462612540372 754.3322238592443 199.02731827697926 1.4757125 1.5813599 3.6796658 8.321247 1.0853891 43.379124 1.7325463 0.2624931335449219 
73 Car -1 -1 0 811.7407412313996 188.09116197837722 1046.2003336180098 329.3556070495879 1.420428 1.5787897 3.73739 3.926169 1.5401437 9.23801 1.6451254 78.88019054627831 
73 Car -1 -1 0 730.9996133341847 175.05299723284398 776.7560581129552 218.1838297456699 1.535027 1.6012658 3.4075 5.7696176 1.340933 27.009468 1.8117155 40.341936490988 
73 Car -1 -1 0 774.3531283052063 178.79009721876082 904.5079147120525 261.9161362501052 1.5209638 1.6296118 4.322197 4.839382 1.4895567 15.150959 1.642654 72.7704281273611 
73 Car -1 -1 0 413.514255525121 173.5729305537598 474.858892025806 209.54465033186264 1.7711354 1.6443567 3.892059 -8.266645 1.4297428 36.887234 1.779943 72.60081859541937 
73 Car -1 -1 0 719.6645340813732 177.21989797220647 751.6079460051697 206.62294817331494 1.4942621 1.5923319 3.647594 7.000628 1.3272316 37.859253 1.7301567 5.488519250857445 
73 Car -1 -1 0 575.2491651206311 177.13889398350798 601.1187550374777 193.60134111630208 1.5634457 1.7045255 3.804926 -1.5247858 1.2436125 69.18651 1.779428 4.538795852319551 
73 Car -1 -1 0 713.0242963843767 177.1623928517016 741.7978371559888 202.6883834496198 1.4784169 1.5768664 3.5837765 7.432803 1.2847264 42.83168 1.7039988 1.4175488676791315 
74 Car -1 -1 0 810.8147422293334 189.56643755802887 1072.2414139411862 344.6203110958914 1.434493 1.5755457 3.6436517 3.7676244 1.5686166 8.612682 1.6146756 99.24907663626819 
74 Car -1 -1 0 767.6663945878596 179.89210791462233 906.3887443380466 267.6340747691299 1.5328484 1.6331645 4.2889605 4.574666 1.5221131 14.535301 1.6215992 98.06542784417638 
74 Car -1 -1 0 723.3171570564551 179.0599432527123 770.7905350258599 221.52587575695665 1.4805396 1.6330844 3.480866 5.3618283 1.4301028 26.519655 1.7730165 50.03618308607159 
74 Car -1 -1 0 389.8917964716943 173.86007801528456 454.28590819412153 211.13012369021797 1.7523733 1.6698353 3.9744904 -9.012629 1.439865 35.33833 1.7292417 83.03360576601811 
74 Car -1 -1 0 713.6860058475701 178.6420927544996 764.0974445316824 214.51420021786225 1.4942721 1.6054718 3.892583 5.9208603 1.4166048 31.421753 1.6004412 2.4480406315817818 
74 Car -1 -1 0 700.2363111807828 179.04326569081098 734.1441188903249 204.93572244422225 1.4906781 1.5703166 3.5744147 6.7581067 1.4064307 42.516674 1.60154 1.4532663609971663 
74 Car -1 -1 0 705.6602819154155 178.27237380505133 745.7552826236453 206.93892593336406 1.4415253 1.5537186 3.4268951 6.363289 1.3291748 37.275246 1.5800803 1.1524501777786493 
74 Car -1 -1 0 690.7948999604647 176.88309959507717 717.2870016042929 197.5720472173576 1.5295272 1.6155015 3.8501008 7.62939 1.2616425 54.224075 1.6058122 0.8397369058204284 
75 Car -1 -1 0 815.5828581244422 190.52124221993563 1108.1852542198228 362.3124760600496 1.4404674 1.5794809 3.5936723 3.6533546 1.579118 7.9651017 1.6064662 82.67484916762793 
75 Car -1 -1 0 764.9164856032315 180.91683136161132 912.8466224725541 272.92655625483707 1.5301808 1.6248631 4.340888 4.411578 1.539566 13.977183 1.6076324 108.95349426091111 
75 Car -1 -1 0 716.373936803786 178.47909174238222 765.6715050047085 221.72320265890855 1.4737957 1.6438289 3.4261866 4.9558597 1.4046962 25.915169 1.723777 44.699379312481874 
75 Car -1 -1 0 366.60194500233195 172.54015190658725 435.61164871278805 211.86994820965108 1.7647123 1.6643077 3.9917827 -9.619204 1.4072607 33.8224 1.7199248 79.74895348345707 
75 Car -1 -1 0 706.9481104166915 176.70604647027787 752.2355936049294 212.9693882679636 1.4940745 1.5816827 3.690456 5.447109 1.3374888 31.027945 1.6423255 6.251399563172317 
75 Car -1 -1 0 683.7009690526169 175.81337506188729 711.9358248934303 197.51816621252618 1.5812451 1.6443512 4.2537084 7.1661987 1.2393321 53.773964 1.8193771 2.8886950881308615 
75 Car -1 -1 0 695.1699218054699 177.94766463806604 726.9436889093735 204.58394809017764 1.5037501 1.5918105 3.695232 6.284487 1.3592851 41.819706 1.6476516 1.9901057622556562 
75 Car -1 -1 0 700.241328589252 178.3999954635792 737.5353455508555 207.4554757266285 1.4361365 1.5703554 3.5413465 5.9215345 1.3320122 36.76323 1.6323631 3.052164893064789 
75 Car -1 -1 0 549.5646737766805 176.5454184113348 579.7656125456099 194.37058877105122 1.6126797 1.7428434 3.9289165 -3.64776 1.2543029 66.08422 1.8127227 2.583284764472813 
76 Car -1 -1 0 823.3692252287265 192.2125016380761 1147.0757438498374 375.0 1.4391387 1.574036 3.6356559 3.5935926 1.5931373 7.451931 1.6134872 102.96683626227109 
76 Car -1 -1 0 762.4929880017625 181.67162136214262 920.9456253648368 278.1478889708302 1.515857 1.6197315 4.341327 4.2419033 1.541461 13.350647 1.5934788 107.11405690316512 
76 Car -1 -1 0 709.9060266675582 178.75578764819667 760.0435065389509 223.00458649215165 1.4665434 1.6435796 3.352368 4.630262 1.4085158 25.221172 1.7338401 54.16639691210627 
76 Car -1 -1 0 343.58683038045564 172.86823391241876 416.9502507383677 214.337658809403 1.767911 1.6588342 4.0071206 -10.106223 1.4422743 32.235172 1.6977959 86.3075086621844 
76 Car -1 -1 0 701.8922851296028 176.6039802334551 745.2515215475762 214.20884786139527 1.5141327 1.5752058 3.6548657 5.073184 1.3569963 30.36266 1.6656795 14.432291570613387 
76 Car -1 -1 0 690.8620108940002 178.04867866714537 729.2037505407337 208.0414932730699 1.4540668 1.572042 3.6404622 5.364173 1.3349051 36.13243 1.6166172 7.635811583398591 
76 Car -1 -1 0 685.1675385526272 178.35641214685674 718.6232536348167 205.41531192188842 1.512052 1.587522 3.7294977 5.683222 1.3918991 41.40538 1.6114174 2.656367559835182 
76 Car -1 -1 0 539.235791558803 177.11065202383526 567.637847781381 194.39994944337224 1.5231857 1.6445923 3.717413 -4.5705576 1.2240024 64.27518 1.7688974 1.689687213294967 
76 Car -1 -1 0 678.0685031980048 175.87861834417032 705.20847724497 197.63100515595963 1.5690644 1.6213853 3.804925 6.600045 1.2352338 53.039024 1.8015572 2.252104500086832 
77 Car -1 -1 0 831.25638365285 193.7007558294869 1211.0586335762991 375.0 1.4262431 1.5652066 3.5819883 3.489198 1.5857129 6.7380953 1.5925453 92.48007958257692 
77 Car -1 -1 0 703.9357362387057 178.18777817586204 754.6003100844696 222.80339577569833 1.4378839 1.6186764 3.3300533 4.36817 1.363152 24.574219 1.7594123 51.0640638542723 
77 Car -1 -1 0 758.9370737299297 181.97747720590954 927.5375738073946 283.3778069046437 1.5040859 1.6182563 4.2915077 4.040405 1.5349967 12.7045765 1.5815258 128.07940385556495 
77 Car -1 -1 0 317.5622908308163 173.391566434341 398.4380182511643 217.00301141270631 1.765323 1.6718503 4.049364 -10.589765 1.4773173 30.738308 1.7045231 80.21635067789644 
77 Car -1 -1 0 693.4142053690792 176.62459264405447 739.5361706519587 214.9526981937479 1.5088809 1.5748283 3.6272244 4.6595516 1.3560557 29.69387 1.6331024 18.47709127222024 
77 Car -1 -1 0 682.9638187232915 178.33366853342557 724.0796979780155 209.17581214051486 1.463911 1.5917472 3.721839 4.928871 1.3607733 35.432922 1.5863667 12.372284461868453 
77 Car -1 -1 0 679.2217911401847 178.60537836956306 713.1951516160682 205.67451328851118 1.4859961 1.5975046 3.7551372 5.259924 1.3816257 40.719757 1.607131 0.6575102944863623 
77 Car -1 -1 0 665.8378275239502 176.78396276206337 694.8403900799731 198.07195702491276 1.523215 1.6012237 3.7346914 5.623758 1.2568495 52.49093 1.528417 0.36547523736953735 
77 Car -1 -1 0 525.545007433131 178.31461896999667 556.3789267504377 195.82338035685095 1.4959319 1.6321427 4.1517763 -5.5476375 1.3086505 62.603046 1.7626975 0.34402433037757874 
78 Car -1 -1 0 760.8428364284814 182.2911622830556 941.4061289643904 292.5283326670659 1.52774 1.6226065 4.284603 3.9253643 1.5635151 12.021358 1.5840867 118.80940593753066 
78 Car -1 -1 0 838.9709583637976 193.57959312991554 1242.0 375.0 1.4569967 1.5660211 3.6398106 3.3922973 1.6038167 6.108737 1.5865195 90.59759304177066 
78 Car -1 -1 0 698.5779782415646 178.39793979917323 751.1544689806326 225.7275610175975 1.4864664 1.6376072 3.5100057 4.101787 1.4202402 24.072323 1.7369379 37.48687248256593 
78 Car -1 -1 0 293.3297552660945 174.98885165808255 378.0307354209887 220.25808029667152 1.7366108 1.6642838 4.0075474 -10.969429 1.5249395 29.198723 1.6679015 81.37429059721444 
78 Car -1 -1 0 513.7989486927481 178.46343927071575 545.8256797338339 196.94875498055617 1.5368452 1.6671462 3.929243 -6.353826 1.3669789 60.87064 1.7625487 6.96651773899041 
78 Car -1 -1 0 675.2260500551604 178.6510909126808 711.3465383847644 206.7814196132886 1.5071809 1.6002185 3.6898146 5.070496 1.4077652 39.865757 1.8134625 3.136348236780396 
78 Car -1 -1 0 682.8262388782867 179.31252506104792 719.7902523624466 210.44472215167514 1.4473243 1.610949 3.6549678 4.7303934 1.3918118 34.75923 1.6550288 6.034381445940697 
78 Car -1 -1 0 686.672461750821 177.70128280293676 736.4520761525895 216.45613885738712 1.4932024 1.583307 3.6766448 4.358325 1.3851149 29.101189 1.5977402 9.14716088811028 
79 Car -1 -1 0 763.0778805164156 181.92325367245135 965.7388566785124 299.9278476214118 1.5234029 1.6328294 4.371907 3.8734758 1.5505705 11.369853 1.5664337 128.30285726364872 
79 Car -1 -1 0 696.2043197156329 178.63459649191378 752.0635084629113 227.05887215625015 1.4762846 1.6134897 3.5258815 3.8996747 1.4192137 23.395138 1.6789278 47.1375651285003 
79 Car -1 -1 0 671.2053454847534 178.28217808661336 702.428481091495 206.27355262928356 1.4851139 1.5789175 3.6419792 4.567648 1.3670943 39.388504 1.6460775 5.305932603337132 
79 Car -1 -1 0 504.1632371356145 178.10321067541466 536.0536650896784 197.11319297098368 1.5356578 1.674094 4.0056963 -6.991081 1.3415074 59.21839 1.7139528 8.159562300204215 
79 Car -1 -1 0 264.567446454028 174.32547869971057 358.7606895458207 223.78294753924322 1.790668 1.6603777 4.089235 -11.33495 1.5668727 27.720596 1.6768558 72.10963307776325 
79 Car -1 -1 0 676.8529555044952 178.8995652364031 716.6403033730946 210.71882639938124 1.4548966 1.5885173 3.583714 4.424543 1.3814166 34.151104 1.6107385 7.70962336906281 
79 Car -1 -1 0 685.5606255120648 177.15098244377242 732.6793680304366 216.53571764562687 1.4794947 1.5787681 3.6337657 4.160614 1.35344 28.42458 1.6355344 12.437451597635647 
79 Car -1 -1 0 657.1068225284987 177.26094000955638 685.9001883679953 200.20633489584955 1.5991659 1.6498312 3.8982332 4.846765 1.372961 51.24064 1.553302 0.47048911452293396 
80 Car -1 -1 0 768.2818737951603 181.332732305123 987.7786919566735 307.76698801202036 1.5162933 1.6276064 4.25878 3.793912 1.531223 10.642594 1.5635493 123.95088552270153 
80 Car -1 -1 0 696.083413273038 178.1800796000072 751.613120856603 227.40580245917738 1.4484394 1.6222838 3.4920087 3.8541145 1.3799826 22.66716 1.7500057 44.19215232098001 
80 Car -1 -1 0 682.7720689061639 176.11815879101968 733.3324624248421 217.5362534248527 1.5151116 1.6043196 3.7221808 4.0144496 1.3545781 27.761292 1.6178827 31.217374142933135 
80 Car -1 -1 0 673.6737821946028 178.54687518230588 713.890560136402 210.83478049683387 1.4426169 1.5675572 3.5917568 4.1872196 1.3550565 33.413586 1.6065786 17.426882861182246 
80 Car -1 -1 0 237.5700301862684 173.10116332247281 339.78921061443776 225.63041505839402 1.790475 1.6604573 4.0407376 -11.546404 1.5380583 26.195692 1.6749055 75.11394321447159 
80 Car -1 -1 0 495.3865482370938 177.8050685337846 527.944510070635 197.2907077154506 1.5287383 1.6474646 3.8903642 -7.4755545 1.3167901 57.512478 1.710983 7.2360694812365995 
80 Car -1 -1 0 652.2892814180894 176.800511215043 679.1437982702155 198.4713228317304 1.4887894 1.5889364 3.7106943 4.3609176 1.2341799 50.430454 1.5699568 1.2124578676375573 
80 Car -1 -1 0 667.4249064308062 177.87031249806157 699.0541833747618 206.31214114043303 1.4840593 1.5828104 3.7003164 4.300844 1.3465008 38.795784 1.6436067 0.2778130769729614 
81 Car -1 -1 0 773.6492803086023 180.00707756725873 1019.6284381046515 317.8432967628319 1.5181744 1.63358 4.3216534 3.746145 1.5126724 9.957945 1.5590569 133.98204756042415 
81 Car -1 -1 0 696.5503210430223 176.311867476946 754.0408716147192 227.69125301579965 1.4597266 1.6204631 3.6244755 3.7559648 1.3405509 22.007736 1.7342696 45.6159547607219 
81 Car -1 -1 0 678.4175986396136 175.3906153918811 732.4394474552021 217.21457857934732 1.4924977 1.581497 3.6544354 3.8095903 1.3099324 27.066898 1.5816364 35.851822691071 
81 Car -1 -1 0 208.08832278499156 171.58146896637754 318.84911148241366 227.00188744846227 1.7724278 1.65356 4.0347834 -11.744765 1.4869885 24.694866 1.6589887 87.94841051060111 
81 Car -1 -1 0 653.2022868549831 175.33516626553947 677.8437621733531 197.43720953233023 1.4915851 1.5849364 3.8624687 4.3531933 1.1425837 49.730377 1.6944569 7.4440630785710935 
81 Car -1 -1 0 486.04765751808446 177.7048561430755 523.2250807437107 197.31966625126222 1.4906487 1.6481676 4.2748747 -7.8227205 1.2777267 55.98423 1.7527016 3.251542577161603 
81 Car -1 -1 0 671.3505488550827 176.43737123093234 715.1681852225092 210.004094196266 1.4665784 1.6069925 3.789401 4.0776677 1.2887876 32.79818 1.5853314 2.6748680862175918 
81 Car -1 -1 0 667.2031165625916 175.77550595681805 700.1114644811502 204.8082809724723 1.4817528 1.565497 3.6051 4.3143306 1.2402904 37.992916 1.7367069 2.37297156788048 
82 Car -1 -1 0 781.547292837763 180.76781127107282 1060.0244350021405 331.0206227302845 1.4939299 1.6226397 4.284106 3.7018385 1.4981258 9.197716 1.5477595 141.65931044440737 
82 Car -1 -1 0 695.1869933169761 175.36015533671215 756.660301413357 229.8588746094295 1.4959652 1.6493003 3.605569 3.5879674 1.3546975 21.29757 1.6921995 38.4617063119788 
82 Car -1 -1 0 680.270408522424 174.79915009866951 733.7957560290882 218.3592896344242 1.5010153 1.5961455 3.7715557 3.7543018 1.3043451 26.282476 1.6142223 27.779612391084715 
82 Car -1 -1 0 477.954032324214 177.3531063966544 513.1110886931738 197.4286626542955 1.482137 1.6123719 3.7087092 -8.271966 1.2493205 54.157066 1.7267565 6.282932728943138 
82 Car -1 -1 0 174.43951219508318 171.0190290202358 297.25945342000324 231.43221391362184 1.8021585 1.6605374 4.1227446 -11.912931 1.5191388 23.207224 1.6424954 84.16485775136867 
82 Car -1 -1 0 669.1348391173951 176.42931964917113 712.0283050813688 210.30482608174358 1.4460938 1.5923805 3.7786472 3.8684943 1.2720406 32.095047 1.6005698 7.95635203868893 
82 Car -1 -1 0 650.3378032767027 175.7524827008726 677.0795573615104 197.88660895125997 1.4706688 1.5991371 4.007657 4.1741667 1.1547881 49.078403 1.7182835 6.2202687609901925 
83 Car -1 -1 0 793.2267053162157 180.917202730778 1108.6136246439296 351.2266921602544 1.5180836 1.6338971 4.2646036 3.67483 1.5242385 8.455762 1.5574429 133.9135882105781 
83 Car -1 -1 0 695.536862933304 176.10780239021594 758.7508090843953 232.34866619243869 1.4820855 1.6345595 3.4188633 3.4754484 1.3661661 20.429585 1.6942991 53.242660843729844 
83 Car -1 -1 0 678.3254201261562 174.1671545831387 733.3514462841389 219.74405410628611 1.5284514 1.5801617 3.615489 3.6049366 1.3158537 25.54411 1.60368 34.573621693122725 
83 Car -1 -1 0 469.4151984500814 176.30138427210662 505.747401282466 197.91665720111027 1.5456057 1.6205473 3.7514763 -8.610083 1.2449101 52.527534 1.7095724 8.96867925286096 
83 Car -1 -1 0 666.835387598329 175.74967614348688 711.133642223093 210.01984741108717 1.4293702 1.5575985 3.5031104 3.6970963 1.230964 31.246576 1.5769928 13.567020509564356 
83 Car -1 -1 0 138.7207185951616 170.15806342248396 273.4269728951126 235.5238124060926 1.8150327 1.6358669 4.059547 -12.037227 1.5276812 21.716398 1.6430463 90.29634572299315 
83 Car -1 -1 0 662.4488948542778 176.29829549137168 695.015131596395 206.75035342433267 1.4912305 1.590036 3.7144349 3.8698268 1.2851504 36.55827 1.6824274 7.484182649870367 
83 Car -1 -1 0 647.8874801621889 175.28755478988876 674.1726436566057 197.74166410542858 1.4692152 1.5718311 3.6837935 3.8414292 1.1277226 48.122498 1.5930297 4.938433287213262 
84 Car -1 -1 0 804.1174011536124 181.02906973303467 1177.8649672531415 375.0 1.530936 1.6383705 4.252093 3.634298 1.5381805 7.658035 1.5457287 153.23050808056263 
84 Car -1 -1 0 697.1922902363598 176.1322201773262 762.9154262947295 234.16135559610032 1.4686322 1.6220304 3.399748 3.4234414 1.3579229 19.680887 1.6937494 33.42003242483326 
84 Car -1 -1 0 679.068365882866 174.4993399796486 736.4000906550947 220.99587332322233 1.5049417 1.5777111 3.6521192 3.5510793 1.310506 24.734613 1.6019216 39.604665153178146 
84 Car -1 -1 0 458.6161163181622 176.4251443568636 498.00945061215714 198.0554397505669 1.4923491 1.6700089 3.860574 -8.987934 1.2107549 50.809696 1.710778 12.62978781066741 
84 Car -1 -1 0 667.1046422142241 175.46220110838806 710.9607178480851 211.13235055394316 1.4494252 1.5700027 3.4729931 3.6086688 1.2444502 30.488874 1.5998204 14.89628294367457 
84 Car -1 -1 0 95.79575368162112 170.45219280686752 246.19722502041353 241.53642253466802 1.8245881 1.6376901 4.0504603 -12.17635 1.5665116 20.221035 1.6334296 92.05857449997245 
84 Car -1 -1 0 662.2985556052888 175.11964828637983 696.0392486515613 206.11770932381106 1.4804683 1.6060222 3.8094213 3.749673 1.223187 35.733456 1.653848 18.018938519938263 
84 Car -1 -1 0 647.6823539700721 174.83404866791642 674.5818058238161 197.87686306332796 1.4832447 1.5643165 3.587158 3.7836316 1.1181073 47.317535 1.5862143 3.452502353675148 
85 Car -1 -1 0 817.6769198823453 177.2110854601727 1242.0 375.0 1.5191023 1.6366053 4.2222576 3.575102 1.4968188 6.90617 1.5531158 118.090076287064 
85 Car -1 -1 0 697.4817539810092 174.46692677876788 768.3037880555403 235.67680552006544 1.483613 1.6468983 3.5031538 3.36453 1.3372225 18.972422 1.686401 54.3177619644875 
85 Car -1 -1 0 677.7928182551826 173.69681111900846 740.2522318261242 222.17841770366093 1.5195125 1.5928047 3.6814182 3.4814115 1.3060796 24.005348 1.5761915 40.49418140534136 
85 Car -1 -1 0 451.7805461344009 175.84508037249213 491.965229693493 198.55988067393457 1.5166298 1.6862803 4.057604 -9.165411 1.2053874 49.310654 1.6696906 16.637037380430336 
85 Car -1 -1 0 48.795426138913946 171.08382937512647 218.4348745679633 248.11647546679967 1.8188192 1.6154886 4.031368 -12.250877 1.5963378 18.763304 1.643677 126.80515595862805 
85 Car -1 -1 0 666.3310845978865 174.90739803813364 713.1444293091762 211.61013673540438 1.451228 1.5866402 3.5733953 3.5451603 1.229835 29.754833 1.585371 15.705484643418357 
85 Car -1 -1 0 659.7755291376822 174.49251325412848 696.6271348740469 206.32239893133257 1.4933225 1.6057594 3.7236533 3.6268406 1.2111669 35.069046 1.617538 14.704301754385545 
85 Car -1 -1 0 647.5200713489643 173.9715123011988 674.6306759868014 197.54199863062567 1.4922117 1.6084102 3.9044523 3.7297666 1.0784848 46.740944 1.6051894 5.460856555856344 
86 Car -1 -1 0 680.5737918076316 172.76479313082424 743.9861023768059 224.9021120607608 1.5752295 1.5955956 3.5404413 3.46209 1.3413254 23.146843 1.5893251 46.97224892677744 
86 Car -1 -1 0 701.1044819319342 175.46114760639756 775.3054761533156 240.08025284979055 1.4971286 1.628582 3.455979 3.3557909 1.3802328 18.191097 1.6854733 40.727232113749096 
86 Car -1 -1 0 445.05060604561316 175.61254763692438 487.27070223904934 199.559790022881 1.5459905 1.6981387 3.938008 -9.248244 1.2300389 47.696274 1.6810216 22.109986307918952 
86 Car -1 -1 0 0.0 174.22234137175624 185.85023405862202 257.6821675708757 1.7976315 1.6132504 4.031622 -12.311296 1.6622754 17.288301 1.6288966 118.50007866217514 
86 Car -1 -1 0 647.4863681285508 174.94881133304878 674.1805401598234 198.91846578772245 1.4869764 1.5709931 3.521228 3.63049 1.1421942 45.651497 1.6087283 6.702657422738749 
86 Car -1 -1 0 662.8661699583793 174.61775469711972 697.889452824394 206.60654053489105 1.4577944 1.5909269 3.7517579 3.6774008 1.1894274 34.16964 1.6741816 6.835483537413516 
86 Car -1 -1 0 670.8491722688385 175.70687161291968 717.3808577980435 214.06133618738684 1.4768943 1.6066409 3.625737 3.6412861 1.2920735 29.072927 1.6155163 9.102282278383688 
87 Car -1 -1 0 706.9121881372885 174.60451553794178 783.6899844379606 242.71777657858433 1.4967166 1.6412084 3.4597464 3.3686152 1.3670244 17.361942 1.7070135 53.16203135806693 
87 Car -1 -1 0 435.83243133495745 177.2930207487693 480.45165943841414 202.6108327125142 1.5711526 1.6823039 3.8533514 -9.415838 1.3717264 45.894157 1.6960349 17.2425283290212 
87 Car -1 -1 0 681.56915739579 173.55234712189363 749.5640805152478 226.61739567456087 1.5420008 1.5929374 3.6780858 3.441659 1.3399191 22.38952 1.5765488 54.71285559501672 
87 Car -1 -1 0 645.7596604815948 176.5625175832637 674.9846629329872 200.12269794209834 1.4405153 1.5772102 3.6979604 3.5508237 1.199366 45.081165 1.5731027 4.493949928540025 
87 Car -1 -1 0 0.0 173.76836131741166 151.866969527656 267.37887191538323 1.8194715 1.6346714 4.1196127 -12.388412 1.6885028 15.858677 1.6469681 82.90644919881713 
87 Car -1 -1 0 670.9238258380573 175.25093829549425 718.2691853835015 213.64072236452176 1.4340689 1.5573428 3.5040913 3.5493698 1.2377409 28.190678 1.606199 9.377932912259043 
87 Car -1 -1 0 658.7917259341 175.03345146549742 701.6991005172936 208.2399673137697 1.482483 1.5896174 3.7273471 3.5456686 1.2381376 33.437847 1.5600642 4.479034986895434 
88 Car -1 -1 0 711.7015595107811 175.6158926748631 794.3199115506119 247.59279457949657 1.4959288 1.6357957 3.5272307 3.3778856 1.3942828 16.5517 1.7042687 56.27816713334001 
88 Car -1 -1 0 684.0091126491266 173.53110006089568 756.4713571057258 229.39496975210827 1.5560484 1.583196 3.584974 3.439721 1.3617506 21.494091 1.5615435 62.621086126482254 
88 Car -1 -1 0 428.03156929138527 177.71950209647068 474.6273597958302 203.11439162332803 1.5148368 1.6521661 3.7859595 -9.483029 1.3485825 44.163555 1.7062292 39.79172818765648 
88 Car -1 -1 0 671.5231560998417 175.31332955766933 724.0524542704869 215.88897271735115 1.4626648 1.5835438 3.644054 3.5525074 1.2754583 27.318022 1.5815184 23.4150623499492 
88 Car -1 -1 0 661.250949901487 174.71538132199663 704.6654403442863 210.31936588871537 1.5445313 1.6211486 3.7798793 3.5753226 1.293303 32.571827 1.5826589 11.72311715249894 
88 Car -1 -1 0 649.4117661553753 176.36717113633114 675.83917634973 200.45191848530868 1.4434977 1.5801061 3.7628756 3.632395 1.1954043 44.304398 1.6346741 2.4256378552048616 
89 Car -1 -1 0 712.3694268483629 175.33293096985315 803.9145643979057 252.5055035558343 1.5203764 1.6285436 3.4407883 3.310412 1.4184499 15.726876 1.6774536 68.88428626660057 
89 Car -1 -1 0 420.17963607106026 178.92435195635042 468.94119356295863 204.73924147755193 1.4850626 1.6811411 3.7268739 -9.558636 1.3940396 42.632446 1.7026293 39.427665929825 
89 Car -1 -1 0 687.4613004545932 173.90800570436423 761.9470321122758 231.83395149125016 1.5519376 1.5992932 3.6943986 3.45057 1.3751495 20.799122 1.5819867 55.8276584044107 
89 Car -1 -1 0 670.5724988677946 176.33454268805022 727.7934213011572 218.29010984569135 1.4698961 1.5997046 3.6585884 3.5063803 1.3237295 26.614681 1.5526605 22.26944107617679 
89 Car -1 -1 0 661.5956685729075 175.0608643179508 705.3338707852906 210.15222562662547 1.478177 1.591007 3.7942426 3.4992254 1.2487823 31.692778 1.5863509 12.978784375323777 
89 Car -1 -1 0 650.1939718820023 177.01385578725385 677.4232090887505 201.67100996853634 1.4458339 1.5914212 3.8021104 3.7037742 1.2410277 43.43309 1.6749585 4.4902788825953515 
90 Car -1 -1 0 720.8724440166466 175.7042520057517 817.5299946705219 257.749527187603 1.5091782 1.6352468 3.4946885 3.3409295 1.4208415 14.844019 1.7001805 76.33334818547232 
90 Car -1 -1 0 690.123397040139 175.37887349323864 769.6785451658603 234.60293791285835 1.5161245 1.5856339 3.607204 3.4411268 1.3848555 19.906857 1.5670848 55.73827799249241 
90 Car -1 -1 0 407.6281929142822 178.74216041778033 461.6251100416863 207.7419223039432 1.5956397 1.7277673 3.9633508 -9.751703 1.4985554 40.983337 1.7054465 52.60644310587335 
90 Car -1 -1 0 675.1829896793732 175.67897517624468 730.0113689277209 219.73827464524834 1.4935482 1.5921652 3.638071 3.5246658 1.3298982 25.808853 1.5991561 30.00401747718286 
90 Car -1 -1 0 664.5741951199951 175.99220198664986 707.9305715753337 212.36088440907065 1.4965386 1.5909996 3.6876354 3.541245 1.3107749 30.96436 1.604961 12.572914879424752 
90 Car -1 -1 0 651.1470937477303 176.82829726791962 679.1161850713916 202.33897632619056 1.4631782 1.6006731 3.8838658 3.6470106 1.2522068 42.548286 1.6437576 0.9009489700425407 
91 Car -1 -1 0 725.4722526877152 174.17250751439255 830.9380254711813 264.457846033266 1.5565771 1.6221521 3.5564425 3.3219478 1.4473732 14.053515 1.6924942 76.85759893501907 
91 Car -1 -1 0 692.7973142558559 174.37585119112694 776.9755158838951 237.94002748499926 1.5459187 1.5927981 3.6429157 3.409876 1.3968151 19.017925 1.571558 63.6934302093408 
91 Car -1 -1 0 397.8253002372007 180.1377025360989 453.1778522942268 209.34654365592752 1.5393609 1.6928915 3.854494 -9.850542 1.5199189 39.28102 1.6965503 52.75655957893608 
91 Car -1 -1 0 678.3725968111206 175.88080478761157 734.5975243590397 221.23000771122565 1.4800158 1.5707552 3.4876041 3.5277002 1.3290482 24.842196 1.601304 33.18501514006461 
91 Car -1 -1 0 650.8066626870923 176.74416628577814 679.4871864345089 203.16437118956722 1.4817901 1.6033146 3.948503 3.639894 1.2707717 41.703796 1.6778245 8.623313737430852 
91 Car -1 -1 0 665.716395153474 175.8992579978942 709.1440733548396 213.72153870012605 1.5097746 1.5745676 3.6384897 3.4885778 1.3258603 30.076292 1.6154604 24.79834148763595 
92 Car -1 -1 0 698.1886146670363 175.1088810063624 785.4457296284648 242.5627343011911 1.5558357 1.5808991 3.5559676 3.4148326 1.4313362 18.095861 1.5831814 76.45038217402019 
92 Car -1 -1 0 730.7953695073821 174.31461727150096 849.8436471683929 271.14558741473843 1.5500528 1.6201322 3.5400982 3.3118207 1.4509325 13.162777 1.6746006 95.71715952313552 
92 Car -1 -1 0 386.2099457096063 181.55193689874568 444.5375989200849 211.4339470231213 1.4977533 1.6932958 3.7958288 -9.952797 1.5562315 37.566 1.6947305 51.22657194937595 
92 Car -1 -1 0 680.5126125712641 176.80063991913852 738.1349227058932 222.87526930747856 1.439712 1.5545008 3.5480804 3.4835443 1.3239102 23.89731 1.6110225 44.612648619518716 
92 Car -1 -1 0 648.3185989716887 175.76517254104328 682.3071665764622 202.96676866871684 1.4968374 1.5940945 3.7911181 3.4889627 1.2359278 40.81127 1.5599722 15.609096494636058 
92 Car -1 -1 0 668.2737749919262 176.64713093136103 713.775768617077 214.2544391959004 1.4511085 1.574714 3.6009254 3.5210817 1.3021874 29.113811 1.6125244 19.456058702013046 
93 Car -1 -1 0 372.7485430312514 181.5155898210172 434.7981460205388 213.24638125728032 1.5161319 1.6934826 3.7752204 -10.089306 1.5701666 35.887222 1.6948054 60.740600530896046 
93 Car -1 -1 0 738.8215491862873 174.70373258122459 867.1161812012696 277.62923861542197 1.5209167 1.6125655 3.580018 3.295695 1.4351684 12.320082 1.6881605 89.1806954321679 
93 Car -1 -1 0 704.0345687244635 174.84308571436856 794.9205911082437 245.23803914028525 1.5367681 1.5559299 3.4302423 3.4184504 1.4131297 17.163883 1.5883765 80.95119075528343 
93 Car -1 -1 0 680.6971246257282 177.5287033958821 744.5498406964742 225.43832851312027 1.4433646 1.553889 3.5206518 3.4610682 1.3536499 23.064173 1.574285 40.16139868610299 
93 Car -1 -1 0 666.3345591481959 175.27746063181988 718.5069667485428 215.52449314804724 1.5033951 1.6134918 3.8677845 3.4702148 1.3080646 28.346262 1.5721858 28.655294121676764 
93 Car -1 -1 0 648.2149529173213 175.29126442579425 684.9780818396825 203.33727923738476 1.5059727 1.6046319 3.8673215 3.4806838 1.2259271 39.926674 1.5357271 11.243042889571392 
94 Car -1 -1 0 707.4440223496651 175.05157207114058 807.2394008051707 248.24968918172735 1.5057168 1.5654703 3.569279 3.414686 1.3935044 16.336895 1.581069 86.63752864934045 
94 Car -1 -1 0 750.3354229356427 174.90308342652708 892.1388151923626 288.6161680617639 1.5288664 1.5974797 3.3890977 3.2877653 1.4535273 11.28587 1.6935996 87.19995914746877 
94 Car -1 -1 0 360.36928658496646 181.1808211607847 425.52703557388367 214.00979362455962 1.4975326 1.6844975 3.747489 -10.158719 1.5320997 34.291965 1.6867759 68.85063587893386 
94 Car -1 -1 0 684.6496480797855 176.96919126234974 750.5381786313797 226.68224521847077 1.4359912 1.5728428 3.6193876 3.4871552 1.3338108 22.251354 1.594485 41.64241824599034 
94 Car -1 -1 0 671.7092705674416 174.91130843733453 720.1577824846124 217.7763666842772 1.5484028 1.5998852 3.6587725 3.4969425 1.3462853 27.411932 1.6269269 33.070116270946116 
94 Car -1 -1 0 652.1718132930034 175.97300565850648 686.7680592204694 203.63841557493086 1.4535996 1.5975825 3.7263696 3.5628707 1.2153945 39.020313 1.5799723 19.25556768466365 
95 Car -1 -1 0 760.5661038966781 173.81767076039844 919.3612535844459 299.68590768395137 1.531208 1.5812248 3.454691 3.270999 1.449836 10.415265 1.6983635 84.42647763717441 
95 Car -1 -1 0 712.1626744223233 175.1875311912472 820.5072534915494 253.7075799129878 1.5140765 1.5578953 3.5090659 3.3970704 1.4115105 15.389552 1.5723628 94.57140760132604 
95 Car -1 -1 0 344.48687969351005 181.05793435503617 413.6140076144319 216.3168362590754 1.5246878 1.6598446 3.6686687 -10.277092 1.5515704 32.555183 1.6907232 57.57656030609361 
95 Car -1 -1 0 685.1115452871254 176.8104934089944 756.6939557877839 230.31962807756818 1.4717975 1.5847778 3.6449945 3.422966 1.3701339 21.277847 1.580469 60.05210208965408 
95 Car -1 -1 0 672.710962751425 174.83864577174413 723.8298076622805 217.80126295274437 1.4953887 1.6061198 3.7815838 3.4657946 1.2981055 26.540585 1.6235428 36.08964053949346 
95 Car -1 -1 0 654.215832322532 174.752455859003 688.5338007705234 203.0779953639531 1.4489478 1.6187247 3.7894783 3.5785925 1.1546034 38.090317 1.6063843 14.232576353671169 
96 Car -1 -1 0 771.4832709425039 176.6366573421959 958.5159385059948 316.91308994784185 1.522177 1.6004719 3.4873092 3.2641227 1.4801831 9.500509 1.6928777 94.23495494410287 
96 Car -1 -1 0 716.4717448505149 174.85205180884824 834.8190573273768 260.57047320143056 1.5393277 1.5556122 3.4774652 3.3587646 1.4377835 14.4403 1.5650952 96.66244404493348 
96 Car -1 -1 0 326.5553986283178 181.32054929479315 401.73121732789946 219.61668980839792 1.5615842 1.6697195 3.7471585 -10.381887 1.5993731 30.870163 1.6841562 67.05932611431984 
96 Car -1 -1 0 690.4765895582377 176.7000762763872 765.2045542556026 232.7126148853851 1.4694297 1.582103 3.66652 3.4725828 1.3695694 20.397371 1.5907521 59.7788875719518 
96 Car -1 -1 0 672.9146236896289 175.48639388951162 729.3835296348389 221.53166693424978 1.5462646 1.6140676 3.7225332 3.4425774 1.3776789 25.62254 1.593143 33.08531267133876 
96 Car -1 -1 0 653.341448393977 177.6219763514158 686.7778837275094 206.67065371907464 1.4483225 1.5866065 4.0642843 3.4337711 1.3044993 37.322113 1.6214725 12.672007666411423 
97 Car -1 -1 0 789.2019063550713 177.10179398019508 1008.4758346553677 338.2776138097619 1.5348123 1.5883052 3.3388984 3.2660284 1.5023897 8.486708 1.6929249 93.1729118493462 
97 Car -1 -1 0 722.9607076886485 176.886332347543 852.2509851969279 268.2772704155187 1.5187583 1.5652893 3.5779886 3.3513682 1.4585956 13.543207 1.5763049 105.22782371834872 
97 Car -1 -1 0 694.6640757825235 178.80845506966384 768.9481424487929 236.86072318684734 1.4447974 1.5680352 3.5607872 3.4117515 1.402534 19.415306 1.6222403 61.47235259896907 
97 Car -1 -1 0 307.81438422930745 182.47694051587595 389.6533237764744 222.00832779373968 1.5179348 1.6892612 3.8062296 -10.488722 1.6052012 29.331282 1.6803731 77.18951603185805 
97 Car -1 -1 0 676.4034823523411 176.59939743832913 733.3314798066649 223.52559090921036 1.5130582 1.6146612 3.7506187 3.4450107 1.3870766 24.707264 1.615643 45.47479541326193 
97 Car -1 -1 0 652.6192100727899 178.20985744435205 690.3675725447936 207.25722948583763 1.4123092 1.5691162 3.6838796 3.4044418 1.3006392 36.222298 1.5669698 10.79134542656594 
97 Car -1 -1 0 668.4982863514036 177.0889130822267 709.7042284048722 212.597471363867 1.4725 1.5529037 3.5389814 3.6901228 1.330772 31.125523 1.6191944 0.32253697514533997 
98 Car -1 -1 0 733.0055505530738 176.3290647797033 874.7283411895977 276.1350180170598 1.5228171 1.5708745 3.5961099 3.3788426 1.4590771 12.600864 1.5900756 116.80966544102074 
98 Car -1 -1 0 808.8385466604686 180.28959379496104 1072.836141758223 364.6687412788806 1.5137725 1.589958 3.3153079 3.2701669 1.5119908 7.5500317 1.6979456 90.43951423599486 
98 Car -1 -1 0 286.5919630101067 182.34542133684727 375.4665520456376 224.9261834817262 1.5363132 1.679842 3.8304923 -10.573994 1.6134745 27.676044 1.6770767 71.31517129322313 
98 Car -1 -1 0 696.1017974124105 177.62020895796786 776.570215982642 239.65899451159967 1.4640678 1.5597218 3.5540562 3.355922 1.395951 18.490051 1.6071926 83.58261327674485 
98 Car -1 -1 0 676.840357138245 176.54486800831597 738.969215555356 226.21457823829414 1.5381129 1.5939006 3.6400535 3.4034011 1.4154304 23.725122 1.5835661 56.456351133365935 
98 Car -1 -1 0 655.8192791455367 178.13440171818732 694.1988863861199 208.19016506173313 1.4211371 1.5823779 3.964717 3.4996047 1.3089713 35.42563 1.5857537 15.177617675262017 
99 Car -1 -1 0 263.30746130839316 182.185809446332 360.45883975599924 227.48180971704124 1.5318304 1.6705117 3.77813 -10.636408 1.5983478 26.032785 1.6903216 75.10613353846294 
99 Car -1 -1 0 702.7799907822605 177.04734233263474 787.0825451762053 243.80568776275058 1.4839382 1.5453601 3.387443 3.371912 1.4070439 17.443325 1.615667 79.03541145187093 
99 Car -1 -1 0 832.6395613293801 178.84914066204908 1160.1901418335694 375.0 1.5131361 1.5824091 3.3739667 3.2797546 1.5017099 6.653308 1.7074926 89.55767107171211 
99 Car -1 -1 0 742.1643326837841 176.1040021198883 899.7019855906105 284.6718841495177 1.5071416 1.5633734 3.5681436 3.3620753 1.4460245 11.616322 1.5930827 110.2263818384364 
99 Car -1 -1 0 678.4521806014004 176.95912527056487 744.2879528844047 227.34780898960312 1.4916377 1.6066587 3.7257173 3.3731263 1.3866229 22.804367 1.5846977 53.508228214859045 
99 Car -1 -1 0 655.6927652446535 179.19420806311294 695.5875381366583 209.67749615182174 1.3983431 1.5704039 4.0072026 3.4293053 1.3381401 34.444225 1.5792161 20.481687242526462 
99 Car -1 -1 0 671.8950939016551 176.30900375046772 719.3923873244352 213.27453016621925 1.4350314 1.5599853 3.5632656 3.7266383 1.2720771 29.24276 1.5876669 0.9237812667213631 
100 Car -1 -1 0 236.80036664900192 181.9626560786221 340.17313081484906 230.2338011074914 1.524338 1.6442889 3.6464746 -10.738693 1.5783765 24.341528 1.6756636 80.49509857473856 
100 Car -1 -1 0 753.7241575212479 176.66316254365083 933.5396253546678 297.3496968501942 1.5085354 1.5538208 3.5183191 3.3691633 1.4604938 10.609095 1.5866426 104.24483091685673 
100 Car -1 -1 0 704.7075821754544 178.50307154343963 798.4318638837651 248.07572628784914 1.4524306 1.5408804 3.437052 3.3260322 1.4106039 16.496222 1.593449 94.42017504450335 
100 Car -1 -1 0 680.7617897197033 176.74767777043004 750.0742473765238 230.63482095265755 1.5162652 1.5958934 3.6979277 3.3344116 1.4104972 21.754128 1.5839789 58.20476847707908 
100 Car -1 -1 0 863.2466033193879 182.35334379085688 1242.0 375.0 1.5174626 1.5449258 3.3268304 3.2435231 1.5367452 5.629104 1.7081285 79.44388502772983 
100 Car -1 -1 0 659.2549319197053 177.24008528210078 698.2429137451667 209.95024911862774 1.4555964 1.592568 3.968581 3.4800634 1.3102368 33.480305 1.6138675 19.05237306442399 
100 Car -1 -1 0 674.1283982240176 176.8633837493375 722.1768823751796 216.5433066717574 1.4880322 1.5632491 3.5513775 3.706132 1.3514081 28.31551 1.6038294 11.332709750501426 
100 Car -1 -1 0 569.25442004441 176.99406569646254 596.0860683380812 192.2039259404595 1.4477316 1.6109922 3.7955127 -2.0689375 1.1133947 69.34068 1.8308786 0.8307763751060175 
101 Car -1 -1 0 712.4724944615796 176.67653981204484 813.7247348101383 252.05683634081677 1.465298 1.5439019 3.4200013 3.3567908 1.3908464 15.477324 1.6018928 81.95059581530339 
101 Car -1 -1 0 769.2885073216237 174.41348450802013 979.3920239191159 308.83390440133945 1.495277 1.5642197 3.502105 3.4180589 1.4274979 9.627251 1.5851748 120.67066683603069 
101 Car -1 -1 0 205.47995658577707 181.59154797741493 321.0396947457253 233.2942539922468 1.5170135 1.6482636 3.6723924 -10.82096 1.5548515 22.742401 1.6821084 93.01165883377652 
101 Car -1 -1 0 685.9028536761891 175.25306743626393 757.1221200318813 232.1769900260711 1.5256891 1.5943693 3.6625268 3.3621068 1.3848825 20.805729 1.6019653 54.93469889944413 
101 Car -1 -1 0 660.4392717058546 175.14531012922342 699.9061621354159 209.62411556705868 1.4854205 1.5903083 3.9616153 3.4391975 1.2544444 32.48133 1.6237801 29.232444739884784 
101 Car -1 -1 0 677.701367191815 175.46489908690063 727.0354895950087 215.65011066406325 1.4474726 1.5716561 3.613736 3.7322106 1.2658701 27.311047 1.6196797 2.3075035944438023 
101 Car -1 -1 0 565.9866394086973 173.75349263076606 588.748440183864 190.19817268130447 1.5060995 1.6522633 3.8211234 -2.4921181 0.88760996 66.7366 1.6667366 1.8895070145257153 
102 Car -1 -1 0 716.3646006872343 174.96378176822304 828.499060496756 257.64858811875405 1.4911441 1.577439 3.5236459 3.3200054 1.3911843 14.539091 1.6054753 112.5782794860084 
102 Car -1 -1 0 780.6914945658789 173.97315754621727 1032.306852269664 330.39702703064745 1.5229498 1.5790317 3.584751 3.3935702 1.4593399 8.682282 1.5785183 135.20039875583407 
102 Car -1 -1 0 168.62447610573594 181.03840110490557 299.9014460123509 237.91184710631725 1.5425228 1.6610861 3.7864308 -10.914131 1.5599393 21.184816 1.6782093 96.94805807407135 
102 Car -1 -1 0 685.6075305457719 174.5038006314765 764.8821535757553 234.04761161518053 1.5150783 1.6004148 3.7284098 3.298268 1.3623383 19.857872 1.5745153 66.17770768720342 
102 Car -1 -1 0 662.3950297527995 175.55275719386276 703.3869680182504 209.96858418819613 1.4375316 1.5846674 4.043437 3.4617472 1.2306118 31.593254 1.6227894 18.987409483149595 
102 Car -1 -1 0 680.5485409029926 175.38028431774438 730.1105588300759 217.67437428123418 1.4622958 1.5729555 3.653613 3.7037528 1.2850559 26.324293 1.6424693 19.67092440082493 
102 Car -1 -1 0 661.5969556954878 169.9847732842848 694.8832027721141 204.18469886301085 1.6910949 1.633434 4.005337 3.8346126 1.1708183 37.02284 1.6501994 1.6694060366031342 
102 Car -1 -1 0 560.722397315546 172.8221984230547 588.3592939759759 190.3793090604822 1.5398058 1.6897635 3.8592277 -2.6423364 0.8658625 64.06048 1.7521515 2.1059309218251916 
103 Car -1 -1 0 128.39362316484548 182.77831597261965 272.97508806213744 244.44964633845473 1.5264333 1.6401613 3.7086422 -10.981894 1.5954754 19.565344 1.6652423 104.54911948658221 
103 Car -1 -1 0 690.1986841217064 175.46572397381362 771.6194097660064 238.44878310020553 1.5125335 1.5962694 3.6873844 3.272729 1.3914771 18.843254 1.5963943 72.6671307756624 
103 Car -1 -1 0 804.6742937251835 172.8598737227961 1114.6801028436653 356.75512609606386 1.5222992 1.5927398 3.5952716 3.4569118 1.4589989 7.662155 1.585494 126.95822044149385 
103 Car -1 -1 0 723.0685188300004 177.18558901279013 847.8583060694662 263.6140089052347 1.4392731 1.5626721 3.550266 3.3224087 1.383969 13.568265 1.5955539 110.49951991263154 
103 Car -1 -1 0 660.0918261643453 176.7935154550264 705.8554069610803 211.92462298815002 1.4157395 1.5745121 4.036937 3.3399367 1.2661066 30.521553 1.5835612 26.127916664022468 
103 Car -1 -1 0 681.423321600645 174.7897778407816 736.4908568209983 219.09035252603832 1.4661906 1.6107924 3.6720033 3.67627 1.276984 25.277267 1.6243261 26.090253271041085 
103 Car -1 -1 0 558.0185337180196 174.3515017165053 581.5619633989614 192.33157017876542 1.5091228 1.604317 3.7345138 -2.9411888 0.9925058 61.26423 1.6416936 12.80805812214512 
104 Car -1 -1 0 78.171597965807 184.47736284134967 243.7266366388803 251.85102693286692 1.504499 1.612686 3.7304456 -11.04459 1.6162045 17.953966 1.6714194 113.27609637438955 
104 Car -1 -1 0 824.5274048534593 175.80110316593763 1216.4345879837738 375.0 1.5343976 1.5868567 3.5866382 3.4305143 1.5019522 6.6692963 1.5717106 106.23728930415278 
104 Car -1 -1 0 732.5017928446806 180.5888191118025 870.097308785811 274.50584363623545 1.42977 1.5503101 3.4561715 3.3206563 1.4314283 12.51454 1.5966314 118.22903627376401 
104 Car -1 -1 0 695.912697876834 176.00783711098072 783.2577543218722 242.91693841348064 1.5086188 1.594631 3.683335 3.297394 1.4071838 17.806469 1.6003504 80.5099975370195 
104 Car -1 -1 0 662.0319581927945 177.75265439499017 708.7569638723533 214.4865780048724 1.4317145 1.5943478 4.0584555 3.3372052 1.3243785 29.607283 1.5975761 32.09602675194518 
104 Car -1 -1 0 683.3562492685212 176.33326586900594 741.0721324096852 222.86649106837086 1.4764069 1.5821266 3.666675 3.6402426 1.3439951 24.300941 1.6166474 33.2487823263821 
104 Car -1 -1 0 553.4068996480203 177.22002398884163 580.9770055841029 195.58071021212018 1.4656053 1.6802975 4.2014837 -3.018735 1.2032603 58.61046 1.6668806 1.2087288474630216 
105 Car -1 -1 0 19.673631834485406 186.14863941832238 209.69479515897396 261.01472485631587 1.5017635 1.6193311 3.6901886 -11.106256 1.6478075 16.386786 1.6683576 117.09091838436032 
105 Car -1 -1 0 700.4532409046432 177.56810284929415 793.3273630494322 250.38550905824178 1.5369992 1.582977 3.5498142 3.259563 1.4749745 16.72315 1.6024268 87.13621352866659 
105 Car -1 -1 0 741.7078456319323 182.5323354899646 899.2864278155266 287.4531204985856 1.4383608 1.5615507 3.5551436 3.337584 1.4766192 11.557902 1.5945498 116.22898204879401 
105 Car -1 -1 0 663.6078574368918 178.65421302455982 713.4938057111143 217.61480788363244 1.45832 1.6054136 4.131209 3.3370535 1.3889837 28.547617 1.5921965 36.726774667755734 
105 Car -1 -1 0 687.7178797651519 178.94221543833237 746.2429802884427 227.03753594766567 1.4584575 1.5698841 3.5500584 3.6389656 1.4110184 23.26158 1.633602 33.84304197207799 
105 Car -1 -1 0 547.3242179545017 177.05175731774807 577.6237379386316 196.29495494816211 1.4668866 1.6612496 3.8556752 -3.2524643 1.2035275 55.92282 1.7114983 6.414009793362338 
