0 0 Car -1 -1 -1.7867 296 160 452 288 1.8137 -1.9605 -4.7549 -1.8435 4.572 13.5308 -2.1125 8.2981
1 0 Car -1 -1 -1.8166 296 156 453 282 1.7492 -1.9552 -4.3544 -1.8572 4.6583 13.6244 -2.1461 9.1349
2 0 Car -1 -1 -1.81 294 155 449 279 1.7958 -1.9858 -4.3856 -1.7146 4.7726 13.8804 -2.1411 8.8634
3 0 Car -1 -1 -1.8158 290 144 448 269 1.7759 -2.0301 -4.2973 -1.5738 4.8382 13.9455 -2.1497 9.2894
4 0 Car -1 -1 -1.817 290 146 450 265 1.7833 -1.9895 -4.2857 -1.5726 4.9216 14.1315 -2.1521 8.8089
5 0 Car -1 -1 -1.8145 288 147 445 266 1.7519 -1.9435 -4.4051 -1.5627 5.0264 14.3225 -2.1521 7.0455
6 0 Car -1 -1 -1.8409 287 151 442 266 1.7475 -1.9099 -4.4125 -1.6177 5.1653 14.4741 -2.1836 7.0086
7 0 Car -1 -1 -1.8076 285 153 437 268 1.7836 -1.9641 -4.3791 -1.6268 5.217 14.6825 -2.149 7.6885
8 0 Car -1 -1 -1.8223 284 155 432 268 1.8137 -1.9671 -4.5763 -1.6776 5.368 14.9393 -2.1673 9.0251
9 0 Car -1 -1 -1.8235 284 156 430 266 1.7455 -1.8965 -4.3108 -1.6341 5.4691 15.0587 -2.1719 7.9575
9 1 Car -1 -1 -10 398 165 472 206 -1 -1 -1 -1000 -1000 -1000 -10 0
10 0 Car -1 -1 -1.8443 284 159 430 269 1.7961 -1.986 -4.3342 -1.7646 5.4983 15.174 -2.192 8.7598
10 1 Car -1 -1 2.1476 410 173 480 211 1.7254 -1.8924 -4.0978 -1.9377 8.7648 38.592 1.9243 5.6816
11 0 Car -1 -1 -1.8218 283 157 429 268 1.7615 -1.9373 -4.4961 -1.7808 5.6078 15.2767 -2.1736 8.4375
11 1 Car -1 -1 2.1285 419 172 492 212 1.794 -1.9935 -4.2975 -1.9795 8.2071 38.6799 1.9194 5.7423
12 0 Car -1 -1 -1.8157 280 157 426 265 1.7915 -1.9901 -4.1982 -1.7137 5.6932 15.4606 -2.1686 8.1207
13 0 Car -1 -1 -1.7936 282 155 423 261 1.8134 -2.0523 -4.4232 -1.6936 5.856 15.7015 -2.1506 8.7689
13 1 Car -1 -1 2.1119 435 169 503 206 1.7127 -1.8649 -3.9534 -1.6899 7.3591 37.9964 1.9206 4.9081
14 0 Car -1 -1 -1.8319 282 157 420 263 1.7649 -1.9871 -4.3418 -1.7687 5.8458 15.671 -2.189 9.1904
14 1 Car -1 -1 2.1167 441 166 517 207 1.8164 -2.0026 -4.6035 -1.6911 6.8208 38.0571 1.9394 5.1305
15 0 Car -1 -1 -1.8275 287 158 419 260 1.7702 -2.0206 -4.3326 -1.7835 5.959 15.8989 -2.1861 5.8164
16 0 Car -1 -1 -1.828 291 156 419 257 1.7773 -1.9177 -4.4009 -1.6253 6.0327 16.0946 -2.1867 9.6368
16 1 Car -1 -1 2.1054 456 164 528 204 1.7628 -1.9304 -4.2502 -1.5248 6.0245 37.3857 1.9456 4.0717
17 0 Car -1 -1 -1.823 273 157 413 257 1.8218 -2.1249 -4.3264 -1.7388 6.0795 16.2239 -2.1815 8.9665
18 0 Car -1 -1 -1.8043 286 164 414 261 1.7957 -1.9966 -4.3808 -1.821 6.0792 16.2772 -2.1618 9.7481
18 1 Car -1 -1 2.1343 472 174 544 215 1.7337 -1.9145 -4.0664 -2.0236 5.1406 36.7744 1.9955 6.6514
19 0 Car -1 -1 -1.8132 283 169 411 267 1.7499 -2.0565 -4.0945 -2.0685 6.0869 16.3191 -2.1702 7.1589
19 1 Car -1 -1 2.0962 479 177 556 221 1.8277 -2.0527 -4.6821 -2.3205 4.6274 36.755 1.9709 4.6703
20 0 Car -1 -1 -1.8013 286 174 409 269 1.7718 -2.0154 -4.1825 -2.1519 6.1915 16.5259 -2.1598 7.5335
20 1 Car -1 -1 2.1106 486 182 563 227 1.7926 -2.0435 -4.4861 -2.5877 4.2462 36.4599 1.9947 4.9269
21 0 Car -1 -1 -1.7971 287 175 410 270 1.7986 -1.9971 -4.4677 -2.1453 6.1982 16.7471 -2.1516 7.4277
21 1 Car -1 -1 2.1015 500 181 577 227 1.8275 -2.0749 -4.5361 -2.5651 3.54 36.5224 2.0048 4.6755
22 0 Car -1 -1 -1.7705 290 171 406 265 1.7667 -1.9075 -4.3405 -2.0305 6.2062 16.7763 -2.1249 6.5589
22 1 Car -1 -1 2.1408 504 177 579 219 1.7374 -1.9135 -4.0727 -2.1493 3.3304 35.6576 2.0477 5.1552
23 0 Car -1 -1 -1.7829 301 167 412 256 1.766 -1.9828 -4.1737 -1.9611 6.1529 16.8568 -2.1328 7.7334
24 0 Car -1 -1 -1.7212 302 168 414 260 1.8057 -2.0037 -4.433 -1.9381 6.1079 17.0265 -2.0657 8.7013
24 1 Car -1 -1 2.0876 520 174 601 221 1.8466 -2.0878 -4.7537 -2.1905 2.3325 35.3595 2.0217 6.3173
25 0 Car -1 -1 -1.7097 306 168 412 260 1.8223 -1.9953 -4.5754 -1.9929 6.16 17.2726 -2.0523 10.3289
25 1 Car -1 -1 2.1169 529 175 607 219 1.7585 -1.9796 -4.4182 -2.1167 1.9757 34.9789 2.0604 6.7994
26 0 Car -1 -1 -1.6867 315 162 414 252 1.7994 -2.0889 -4.3747 -1.796 6.0427 17.4122 -2.0207 6.032
26 1 Car -1 -1 2.1157 538 170 616 213 1.7616 -1.9324 -4.3054 -1.833 1.5253 34.6001 2.0717 6.0343
27 0 Car -1 -1 -1.6726 323 157 415 245 1.7442 -1.9871 -3.9924 -1.6749 5.9436 17.366 -2.0024 5.0592
28 0 Car -1 -1 -1.6165 332 163 417 252 1.7529 -1.8914 -4.1917 -1.6922 5.8735 17.5695 -1.9391 8.1572
28 1 Car -1 -1 2.1445 556 161 636 207 1.7625 -2.0131 -4.2641 -1.5208 0.6094 34.0628 2.1266 4.5297
29 0 Car -1 -1 -1.6202 337 159 421 243 1.6999 -1.8455 -3.9283 -1.6887 5.7637 17.6687 -1.9355 7.2159
30 0 Car -1 -1 -1.5415 343 165 424 248 1.7037 -1.9015 -3.7767 -1.7465 5.5492 17.7799 -1.844 8.2925
30 1 Car -1 -1 -1.0854 575 172 651 210 1.7001 -1.679 -4.3363 -1.6449 -0.2141 33.5073 -1.079 4.847
31 0 Car -1 -1 -1.5226 349 163 428 247 1.7205 -1.9359 -3.9168 -1.7108 5.3529 17.9599 -1.8122 6.3669
32 0 Car -1 -1 -1.4908 354 163 435 246 1.7216 -1.8408 -4.0385 -1.7241 5.2293 18.1592 -1.7712 9.2779
32 1 Car -1 -1 2.1156 590 162 678 213 1.8349 -2.1165 -4.6611 -1.6888 -1.1375 32.7062 2.1503 4.7916
33 0 Car -1 -1 -1.4707 363 163 449 247 1.7237 -1.8574 -4.1242 -1.7404 5.133 18.4118 -1.7426 8.6848
34 0 Car -1 -1 -1.4486 369 162 460 245 1.7377 -1.8662 -4.4147 -1.6948 4.9221 18.5953 -1.7074 10.3657
34 1 Car -1 -1 2.0812 602 163 709 208 1.7695 -1.8972 -4.6167 -1.3779 -2.0937 32.1249 2.1463 4.0391
35 0 Car -1 -1 -1.445 378 162 470 242 1.8056 -1.9934 -4.589 -1.6561 4.7979 18.7633 -1.6953 9.3811
35 1 Car -1 -1 2.1559 623 156 708 204 1.71 -1.9632 -4.1562 -1.3087 -2.4996 31.6497 2.2347 4.8457
36 0 Car -1 -1 -1.4107 392 157 482 240 1.796 -2.0595 -4.3408 -1.5988 4.4738 18.9213 -1.6429 10.1683
36 1 Car -1 -1 2.1486 630 158 719 206 1.7486 -1.8991 -4.3678 -1.3313 -2.8324 31.1061 2.2394 6.7535
37 0 Car -1 -1 -1.3975 400 158 494 241 1.7699 -1.9416 -4.5033 -1.5656 4.2032 18.9857 -1.6154 11.3727
37 1 Car -1 -1 2.1439 642 158 734 209 1.7698 -2.0139 -4.3973 -1.4533 -3.3853 30.8159 2.2533 4.1001
38 0 Car -1 -1 -1.3666 412 160 508 244 1.7616 -1.9049 -4.5487 -1.6602 3.8423 19.1424 -1.5647 11.2108
38 1 Car -1 -1 2.1198 655 156 755 210 1.8401 -2.0673 -4.7726 -1.5044 -3.8092 30.4125 2.2444 6.8369
39 0 Car -1 -1 -1.3476 426 159 530 245 1.8101 -2.0217 -4.5063 -1.7038 3.5036 19.296 -1.5272 10.5345
40 0 Car -1 -1 -1.3592 438 157 540 245 1.7635 -1.8336 -4.434 -1.6564 3.1302 19.2698 -1.5203 12.201
40 1 Car -1 -1 2.1117 677 157 777 212 1.8353 -2.0595 -4.8142 -1.5007 -4.8652 29.5793 2.2747 4.235
41 0 Car -1 -1 -1.3098 453 158 557 245 1.8002 -1.9582 -4.4089 -1.7136 2.738 19.3387 -1.4505 9.2634
42 0 Car -1 -1 -1.3027 469 161 585 248 1.793 -1.9544 -4.5532 -1.7653 2.2601 19.411 -1.4186 10.0173
43 0 Car -1 -1 -1.3089 486 166 597 249 1.7825 -1.971 -4.4925 -1.7922 1.7618 19.3941 -1.3995 10.8132
44 0 Car -1 -1 -1.274 504 163 617 247 1.7625 -1.9251 -4.5432 -1.7799 1.2502 19.4077 -1.3384 10.2021
45 0 Car -1 -1 -1.2754 525 163 650 248 1.7963 -1.9647 -4.3554 -1.7988 0.7359 19.4149 -1.3132 10.8773
45 1 Car -1 -1 2.0991 755 165 866 220 1.7661 -1.9896 -4.1524 -1.6179 -7.3482 26.5539 2.3691 4.0163
46 1 Car -1 -1 2.1345 774 162 885 220 1.7747 -1.9934 -4.2514 -1.5983 -7.9115 26.021 2.4297 4.038
46 0 Car -1 -1 -1.253 545 161 663 246 1.7434 -1.8699 -4.3495 -1.7484 0.2321 19.2038 -1.2651 9.7446
47 1 Car -1 -1 2.1199 790 162 909 220 1.7607 -1.9811 -4.1616 -1.5121 -8.1914 25.2554 2.4336 4.2164
47 0 Car -1 -1 -1.1923 565 161 689 243 1.7916 -1.9509 -4.5725 -1.7273 -0.2978 19.3575 -1.1769 10.5614
48 0 Car -1 -1 -1.2389 589 158 705 242 1.7527 -1.9349 -4.3252 -1.6753 -0.879 19.1708 -1.1931 11.0223
48 1 Car -1 -1 2.1432 808 161 928 222 1.7108 -1.9316 -3.8102 -1.6093 -8.5681 24.5155 2.4794 4.474
49 0 Car -1 -1 -1.2328 604 158 726 240 1.7775 -1.9437 -4.3908 -1.6878 -1.4771 19.1795 -1.156 8.2097
49 1 Car -1 -1 2.1733 826 159 961 223 1.735 -1.9535 -3.9365 -1.5301 -8.994 23.7929 2.5347 4.6041
50 0 Car -1 -1 -1.2189 623 156 744 240 1.782 -1.8948 -4.5105 -1.6537 -2.0347 19.1782 -1.1132 11.1427
50 1 Car -1 -1 2.1223 846 161 981 224 1.7099 -1.9076 -3.8823 -1.5546 -9.5883 23.2592 2.5133 4.4017
51 1 Car -1 -1 -10 870 157 1001 224 1.7099 -1.9076 -3.8823 -1.5546 -9.5883 23.2592 -10 0
51 0 Car -1 -1 -1.2581 646 156 767 241 1.8062 -1.9602 -4.6832 -1.5906 -2.6734 19.1816 -1.1196 10.755
52 1 Car -1 -1 2.0021 887 156 1018 228 1.7517 -1.9138 -4.2185 -1.5055 -10.4624 22.1926 2.4427 4.9306
52 0 Car -1 -1 -1.2423 655 160 790 240 1.7707 -1.8931 -4.5461 -1.6044 -3.1939 18.982 -1.0756 7.2551
53 1 Car -1 -1 2.054 905 154 1047 229 1.7929 -2.0583 -4.2705 -1.5428 -10.9912 21.5306 2.526 6.4886
53 0 Car -1 -1 -1.2466 679 155 811 241 1.7502 -1.9226 -4.3863 -1.6218 -3.8205 18.9094 -1.0473 10.1458
54 0 Car -1 -1 -1.2355 707 154 840 237 1.8101 -1.9968 -4.4602 -1.6751 -4.4009 18.9028 -1.0067 10.6784
54 1 Car -1 -1 2.1044 926 154 1079 229 1.6973 -1.8168 -3.9746 -1.4005 -11.1082 20.8279 2.5944 6.6573
55 1 Car -1 -1 1.9956 944 153 1111 230 1.7559 -1.8613 -4.4033 -1.5038 -11.6592 20.2863 2.5172 6.8609
55 0 Car -1 -1 -1.2316 729 153 861 239 1.8135 -2.1309 -4.4655 -1.6867 -4.9703 18.7951 -0.973 10.7703
56 1 Car -1 -1 2.0035 967 153 1140 235 1.7494 -2.0729 -3.9768 -1.5512 -11.7864 19.5547 2.5459 4.6618
56 0 Car -1 -1 -1.2085 750 155 889 239 1.8228 -1.9806 -4.8021 -1.5867 -5.6115 18.7779 -0.9181 10.2294
57 1 Car -1 -1 2.0053 987 152 1164 235 1.7041 -1.9923 -3.8313 -1.3602 -12.1083 19.0182 2.5722 6.0664
57 0 Car -1 -1 -1.232 775 155 916 234 1.8048 -1.8891 -4.6269 -1.5853 -6.1444 18.5744 -0.9125 10.5975
58 1 Car -1 -1 -10 1004 152 1182 237 1.7041 -1.9923 -3.8313 -1.3602 -12.1083 19.0182 -10 0
58 0 Car -1 -1 -1.2132 804 154 944 235 1.7885 -1.9206 -4.394 -1.5155 -6.7505 18.5095 -0.8635 10.1476
59 0 Car -1 -1 -1.2109 822 155 966 238 1.8017 -1.9943 -4.422 -1.4955 -7.2592 18.2687 -0.8327 11.4313
59 1 Car -1 -1 1.9835 1020 149 1210 241 1.7575 -2.0249 -4.0156 -1.4467 -12.5323 18.0279 2.591 5.1156
60 1 Car -1 -1 1.9958 1047 155 1225 241 1.763 -2.009 -4.1487 -1.4574 -12.703 17.5335 2.6228 5.046
60 0 Car -1 -1 -1.1694 845 151 995 242 1.8184 -2.0253 -4.6177 -1.5511 -7.9016 18.2566 -0.7609 9.5036
61 1 Car -1 -1 2.0194 1064 153 1223 244 1.7601 -1.9405 -4.1808 -1.4769 -12.7595 17.0552 2.6617 5.1464
61 0 Car -1 -1 -1.1729 869 152 1017 237 1.7665 -1.8795 -4.5097 -1.4332 -8.4158 18.11 -0.7379 10.1214
61 2 Car -1 -1 -0.8777 728 171 840 216 1.5848 -1.4873 -4.1853 -1.4359 -6.2458 25.7887 -0.64 4.6117
62 1 Car -1 -1 1.8706 1071 147 1235 244 1.7645 -2.0159 -4.1857 -1.4872 -12.8762 16.6357 2.5293 4.7173
62 0 Car -1 -1 -1.1658 891 151 1045 241 1.8072 -1.9911 -4.5637 -1.5129 -8.9929 18.0304 -0.7032 9.0868
63 1 Car -1 -1 1.9586 1099 146 1240 247 1.6379 -1.7666 -3.7488 -1.4462 -12.679 15.933 2.6307 8.0575
63 0 Car -1 -1 -1.1314 910 151 1075 241 1.8118 -1.9782 -4.6557 -1.505 -9.5433 17.9257 -0.6421 11.4673
64 1 Car -1 -1 1.9719 1109 145 1239 250 1.7419 -1.9053 -4.1933 -1.3621 -12.9902 15.6114 2.6659 5.1091
64 0 Car -1 -1 -1.1455 932 152 1095 241 1.7901 -1.9402 -4.5655 -1.4975 -10.0147 17.8513 -0.6342 11.3711
65 1 Car -1 -1 1.9037 1121 146 1240 253 1.7558 -1.8162 -4.5423 -1.3756 -13.0923 15.4221 2.6075 5.1997
65 0 Car -1 -1 -1.1437 956 149 1120 240 1.7844 -1.9721 -4.4622 -1.4708 -10.5501 17.7556 -0.6076 9.3714
66 1 Car -1 -1 -10 1128 149 1243 257 1.7558 -1.8162 -4.5423 -1.3756 -13.0923 15.4221 -10 0
66 0 Car -1 -1 -1.1315 970 151 1146 244 1.8109 -2.017 -4.7169 -1.5551 -10.9925 17.6538 -0.5745 10.1654
67 1 Car -1 -1 1.9789 1138 152 1241 263 1.7302 -1.9166 -4.1935 -1.491 -12.7718 14.5349 2.6998 5.7405
67 0 Car -1 -1 -1.1396 992 152 1165 249 1.8242 -2.1035 -4.5109 -1.6671 -11.4736 17.6384 -0.5629 10.2691
68 1 Car -1 -1 1.9281 1150 153 1242 269 1.7153 -2.0345 -3.8487 -1.5676 -12.4314 14.2023 2.6471 4.595
68 0 Car -1 -1 -1.1314 1007 157 1187 251 1.827 -2.0367 -4.6787 -1.6968 -11.885 17.5869 -0.5371 6.0496
69 1 Car -1 -1 1.8808 1158 150 1242 266 1.7294 -2.0029 -4.0239 -1.5383 -12.411 13.8681 2.6109 5.1465
69 0 Car -1 -1 -1.1651 1026 158 1197 248 1.8002 -1.9518 -4.5088 -1.6353 -12.2678 17.6378 -0.5573 7.0287
70 1 Car -1 -1 1.8471 1163 152 1243 268 1.6788 -1.9115 -3.9158 -1.5534 -12.1586 13.5658 2.5778 4.2282
70 0 Car -1 -1 -1.1644 1040 158 1211 248 1.7794 -1.9449 -4.4457 -1.6324 -12.5607 17.5794 -0.544 7.684
71 0 Car -1 -1 -1.1648 1041 148 1239 244 1.761 -1.9342 -4.4556 -1.4676 -12.9731 17.5695 -0.5288 7.6734
71 3 Car -1 -1 -10 666 178 731 206 -1 -1 -1 -1000 -1000 -1000 -10 0
71 1 Car -1 -1 -10 1167 153 1241 279 1.6788 -1.9115 -3.9158 -1.5534 -12.1586 13.5658 -10 0
72 0 Car -1 -1 -1.1631 1047 152 1238 245 1.7814 -2.0085 -4.4246 -1.6037 -13.3341 17.6619 -0.5165 5.7989
72 1 Car -1 -1 1.9126 1162 153 1241 270 1.6965 -1.8522 -4.1188 -1.5414 -12.0042 13.057 2.656 4.0929
73 0 Car -1 -1 -1.1627 1079 154 1234 241 1.7376 -1.8893 -4.4008 -1.5066 -13.5738 17.8065 -0.5114 9.3777
74 3 Car -1 -1 -10 629 177 717 208 -1 -1 -1 -1000 -1000 -1000 -10 0
74 0 Car -1 -1 -1.1361 1089 153 1237 249 1.7453 -1.8766 -4.2544 -1.5367 -13.8471 17.8614 -0.4766 9.823
74 1 Car -1 -1 1.8219 1166 152 1242 272 1.7411 -2.0817 -3.9452 -1.568 -11.3159 12.391 2.562 4.0734
75 1 Car -1 -1 1.8147 1168 154 1243 279 1.6574 -1.9086 -3.7423 -1.5659 -11.0605 12.3258 2.546 4.6403
75 0 Car -1 -1 -1.1206 1092 161 1241 245 1.7524 -1.8986 -4.2634 -1.637 -14.1858 17.9707 -0.4524 8.2954
76 0 Car -1 -1 -1.1811 1096 159 1237 253 1.7506 -1.8624 -4.412 -1.6219 -14.4155 18.3945 -0.5164 8.5942
76 1 Car -1 -1 -10 1166 156 1242 280 1.6574 -1.9086 -3.7423 -1.5659 -11.0605 12.3258 -10 0
77 0 Car -1 -1 -1.1925 1098 160 1236 251 1.6965 -1.8537 -3.7896 -1.7019 -14.3493 18.4724 -0.5321 4.4571
77 1 Car -1 -1 1.8107 1146 152 1241 288 1.7073 -1.9084 -3.9743 -1.62 -10.6462 11.9656 2.5378 4.328
78 0 Car -1 -1 -1.2098 1106 163 1238 255 1.7329 -1.8722 -4.1492 -1.7683 -14.8576 18.8256 -0.5416 6.7735
78 1 Car -1 -1 1.7798 1133 157 1241 285 1.613 -1.7945 -3.5213 -1.5828 -10.0809 11.8021 2.4867 5.802
78 3 Car -1 -1 -2.3469 557 187 628 216 1.5786 -1.4396 -3.8559 -2.2549 0.9943 38.8133 -2.3725 4.6142
79 0 Car -1 -1 -1.2646 1108 163 1239 250 1.7672 -1.9988 -4.1235 -1.8402 -14.9852 19.2617 -0.6034 5.6526
79 1 Car -1 -1 1.6664 1149 164 1242 307 1.6625 -1.8004 -3.7811 -1.561 -9.9041 11.7988 2.3648 5.8385
80 0 Car -1 -1 -1.2603 1106 162 1235 244 1.6997 -1.8859 -4.0356 -1.794 -15.1496 19.448 -0.5985 4.143
80 4 Car -1 -1 -10 527 186 586 212 -1 -1 -1 -1000 -1000 -1000 -10 0
80 1 Car -1 -1 1.8097 1124 158 1241 295 1.6659 -1.8361 -3.8913 -1.6416 -9.8679 11.4756 2.5199 6.2055
81 0 Car -1 -1 -10 1100 165 1232 255 1.6997 -1.8859 -4.0356 -1.794 -15.1496 19.448 -10 0
81 1 Car -1 -1 1.6701 1126 159 1242 307 1.675 -1.8652 -3.6529 -1.5055 -9.3139 11.2877 2.36 6.5226
82 0 Car -1 -1 -10 1095 163 1231 258 1.6997 -1.8859 -4.0356 -1.794 -15.1496 19.448 -10 0
82 1 Car -1 -1 1.5857 1119 157 1242 309 1.6243 -1.7802 -3.8268 -1.5568 -8.9981 11.1236 2.2658 6.1482
83 1 Car -1 -1 1.7785 1105 158 1241 307 1.6522 -1.7984 -3.9041 -1.6525 -8.9403 10.9399 2.4637 7.0635
83 0 Car -1 -1 -10 1089 166 1217 244 1.6997 -1.8859 -4.0356 -1.794 -15.1496 19.448 -10 0
84 1 Car -1 -1 1.6165 1097 156 1243 309 1.6079 -1.8002 -3.7663 -1.5038 -8.4625 10.7926 2.2815 7.1623
84 5 Car -1 -1 -10 405 188 435 208 -1 -1 -1 -1000 -1000 -1000 -10 0
84 0 Car -1 -1 -10 1081 163 1216 244 1.6997 -1.8859 -4.0356 -1.794 -15.1496 19.448 -10 0
85 1 Car -1 -1 1.596 1087 156 1242 310 1.6392 -1.6321 -4.1367 -1.3569 -8.3204 10.5928 2.2618 4.2371
85 6 Car -1 -1 -10 1032 182 1119 218 -1 -1 -1 -1000 -1000 -1000 -10 0
85 0 Car -1 -1 -10 1074 160 1208 241 1.6997 -1.8859 -4.0356 -1.794 -15.1496 19.448 -10 0
86 1 Car -1 -1 1.5986 1079 155 1243 312 1.6806 -1.9027 -4.0424 -1.601 -8.0424 10.455 2.2543 4.0709
86 0 Car -1 -1 -10 1065 157 1216 243 1.6997 -1.8859 -4.0356 -1.794 -15.1496 19.448 -10 0
86 6 Car -1 -1 -10 1009 180 1099 215 -1 -1 -1 -1000 -1000 -1000 -10 0
87 1 Car -1 -1 1.6072 1071 158 1243 318 1.6981 -1.8195 -4.0666 -1.6714 -7.7396 10.1227 2.2599 6.2516
87 7 Car -1 -1 0.9303 316 187 371 211 1.5952 -1.5206 -3.819 -2.5687 18.5686 50.2705 0.5764 5.4623
88 1 Car -1 -1 -10 1062 156 1243 322 1.6981 -1.8195 -4.0666 -1.6714 -7.7396 10.1227 -10 0
88 6 Car -1 -1 -10 978 184 1044 218 -1 -1 -1 -1000 -1000 -1000 -10 0
89 1 Car -1 -1 1.5635 1057 152 1243 327 1.6509 -1.7738 -4.0945 -1.5252 -7.3568 9.6188 2.2164 5.8246
90 1 Car -1 -1 1.5893 1051 150 1243 333 1.6835 -1.9838 -3.8561 -1.7234 -6.9799 9.315 2.2324 4.1473
91 1 Car -1 -1 1.5201 1038 149 1243 342 1.6477 -1.7999 -3.9811 -1.508 -6.6651 9.1369 2.1503 7.4085
91 0 Car -1 -1 -1.4997 1009 171 1075 229 1.6716 -1.8424 -3.9624 -1.7934 -14.8754 24.8053 -0.9595 4.0841
92 1 Car -1 -1 1.4765 1033 149 1243 350 1.665 -1.8277 -4.0447 -1.6227 -6.547 8.8646 2.1126 6.1415
93 1 Car -1 -1 1.4588 1023 150 1242 363 1.7152 -1.7871 -4.3074 -1.501 -6.3122 8.7676 2.0828 6.0553
93 7 Car -1 -1 -2.1538 148 187 213 212 1.6133 -1.517 -3.7804 -2.4012 26.0334 44.4904 -2.6832 4.8667
93 0 Car -1 -1 -1.5355 985 172 1043 226 1.6849 -1.7572 -4.0881 -1.7556 -14.5465 25.9265 -1.0242 4.721
94 1 Car -1 -1 1.4489 1027 150 1242 370 1.7378 -1.8654 -4.4184 -1.4957 -6.162 8.5035 2.076 5.4764
94 7 Car -1 -1 -2.1622 120 185 189 212 1.6205 -1.4941 -3.797 -2.2696 27.0343 43.3241 -2.7201 5.0992
94 0 Car -1 -1 -1.48 970 174 1034 228 1.7109 -1.7867 -4.1339 -1.8663 -14.4477 26.5389 -0.9814 6.9896
95 7 Car -1 -1 -2.1707 89 183 162 211 1.5575 -1.4615 -3.6049 -2.0929 28.173 42.1164 -2.7603 4.4324
95 1 Car -1 -1 1.3736 1022 152 1241 374 1.7602 -1.917 -4.4042 -1.593 -5.8371 8.1124 1.9973 5.5275
95 0 Car -1 -1 -1.5344 956 173 1012 226 1.7208 -1.8495 -4.1024 -1.8708 -14.1039 27.1586 -1.0554 7.1145
96 7 Car -1 -1 -2.1857 55 181 133 210 1.5945 -1.4744 -3.7989 -2.0162 29.0558 41.0248 -2.802 4.4976
96 1 Car -1 -1 1.3713 1017 151 1242 375 1.7019 -1.7714 -4.2775 -1.5333 -5.5514 7.695 1.9963 8.1404
96 0 Car -1 -1 -1.4855 944 173 1004 224 1.7054 -1.8098 -4.0019 -1.8185 -13.91 27.5414 -1.0178 7.6002
97 7 Car -1 -1 0.9908 16 180 100 209 1.602 -1.4453 -3.8715 -1.8837 30.1439 39.6928 0.3413 4.7573
97 1 Car -1 -1 1.3325 1006 149 1241 376 1.7551 -1.8153 -4.5288 -1.6204 -5.4277 7.6023 1.9525 6.325
97 0 Car -1 -1 -1.5822 927 176 979 226 1.7238 -1.7794 -4.2063 -1.9496 -13.4216 28.3432 -1.1399 5.5732
97 8 Car -1 -1 1.4906 823 188 863 222 1.5592 -1.4566 -3.7487 -2.2644 -11.2233 34.9613 1.8013 5.1199
98 1 Car -1 -1 1.305 1012 144 1241 376 1.6751 -1.8611 -3.9827 -1.6107 -5.197 7.1692 1.9323 5.337
98 7 Car -1 -1 -2.1814 1 179 61 210 1.5558 -1.441 -3.5146 -1.8525 31.11 38.3461 -2.863 4.4707
98 0 Car -1 -1 -1.5335 913 175 964 226 1.7048 -1.8737 -3.9285 -1.9952 -13.0984 28.7452 -1.1059 6.9987
99 1 Car -1 -1 1.285 979 144 1238 375 1.6926 -1.8931 -3.8266 -1.6341 -4.9433 6.6505 1.9242 6.1335
99 0 Car -1 -1 -1.6383 895 178 948 225 1.7111 -1.7549 -4.1399 -1.982 -12.5718 29.352 -1.2336 7.8278
100 1 Car -1 -1 1.2599 981 143 1240 375 1.7228 -1.896 -4.1856 -1.5958 -4.7464 6.3951 1.8984 5.2811
100 0 Car -1 -1 -1.5945 866 174 930 227 1.7563 -1.8678 -4.2857 -1.9884 -12.1247 29.9752 -1.2101 7.4667
100 8 Car -1 -1 -1.7169 943 184 993 220 1.6215 -1.5942 -3.9702 -2.2 -17.4341 35.3362 -1.2586 6.5179
101 0 Car -1 -1 -1.6077 854 174 912 224 1.7212 -1.8312 -4.0369 -1.981 -11.6106 30.4121 -1.243 6.688
101 9 Car -1 -1 -10 951 186 1026 230 -1 -1 -1 -1000 -1000 -1000 -10 0
101 8 Car -1 -1 -1.7018 930 184 982 216 1.6102 -1.561 -3.8373 -2.1718 -16.5397 35.2037 -1.2626 6.1971
101 10 Car -1 -1 1.7378 750 185 797 220 1.5881 -1.4685 -3.6502 -2.0872 -7.6974 33.8303 1.9615 5.1173
102 11 Car -1 -1 -10 913 182 962 216 -1 -1 -1 -1000 -1000 -1000 -10 0
102 9 Car -1 -1 -1.789 938 183 1013 231 1.5473 -1.4912 -3.6294 -2.0545 -13.7878 28.0484 -1.3321 6.7041
102 0 Car -1 -1 -1.6048 846 172 896 221 1.7262 -1.8783 -4.0657 -1.9351 -11.0893 30.9584 -1.2608 8.4469
102 10 Car -1 -1 1.6499 735 182 778 218 1.626 -1.546 -3.9914 -2.0259 -6.9169 33.8994 1.8512 5.0866
103 8 Car -1 -1 -1.7799 895 182 946 215 1.5318 -1.4482 -3.508 -2.0515 -14.7305 34.9982 -1.3815 6.3627
103 9 Car -1 -1 -1.7766 920 184 998 229 1.5486 -1.4197 -3.671 -2.0328 -13.1038 27.8314 -1.3365 8.3037
103 12 Car -1 -1 -10 862 183 916 212 -1 -1 -1 -1000 -1000 -1000 -10 0
103 0 Car -1 -1 -1.6325 829 172 879 222 1.785 -2.0354 -4.2562 -2.0018 -10.552 31.5296 -1.3095 6.7786
103 10 Car -1 -1 1.6853 719 180 765 217 1.6658 -1.5519 -4.0694 -1.9396 -6.1642 33.4451 1.8676 6.2415
103 1 Car -1 -1 1.1521 969 85 1241 374 1.8331 -2.1198 -4.5489 -1.7073 -4.43 5.8238 1.8024 5.1921
104 11 Car -1 -1 -10 942 186 1044 238 -1 -1 -1 -1000 -1000 -1000 -10 0
104 8 Car -1 -1 -1.7564 880 182 930 217 1.5408 -1.5192 -3.5744 -2.1157 -13.885 34.6805 -1.3756 7.5747
104 9 Car -1 -1 -1.7991 906 186 990 230 1.5327 -1.4488 -3.6215 -2.0326 -12.416 27.6176 -1.3766 8.6646
104 10 Car -1 -1 1.7025 699 180 747 219 1.6582 -1.6254 -3.8949 -1.9932 -5.1771 32.8627 1.8587 6.5467
104 0 Car -1 -1 -1.652 812 173 861 221 1.7529 -1.9599 -4.103 -2.009 -9.9806 32.0713 -1.3503 6.172
105 11 Car -1 -1 -1.2554 926 186 1031 240 1.5419 -1.4356 -3.5887 -1.9695 -11.5305 22.876 -0.7885 6.7588
105 8 Car -1 -1 -1.7441 861 184 912 218 1.6256 -1.5481 -3.7719 -2.1009 -13.0959 34.4302 -1.3806 6.5395
105 9 Car -1 -1 -1.8037 892 187 970 230 1.5647 -1.4437 -3.8258 -2.0808 -11.7838 27.4157 -1.3977 10.895
105 0 Car -1 -1 -1.6316 796 175 842 221 1.7537 -1.909 -4.1637 -2.0255 -9.3306 32.511 -1.3522 9.2274
105 10 Car -1 -1 1.7138 686 185 733 222 1.5758 -1.4574 -3.6622 -2.0701 -4.4772 32.3148 1.8515 6.108
106 11 Car -1 -1 -1.1981 913 186 1026 241 1.6193 -1.4496 -3.8135 -1.9757 -11.1343 22.6934 -0.7419 9.3565
106 9 Car -1 -1 -1.7995 874 188 941 231 1.5307 -1.4048 -3.6274 -2.0332 -11.0888 27.1262 -1.4114 10.4173
106 0 Car -1 -1 -1.6456 779 171 828 219 1.8262 -2.0426 -4.5134 -1.9996 -8.747 33.0148 -1.3866 8.9808
106 8 Car -1 -1 -1.7401 844 183 894 220 1.6424 -1.6052 -3.7943 -2.144 -12.2535 34.3722 -1.3976 7.4838
106 10 Car -1 -1 1.7014 668 182 716 221 1.6223 -1.596 -3.7986 -2.0388 -3.6967 32.0915 1.8161 6.1294
107 11 Car -1 -1 -1.2199 899 186 1012 245 1.6044 -1.4625 -3.8796 -2.0136 -10.5608 22.3619 -0.7787 11.6581
107 9 Car -1 -1 -1.8071 859 187 927 232 1.553 -1.4721 -3.5658 -2.0681 -10.4243 26.8411 -1.4366 9.2535
107 0 Car -1 -1 -1.6544 762 175 811 221 1.8334 -1.98 -4.5246 -2.0888 -8.0754 33.4541 -1.4176 8.3575
107 10 Car -1 -1 1.6731 653 184 698 221 1.5881 -1.4479 -3.7351 -2.0021 -2.8823 31.4273 1.7646 4.2286
108 11 Car -1 -1 -1.1651 885 187 1000 245 1.5682 -1.4904 -3.4354 -2.0436 -10.0546 21.9065 -0.7348 11.9672
108 9 Car -1 -1 -1.779 847 189 918 236 1.6247 -1.5112 -4.1137 -2.1607 -9.9271 26.6518 -1.4224 8.8532
108 0 Car -1 -1 -1.65 746 172 794 219 1.8003 -2.052 -4.5495 -2.043 -7.4124 33.8312 -1.4344 6.4785
108 10 Car -1 -1 1.6873 635 183 683 223 1.6175 -1.5572 -3.9247 -2.0276 -2.1458 31.0606 1.7562 5.7356
108 8 Car -1 -1 -1.7993 812 184 868 220 1.6097 -1.5069 -3.897 -2.0973 -10.6117 33.5883 -1.4933 4.8136
109 11 Car -1 -1 -1.2277 875 187 984 244 1.5909 -1.544 -3.9122 -1.9893 -9.5989 21.7396 -0.8119 13.1007
109 9 Car -1 -1 -1.8067 835 189 904 234 1.5195 -1.4199 -3.5893 -2.0584 -9.2632 26.0866 -1.4655 9.0216
109 0 Car -1 -1 -1.6713 729 174 778 219 1.8067 -1.9958 -4.3143 -2.0653 -6.6978 34.1084 -1.4774 8.8893
109 10 Car -1 -1 1.6964 618 180 668 221 1.6495 -1.5901 -4.0872 -1.9457 -1.4454 30.738 1.7434 7.7877
109 8 Car -1 -1 -1.7619 799 183 851 222 1.6136 -1.6164 -3.7739 -2.1447 -9.8536 33.3505 -1.4746 6.7957
110 11 Car -1 -1 -1.2255 863 186 973 245 1.5884 -1.4977 -3.7291 -1.9238 -9.0485 21.2819 -0.8235 13.3533
110 8 Car -1 -1 -1.7874 788 182 846 220 1.6637 -1.6095 -4.0428 -2.0589 -9.1305 33.0692 -1.518 8.6761
110 9 Car -1 -1 -1.8333 810 185 891 232 1.5569 -1.4256 -3.7105 -2.0223 -8.6101 25.7605 -1.5108 7.2417
110 0 Car -1 -1 -1.6913 712 172 761 217 1.797 -2.0058 -4.2882 -1.9953 -5.9638 34.4989 -1.5201 9.3986
110 10 Car -1 -1 1.6759 605 182 652 221 1.5702 -1.4764 -3.6005 -1.8882 -0.8096 29.9651 1.7029 6.5523
110 7 Car -1 -1 0.6064 16 174 297 262 1.6834 -1.5985 -4.5144 -1.6264 8.7593 14.0955 0.0504 6.1856
111 11 Car -1 -1 -1.2535 852 184 961 245 1.6123 -1.5474 -3.7882 -1.9636 -8.6115 20.9369 -0.8633 12.7792
111 8 Car -1 -1 -1.7659 773 182 833 219 1.6044 -1.5254 -3.8545 -2.0463 -8.3795 32.6004 -1.5143 10.7484
111 9 Car -1 -1 -1.8586 803 186 881 232 1.5723 -1.4816 -3.8486 -1.9775 -8.013 25.3912 -1.5529 6.8735
111 7 Car -1 -1 0.6286 100 178 271 267 1.5764 -1.4398 -3.9653 -1.5888 8.5591 13.084 0.0493 7.7354
111 0 Car -1 -1 -1.6978 695 171 745 215 1.8102 -1.9887 -4.4621 -1.9451 -5.2371 34.8232 -1.5486 10.6692
111 10 Car -1 -1 1.6691 587 179 636 221 1.6374 -1.554 -3.9929 -1.8645 -0.1064 29.4576 1.6727 8.5655
112 11 Car -1 -1 -1.2628 842 183 951 245 1.6056 -1.4825 -3.8738 -1.8569 -8.1645 20.5483 -0.8846 14.1336
112 7 Car -1 -1 0.6364 6 175 246 275 1.5991 -1.4492 -4.0804 -1.6049 8.4637 12.371 0.0364 9.179
112 8 Car -1 -1 -1.7798 757 180 811 218 1.5973 -1.5042 -3.7552 -1.9377 -7.5863 32.1482 -1.5481 9.6983
112 9 Car -1 -1 -1.8164 795 186 870 231 1.6013 -1.4733 -3.8739 -1.9101 -7.4466 25.0776 -1.5277 6.6128
112 0 Car -1 -1 -1.6731 681 170 728 215 1.8164 -2.0399 -4.4903 -1.9238 -4.5291 35.1661 -1.545 9.6059
112 10 Car -1 -1 1.6913 570 180 622 222 1.641 -1.5319 -3.9641 -1.8444 0.5153 28.8247 1.6734 8.9857
112 13 Car -1 -1 -1.7871 734 180 782 212 1.6254 -1.5581 -4.0376 -1.9721 -7.6052 37.4882 -1.5869 5.9264
113 11 Car -1 -1 -1.2605 832 183 942 245 1.6046 -1.5179 -3.9056 -1.8445 -7.7134 20.0785 -0.8937 12.1218
113 7 Car -1 -1 0.6535 6 174 230 281 1.6426 -1.5155 -4.2607 -1.5549 8.491 11.6837 0.025 10.7954
113 8 Car -1 -1 -1.7748 744 179 799 218 1.6177 -1.5585 -3.7346 -1.886 -6.9754 31.7601 -1.5586 9.6147
113 9 Car -1 -1 -1.8728 783 186 856 230 1.5842 -1.4855 -3.7466 -1.9103 -6.9978 24.5167 -1.5947 8.1428
113 14 Car -1 -1 -10 703 181 748 207 -1 -1 -1 -1000 -1000 -1000 -10 0
113 13 Car -1 -1 -10 721 181 771 211 1.6254 -1.5581 -4.0376 -1.9721 -7.6052 37.4882 -10 0
113 0 Car -1 -1 -1.6719 667 170 713 212 1.7859 -1.9504 -4.4507 -1.8216 -3.8222 35.4365 -1.5644 9.3232
113 10 Car -1 -1 1.6818 553 176 607 222 1.6631 -1.6368 -3.9798 -1.7875 1.1172 28.206 1.6422 9.0431
114 11 Car -1 -1 -1.2615 823 183 933 247 1.5913 -1.447 -3.9072 -1.8543 -7.3305 19.6873 -0.905 12.2471
114 8 Car -1 -1 -1.7691 731 179 787 219 1.6222 -1.574 -3.7296 -1.9077 -6.3549 31.2703 -1.5686 11.484
114 7 Car -1 -1 0.6827 1 175 214 287 1.6346 -1.5206 -4.1927 -1.6127 8.3804 10.8463 0.0249 9.4443
114 9 Car -1 -1 -1.8663 772 186 847 231 1.5646 -1.4148 -3.6554 -1.8746 -6.4492 24.03 -1.6041 8.7012
114 13 Car -1 -1 1.355 708 182 761 213 1.6548 -1.5855 -4.0618 -1.9432 -6.0454 36.6273 1.5185 4.6879
114 14 Car -1 -1 -10 691 181 735 208 -1 -1 -1 -1000 -1000 -1000 -10 0
114 0 Car -1 -1 -1.6746 651 170 697 212 1.7922 -1.9688 -4.3269 -1.8508 -3.0852 35.7489 -1.5885 8.8344
114 10 Car -1 -1 1.6715 538 176 592 222 1.6549 -1.5712 -4.1759 -1.7424 1.6762 27.6064 1.6109 8.5713
115 11 Car -1 -1 -1.2731 815 184 927 249 1.6249 -1.4493 -4.0881 -1.8352 -6.9736 19.2351 -0.9253 12.682
115 8 Car -1 -1 -1.7872 720 179 776 220 1.597 -1.5102 -3.6913 -1.8752 -5.7149 30.7967 -1.6037 10.0528
115 7 Car -1 -1 0.698 3 178 209 296 1.6153 -1.4552 -4.3123 -1.5731 8.2752 10.0675 0.01 9.9986
115 9 Car -1 -1 -1.8497 758 187 836 235 1.5976 -1.5082 -3.8314 -1.9372 -5.9787 23.7247 -1.6028 6.9637
115 13 Car -1 -1 -1.8159 696 182 747 213 1.6447 -1.4596 -4.2292 -1.9836 -5.4576 36.0634 -1.6657 4.1275
115 14 Car -1 -1 -10 682 181 723 208 -1 -1 -1 -1000 -1000 -1000 -10 0
115 10 Car -1 -1 1.6851 522 177 579 223 1.6626 -1.5469 -4.0811 -1.7528 2.1769 27.1088 1.6049 10.7754
115 0 Car -1 -1 -1.6902 636 170 683 212 1.7978 -1.952 -4.4171 -1.8517 -2.401 35.9749 -1.6236 9.3677
116 11 Car -1 -1 -1.2712 807 186 920 251 1.6063 -1.567 -3.7349 -1.8561 -6.6324 18.7791 -0.9317 12.4497
116 8 Car -1 -1 -1.7949 708 179 765 222 1.613 -1.5029 -3.6626 -1.8265 -5.2046 30.2276 -1.6244 12.449
116 7 Car -1 -1 0.6899 10 181 189 307 1.5953 -1.5359 -3.9564 -1.5696 8.094 9.3356 -0.0244 9.4511
116 9 Car -1 -1 -1.8654 747 189 822 236 1.5559 -1.4622 -3.5603 -1.9314 -5.5598 23.0522 -1.6288 9.4896
116 13 Car -1 -1 -10 685 182 735 215 1.6447 -1.4596 -4.2292 -1.9836 -5.4576 36.0634 -10 0
116 0 Car -1 -1 -1.6724 624 170 669 213 1.7985 -2.0216 -4.3157 -1.9243 -1.7374 36.2026 -1.6245 9.2134
116 10 Car -1 -1 1.6921 507 179 565 226 1.6479 -1.5634 -4.0036 -1.813 2.6592 26.4175 1.5918 8.3755
117 8 Car -1 -1 -1.7817 696 181 755 223 1.6153 -1.5185 -3.7591 -1.974 -4.6517 29.7916 -1.6268 11.809
117 11 Car -1 -1 -1.2939 797 187 912 256 1.5939 -1.5131 -3.7905 -1.9066 -6.2599 18.2937 -0.9642 14.1489
117 9 Car -1 -1 -1.8758 736 189 814 238 1.5897 -1.4725 -3.6263 -1.9703 -5.1053 22.5799 -1.6535 10.6548
117 13 Car -1 -1 -1.7755 673 184 724 216 1.5965 -1.4551 -3.921 -2.0962 -4.1241 35.1459 -1.6586 4.2537
117 7 Car -1 -1 0.7153 2 173 179 318 1.5793 -1.5259 -4.0302 -1.5803 7.8733 8.7344 -0.0183 7.9723
117 14 Car -1 -1 -10 657 184 701 211 -1 -1 -1 -1000 -1000 -1000 -10 0
117 10 Car -1 -1 1.71 487 179 549 228 1.6398 -1.5607 -3.9447 -1.8339 3.2102 25.667 1.5855 9.7807
117 0 Car -1 -1 -1.68 609 172 653 212 1.7603 -1.9134 -4.3308 -1.9022 -0.9977 36.4241 -1.6526 8.2356
118 11 Car -1 -1 -1.305 790 187 905 257 1.6082 -1.4583 -4.0612 -1.8903 -5.9144 17.8391 -0.9849 12.5061
118 9 Car -1 -1 -1.8655 726 188 811 241 1.5784 -1.484 -3.6067 -1.978 -4.7093 22.0541 -1.6551 9.6305
118 8 Car -1 -1 -1.7849 681 181 744 224 1.5998 -1.5068 -3.6441 -1.9668 -4.0637 29.2561 -1.6469 11.4496
118 7 Car -1 -1 0.8271 2 181 143 337 1.661 -1.5772 -4.4481 -1.6184 7.7765 8.0296 0.0577 8.2099
118 13 Car -1 -1 -1.7909 659 185 713 218 1.5974 -1.4666 -3.9359 -2.0005 -3.4721 34.4297 -1.6904 6.2578
118 14 Car -1 -1 -1.7409 645 184 686 213 1.5897 -1.5087 -3.7431 -2.0564 -2.9143 39.8198 -1.6678 5.0295
118 10 Car -1 -1 1.7145 470 180 533 229 1.6268 -1.5497 -3.8723 -1.8214 3.6941 24.9864 1.5677 11.076
118 0 Car -1 -1 -1.6699 595 171 640 214 1.8202 -2.0382 -4.3912 -1.9711 -0.3079 36.7091 -1.6615 9.3289
119 11 Car -1 -1 -1.3186 781 187 898 259 1.6103 -1.4646 -3.944 -1.8715 -5.6099 17.3547 -1.006 11.6386
119 8 Car -1 -1 -1.7922 670 181 733 225 1.5978 -1.4881 -3.7447 -1.9238 -3.5325 28.7189 -1.6698 10.7964
119 9 Car -1 -1 -1.8609 713 188 801 242 1.5816 -1.4749 -3.7505 -1.93 -4.2785 21.5886 -1.6652 10.4997
119 13 Car -1 -1 -1.7761 649 184 705 220 1.6334 -1.45 -4.0523 -2.0247 -2.7871 33.9292 -1.6942 5.0565
119 7 Car -1 -1 0.7962 1 188 109 356 1.6965 -1.6184 -4.6581 -1.6199 7.7582 7.2366 -0.0239 5.7395
119 10 Car -1 -1 1.695 449 180 524 229 1.643 -1.5398 -4.0995 -1.8583 4.1253 24.4761 1.528 10.0625
119 14 Car -1 -1 -10 632 184 674 213 1.5897 -1.5087 -3.7431 -2.0564 -2.9143 39.8198 -10 0
119 0 Car -1 -1 -1.6544 580 172 623 214 1.8017 -2.0426 -4.4277 -2.0191 0.5171 36.976 -1.6684 8.7006
120 11 Car -1 -1 -1.3011 772 187 891 262 1.5676 -1.5158 -3.7573 -1.8343 -5.2561 16.7826 -0.9975 12.3541
120 9 Car -1 -1 -1.8832 703 188 794 244 1.5856 -1.4728 -3.7145 -1.9032 -3.9101 21.0513 -1.6996 9.784
120 8 Car -1 -1 -1.8001 655 181 720 225 1.591 -1.5231 -3.5816 -1.9172 -2.9981 28.154 -1.694 11.7592
120 13 Car -1 -1 -10 635 184 688 219 1.6334 -1.45 -4.0523 -2.0247 -2.7871 33.9292 -10 0
120 10 Car -1 -1 1.7225 434 179 504 230 1.6397 -1.5309 -3.9266 -1.8199 4.6279 23.7391 1.5299 9.0957
120 14 Car -1 -1 -1.7243 619 184 662 214 1.6272 -1.5222 -3.932 -2.0555 -1.4843 38.4465 -1.6857 5.8639
120 0 Car -1 -1 -1.6566 565 173 607 214 1.7987 -1.9481 -4.512 -1.9921 1.3152 37.175 -1.6919 10.0436
120 7 Car -1 -1 0.8153 0 178 93 374 1.6721 -1.5836 -4.5389 -1.6374 7.6044 6.4802 -0.0498 5.1471
121 11 Car -1 -1 -1.3221 763 187 885 265 1.5947 -1.4644 -3.9442 -1.9124 -4.95 16.3201 -1.0276 12.7892
121 9 Car -1 -1 -1.882 692 187 785 245 1.5534 -1.4157 -3.6167 -1.9311 -3.4644 20.5592 -1.7151 10.8613
121 8 Car -1 -1 -1.7922 644 181 709 226 1.6209 -1.5507 -3.8017 -1.9247 -2.4881 27.6801 -1.7025 11.1784
121 13 Car -1 -1 -10 622 183 679 220 1.6334 -1.45 -4.0523 -2.0247 -2.7871 33.9292 -10 0
121 10 Car -1 -1 1.7265 412 178 488 232 1.6398 -1.5282 -4.1242 -1.7773 5.0221 23.1419 1.5128 10.8636
121 14 Car -1 -1 -1.6967 603 184 645 212 1.5655 -1.5172 -3.5859 -2.0368 -0.7027 37.8836 -1.6781 4.6408
121 0 Car -1 -1 -1.6672 549 172 593 212 1.8013 -1.9361 -4.5376 -1.916 2.0981 37.2972 -1.7234 7.725
121 15 Car -1 -1 1.6483 441 173 493 221 1.6733 -1.7672 -4.0261 -1.7741 5.5639 28.3648 1.4546 4.0726
122 9 Car -1 -1 -1.8844 682 187 774 247 1.5665 -1.4034 -3.6292 -1.8623 -3.1079 20.0327 -1.7305 9.7033
122 11 Car -1 -1 -1.3531 754 187 879 267 1.6083 -1.4759 -3.8618 -1.8718 -4.631 15.8116 -1.0682 12.0497
122 13 Car -1 -1 -1.8243 609 183 666 220 1.6048 -1.4716 -4.0248 -1.9331 -0.9661 32.3721 -1.7944 4.9796
122 8 Car -1 -1 -1.7996 631 182 701 227 1.6145 -1.5328 -3.6779 -1.8987 -1.9878 27.1327 -1.7265 12.8843
122 10 Car -1 -1 1.7166 394 178 472 232 1.633 -1.5888 -3.8711 -1.7865 5.4933 22.4454 1.4766 10.9365
122 14 Car -1 -1 -1.6992 592 184 635 213 1.601 -1.5537 -3.7144 -2.0329 -0.0402 37.5475 -1.6981 6.0331
122 0 Car -1 -1 -1.6675 534 171 576 211 1.7775 -1.9209 -4.2507 -1.8684 2.929 37.3592 -1.7457 8.3144
123 9 Car -1 -1 -1.8789 667 187 766 250 1.5787 -1.4415 -3.6803 -1.8769 -2.7333 19.4929 -1.7396 10.3566
123 11 Car -1 -1 -1.3407 745 187 871 271 1.6216 -1.5147 -3.9998 -1.8542 -4.3504 15.3395 -1.0644 12.1988
123 13 Car -1 -1 -10 595 183 655 221 1.6048 -1.4716 -4.0248 -1.9331 -0.9661 32.3721 -10 0
123 8 Car -1 -1 -1.8046 619 180 692 228 1.6136 -1.5634 -3.7017 -1.9195 -1.4871 26.5123 -1.7486 12.3456
123 10 Car -1 -1 1.7143 371 179 459 236 1.66 -1.6012 -3.9985 -1.7804 5.8751 21.6741 1.4496 10.4115
123 14 Car -1 -1 -1.6902 579 184 621 214 1.5593 -1.4966 -3.6616 -1.9983 0.6704 36.8542 -1.7084 4.7026
123 0 Car -1 -1 -1.6604 519 171 560 211 1.7646 -1.964 -4.1744 -1.8993 3.7424 37.5419 -1.7598 8.4571
124 11 Car -1 -1 -1.3711 735 187 865 273 1.6406 -1.5466 -3.9833 -1.8069 -4.0497 14.8483 -1.1049 12.063
124 9 Car -1 -1 -1.8868 651 185 758 251 1.5622 -1.4509 -3.3942 -1.8178 -2.3743 18.9231 -1.762 12.6323
124 8 Car -1 -1 -1.7687 605 179 680 229 1.5758 -1.4759 -3.5454 -1.8383 -0.9422 25.9154 -1.7324 11.4875
124 10 Car -1 -1 1.726 347 180 436 238 1.6349 -1.5539 -4.0856 -1.7848 6.277 21.0263 1.4359 11.6106
124 13 Car -1 -1 -10 582 182 642 221 1.6048 -1.4716 -4.0248 -1.9331 -0.9661 32.3721 -10 0
124 14 Car -1 -1 -10 565 183 607 214 1.5593 -1.4966 -3.6616 -1.9983 0.6704 36.8542 -10 0
124 0 Car -1 -1 -1.6569 503 171 544 211 1.768 -1.9574 -4.2835 -1.8923 4.573 37.6381 -1.7778 9.0887
125 9 Car -1 -1 -1.8578 642 186 749 252 1.5324 -1.4418 -3.2928 -1.8384 -2.0517 18.4113 -1.7468 10.7026
125 11 Car -1 -1 -1.3521 727 185 859 274 1.6103 -1.4948 -3.9383 -1.7999 -3.7796 14.3671 -1.0949 12.2901
125 8 Car -1 -1 -1.7857 594 178 668 230 1.6175 -1.6104 -3.7107 -1.8142 -0.5003 25.3743 -1.766 9.4388
125 13 Car -1 -1 -1.8291 567 180 629 221 1.6406 -1.5974 -3.8324 -1.9228 0.7229 30.418 -1.8529 5.0263
125 10 Car -1 -1 1.7298 324 181 415 241 1.6153 -1.5677 -3.8761 -1.8083 6.6742 20.3204 1.4125 11.7206
125 14 Car -1 -1 -10 551 183 591 213 1.5593 -1.4966 -3.6616 -1.9983 0.6704 36.8542 -10 0
125 0 Car -1 -1 -1.6462 488 171 529 210 1.8036 -1.9299 -4.4624 -1.8416 5.4054 37.8849 -1.7879 9.2129
126 8 Car -1 -1 -1.7987 580 178 651 231 1.6254 -1.5671 -3.8287 -1.7903 -0.0404 24.9382 -1.797 10.9486
126 11 Car -1 -1 -1.3632 719 185 853 280 1.6283 -1.5216 -3.9951 -1.8259 -3.5331 13.8758 -1.1139 12.5562
126 9 Car -1 -1 -1.8482 633 185 741 253 1.5921 -1.4695 -3.6941 -1.8053 -1.6827 17.9956 -1.755 11.517
126 10 Car -1 -1 1.751 302 183 395 245 1.6072 -1.5323 -3.9704 -1.8022 7.0148 19.5566 1.4066 12.5957
126 13 Car -1 -1 -1.8024 553 181 615 222 1.6508 -1.535 -4.1307 -1.88 1.2162 29.841 -1.8432 7.1312
126 14 Car -1 -1 -10 536 183 579 214 1.5593 -1.4966 -3.6616 -1.9983 0.6704 36.8542 -10 0
126 0 Car -1 -1 -1.6469 472 170 513 211 1.8147 -2.034 -4.3945 -1.9094 6.2414 37.956 -1.8099 9.7075
127 8 Car -1 -1 -1.7976 566 178 638 232 1.6267 -1.6276 -3.6589 -1.8225 0.358 24.2451 -1.8124 10.183
127 10 Car -1 -1 1.7672 275 184 376 250 1.6194 -1.5688 -3.8981 -1.8391 7.3486 18.8771 1.396 12.8957
127 9 Car -1 -1 -1.8646 615 184 734 255 1.5926 -1.484 -3.6825 -1.7979 -1.3627 17.3811 -1.7864 11.6503
127 11 Car -1 -1 -1.3836 712 183 849 282 1.579 -1.491 -3.8604 -1.7465 -3.3116 13.3407 -1.1403 12.0308
127 13 Car -1 -1 -1.8212 541 180 605 222 1.6223 -1.5658 -3.8432 -1.8524 1.7883 29.2914 -1.8822 6.1733
127 14 Car -1 -1 -1.7284 524 183 567 215 1.5666 -1.4929 -3.6813 -1.9394 3.2116 34.4242 -1.8215 5.5027
127 0 Car -1 -1 -1.6186 458 171 497 212 1.7687 -2.0063 -4.442 -1.9376 7.0489 38 -1.802 8.5466
127 15 Car -1 -1 1.6937 317 173 390 236 1.758 -1.8838 -4.2774 -1.9134 8.4414 23.9741 1.3551 5.521
128 9 Car -1 -1 -1.8819 609 183 729 258 1.5589 -1.425 -3.4664 -1.7363 -1.1811 16.6818 -1.8112 11.9257
128 8 Car -1 -1 -1.791 556 178 629 232 1.6403 -1.6049 -3.8091 -1.7682 0.6648 23.714 -1.8191 9.9765
128 11 Car -1 -1 -1.3922 709 182 850 286 1.5983 -1.435 -3.9615 -1.7334 -3.1409 12.7559 -1.1507 13.1255
128 10 Car -1 -1 1.7631 253 185 359 254 1.6063 -1.5379 -3.9573 -1.8493 7.5494 18.1747 1.3695 11.695
128 13 Car -1 -1 -1.8254 528 181 592 222 1.625 -1.5407 -4.0383 -1.8467 2.1194 28.7348 -1.899 6.7434
128 14 Car -1 -1 -1.716 514 183 559 215 1.5748 -1.5307 -3.7058 -1.9014 3.6408 33.9041 -1.823 5.1773
128 0 Car -1 -1 -1.6182 445 171 483 211 1.756 -1.9533 -4.0834 -1.9076 7.7667 38.0412 -1.8196 9.2457
128 15 Car -1 -1 1.6845 300 175 373 237 1.7441 -1.8183 -4.1926 -1.9044 8.7688 23.3925 1.3259 6.5641
129 9 Car -1 -1 -1.8888 606 183 727 262 1.5356 -1.476 -3.3741 -1.7695 -1.0563 16.0632 -1.8232 13.1286
129 8 Car -1 -1 -1.7831 549 179 625 233 1.6603 -1.6276 -3.8549 -1.8185 0.856 23.0431 -1.8202 9.2493
129 10 Car -1 -1 1.7833 232 187 344 261 1.6373 -1.575 -3.9861 -1.9015 7.7387 17.5737 1.3685 13.0972
129 11 Car -1 -1 -1.3858 709 182 853 291 1.6322 -1.5529 -4.0496 -1.706 -3.0142 12.2614 -1.1448 11.7035
129 13 Car -1 -1 1.3396 520 182 586 223 1.6561 -1.5324 -4.3488 -1.8651 2.3808 28.154 1.2552 8.9928
129 14 Car -1 -1 -1.653 505 184 550 217 1.5932 -1.5834 -3.6183 -1.994 3.8919 33.1114 -1.77 4.8146
129 15 Car -1 -1 1.7097 295 179 364 235 1.7123 -1.7201 -4.2915 -1.9463 8.9702 22.7806 1.3345 6.7452
129 0 Car -1 -1 -1.5756 437 174 473 213 1.7461 -1.9387 -3.981 -2.0163 8.1946 38.1107 -1.7874 7.8217
130 10 Car -1 -1 1.7911 209 191 330 267 1.5805 -1.4535 -3.8882 -1.9713 7.8351 16.9341 1.3578 12.5679
130 9 Car -1 -1 -1.8988 600 184 728 267 1.5599 -1.4786 -3.5807 -1.7672 -0.9679 15.5123 -1.8365 12.6796
130 11 Car -1 -1 -1.3975 711 182 860 299 1.6303 -1.5199 -3.9643 -1.6885 -2.97 11.6321 -1.1475 14.383
130 13 Car -1 -1 -10 517 185 585 229 1.6561 -1.5324 -4.3488 -1.8651 2.3808 28.154 -10 0
130 8 Car -1 -1 -1.8083 547 179 622 237 1.5843 -1.5593 -3.5947 -1.8305 0.9459 22.3904 -1.8505 11.1172
130 14 Car -1 -1 -1.7219 498 185 545 219 1.5774 -1.5722 -3.5964 -2.0098 3.9935 32.4577 -1.8443 6.457
130 16 Car -1 -1 -10 301 185 356 228 -1 -1 -1 -1000 -1000 -1000 -10 0
130 15 Car -1 -1 1.6965 276 181 348 238 1.7224 -1.7388 -4.2936 -2.0087 9.1431 22.0337 1.3031 5.2755
130 0 Car -1 -1 -1.562 430 174 467 213 1.8087 -1.9434 -4.5584 -2.0511 8.6143 38.5278 -1.7819 7.4517
131 10 Car -1 -1 1.7972 189 193 319 277 1.5862 -1.534 -3.8193 -2.0129 7.9074 16.304 1.3456 13.7141
131 11 Car -1 -1 -1.4285 714 181 866 308 1.625 -1.5096 -3.9347 -1.6788 -2.9213 11.0156 -1.1692 11.5607
131 9 Car -1 -1 -1.891 599 185 734 271 1.573 -1.4488 -3.6274 -1.8012 -0.9495 14.9746 -1.8277 12.4902
131 8 Car -1 -1 -1.7541 539 181 619 240 1.6191 -1.5285 -3.5833 -1.8164 0.8962 21.8417 -1.7951 9.925
131 13 Car -1 -1 -1.8098 512 186 581 230 1.5797 -1.4781 -4.125 -2.0178 2.6674 26.9214 -1.9086 6.8038
131 16 Car -1 -1 -10 298 188 351 232 -1 -1 -1 -1000 -1000 -1000 -10 0
131 14 Car -1 -1 -1.6913 496 187 543 223 1.5902 -1.5067 -3.8024 -2.1401 4.1569 31.9378 -1.8207 5.7138
131 15 Car -1 -1 -10 261 184 340 247 1.7224 -1.7388 -4.2936 -2.0087 9.1431 22.0337 -10 0
131 0 Car -1 -1 -1.593 426 176 462 215 1.782 -1.9785 -4.1107 -2.1619 8.9266 38.5014 -1.8208 7.2989
132 10 Car -1 -1 1.831 171 197 308 283 1.5749 -1.4615 -3.7645 -2.059 7.8914 15.7238 1.3658 12.6833
132 11 Car -1 -1 -1.4195 721 182 884 315 1.6154 -1.5274 -3.8389 -1.6813 -2.929 10.4093 -1.1452 12.4055
132 9 Car -1 -1 -1.8995 599 186 735 275 1.6026 -1.4906 -3.893 -1.8204 -0.9279 14.4031 -1.8351 12.5791
132 8 Car -1 -1 -1.7734 533 180 620 244 1.5786 -1.4889 -3.3639 -1.8711 0.9373 21.1647 -1.8176 10.1093
132 14 Car -1 -1 -1.7125 492 188 540 225 1.5857 -1.5344 -3.6784 -2.1488 4.248 31.348 -1.8472 6.7303
132 15 Car -1 -1 1.7333 250 187 334 254 1.7051 -1.7866 -4.1227 -2.1968 9.1767 20.77 1.3172 6.7448
132 16 Car -1 -1 -10 290 191 345 236 -1 -1 -1 -1000 -1000 -1000 -10 0
132 13 Car -1 -1 -1.7932 510 189 574 232 1.6792 -1.6595 -4.1151 -2.1029 2.4999 26.1559 -1.8884 5.8707
132 0 Car -1 -1 -1.5616 421 179 457 217 1.7483 -1.9155 -4.1492 -2.2815 9.1717 38.7162 -1.7942 7.2527
133 10 Car -1 -1 1.8233 156 200 297 288 1.5959 -1.517 -3.8933 -2.1215 7.7962 15.0683 1.3458 13.6892
133 11 Car -1 -1 -1.4484 729 182 903 327 1.6024 -1.471 -3.9322 -1.6568 -2.9385 9.7952 -1.157 12.5454
133 9 Car -1 -1 -1.8987 600 186 743 280 1.5967 -1.4824 -3.6518 -1.7878 -0.971 13.7823 -1.8284 13.6811
133 8 Car -1 -1 -1.7825 531 181 622 246 1.6015 -1.583 -3.4686 -1.8879 0.9702 20.5688 -1.8296 10.8933
133 14 Car -1 -1 -1.6825 493 189 542 226 1.543 -1.5069 -3.5575 -2.1594 4.0608 30.6316 -1.8143 5.7971
133 15 Car -1 -1 1.7162 285 191 342 238 1.7185 -1.7856 -4.177 -2.2057 9.1152 20.2 1.2923 7.0208
133 0 Car -1 -1 -1.5467 418 179 454 217 1.7714 -1.9114 -4.371 -2.2889 9.3418 38.9414 -1.7821 7.3827
134 10 Car -1 -1 1.8567 139 198 290 293 1.6064 -1.5482 -3.864 -2.1269 7.7906 14.5476 1.365 13.3286
134 11 Car -1 -1 -1.4785 744 181 925 337 1.6434 -1.5274 -4.0358 -1.6669 -2.9996 9.2119 -1.1637 11.6367
134 9 Car -1 -1 -1.8896 605 184 755 284 1.6219 -1.4922 -3.9122 -1.7649 -1.0535 13.1923 -1.81 12.5098
134 8 Car -1 -1 -1.7815 534 179 628 246 1.6201 -1.5811 -3.6025 -1.8468 0.8923 20.0166 -1.8261 12.3188
134 16 Car -1 -1 1.6722 287 192 341 236 1.5464 -1.4814 -3.7269 -2.3143 10.4201 24.7535 1.2737 4.526
134 14 Car -1 -1 -1.6794 495 189 546 226 1.5902 -1.5493 -3.6513 -2.1369 3.9783 30.2444 -1.8102 5.5632
134 15 Car -1 -1 1.7476 232 186 326 259 1.7306 -1.8057 -4.225 -2.2003 9.1275 19.9205 1.318 4.8893
134 0 Car -1 -1 -1.5395 421 178 456 216 1.7296 -1.8981 -4.1312 -2.2443 9.2418 39.0185 -1.772 6.475
135 10 Car -1 -1 1.8712 125 196 285 297 1.5737 -1.5099 -3.7 -1.9968 7.6465 13.9471 1.3697 14.2514
135 11 Car -1 -1 -1.487 765 179 962 352 1.6246 -1.4523 -4.0503 -1.5696 -3.1366 8.4596 -1.132 11.163
135 8 Car -1 -1 -1.7927 543 177 637 246 1.6019 -1.5565 -3.4306 -1.7363 0.6707 19.3169 -1.8274 12.4409
135 9 Car -1 -1 -1.901 611 182 771 288 1.6202 -1.4604 -3.9253 -1.6921 -1.1419 12.5809 -1.8105 11.5254
135 14 Car -1 -1 -1.7004 495 184 545 221 1.5486 -1.5213 -3.514 -1.947 3.6554 29.4631 -1.8238 6.0285
135 16 Car -1 -1 1.6289 286 189 342 234 1.6182 -1.4745 -4.0117 -2.1663 10.2375 24.1387 1.2278 5.4826
135 15 Car -1 -1 1.7604 218 183 323 262 1.7402 -1.7784 -4.2512 -2.1087 8.8799 19.1529 1.3262 9.1281
135 0 Car -1 -1 -1.5867 424 174 459 212 1.7492 -1.9508 -4.1247 -2.0602 9.2131 39.334 -1.8168 7.9726
136 8 Car -1 -1 -1.7825 551 175 645 245 1.6264 -1.584 -3.7734 -1.6759 0.4677 18.6711 -1.8075 13.0865
136 10 Car -1 -1 1.8902 110 194 284 300 1.5889 -1.4942 -3.6935 -1.9625 7.4761 13.399 1.3813 13.8281
136 11 Car -1 -1 -1.5038 790 173 1013 369 1.6746 -1.5629 -4.002 -1.6197 -3.1682 7.8502 -1.1202 11.6665
136 9 Car -1 -1 -1.8984 620 181 788 290 1.6029 -1.4896 -3.7904 -1.6412 -1.2628 11.9263 -1.793 13.8273
136 16 Car -1 -1 1.6702 277 187 342 239 1.5955 -1.461 -3.7338 -2.1374 9.8583 23.6066 1.2746 6.3521
136 17 Car -1 -1 -10 286 185 345 232 -1 -1 -1 -1000 -1000 -1000 -10 0
136 13 Car -1 -1 -10 515 180 591 228 1.6792 -1.6595 -4.1151 -2.1029 2.4999 26.1559 -10 0
136 14 Car -1 -1 -10 495 181 542 216 1.5486 -1.5213 -3.514 -1.947 3.6554 29.4631 -10 0
136 15 Car -1 -1 1.7582 214 180 321 264 1.726 -1.8442 -4.211 -2.0658 8.6734 18.5434 1.3207 9.1311
136 0 Car -1 -1 -1.5546 430 171 465 209 1.7927 -1.9627 -4.3383 -1.9018 8.8859 39.6652 -1.775 8.7645
137 8 Car -1 -1 -1.7805 557 173 655 245 1.6036 -1.6065 -3.5312 -1.5914 0.2325 18.0746 -1.7934 13.3582
137 10 Car -1 -1 1.9162 97 194 279 304 1.5868 -1.5002 -3.8947 -1.9866 7.316 12.9062 1.4005 13.0726
137 9 Car -1 -1 -1.9074 634 176 809 294 1.5892 -1.4721 -3.766 -1.563 -1.4169 11.2469 -1.7821 12.664
137 11 Car -1 -1 -1.547 814 167 1068 373 1.6494 -1.5507 -3.9008 -1.5154 -3.2305 7.1546 -1.1229 11.1878
137 16 Car -1 -1 1.7099 278 187 344 240 1.5298 -1.4393 -3.5553 -2.0548 9.6053 23.1231 1.3162 6.8684
137 13 Car -1 -1 -10 520 176 606 230 1.6792 -1.6595 -4.1151 -2.1029 2.4999 26.1559 -10 0
137 15 Car -1 -1 1.7776 212 178 325 262 1.7142 -1.8286 -4.1799 -1.9754 8.448 18.1327 1.3417 7.8159
137 0 Car -1 -1 -1.5661 436 168 471 207 1.7648 -1.9985 -4.1687 -1.7931 8.6367 39.8112 -1.7797 6.295
138 8 Car -1 -1 -1.7882 567 171 670 247 1.6302 -1.5763 -3.607 -1.5791 -0.0148 17.5085 -1.7874 13.6885
138 10 Car -1 -1 1.953 83 193 277 310 1.5837 -1.518 -3.4744 -1.9448 7.1034 12.3658 1.4316 14.2109
138 16 Car -1 -1 1.6926 281 188 350 241 1.5317 -1.4185 -3.5662 -1.9917 9.2174 22.5218 1.3041 9.1047
138 9 Car -1 -1 -1.911 645 176 836 303 1.5629 -1.4275 -3.4306 -1.5668 -1.6125 10.5542 -1.7593 13.8323
138 11 Car -1 -1 -1.5736 851 168 1143 374 1.673 -1.5835 -4.015 -1.5455 -3.3419 6.4424 -1.0951 10.5845
138 13 Car -1 -1 -1.7767 535 175 617 230 1.613 -1.5164 -3.9402 -1.6452 1.2228 22.6692 -1.8306 5.817
138 15 Car -1 -1 1.7889 210 182 327 265 1.6733 -1.7115 -4.1978 -1.9628 8.155 17.5373 1.3537 10.0924
138 0 Car -1 -1 -1.5207 444 169 480 204 1.7371 -1.8548 -4.2755 -1.6658 8.198 40.1684 -1.722 7.3361
138 17 Car -1 -1 1.6632 302 184 356 228 1.6299 -1.5261 -3.9607 -2.0119 10.8873 28.0979 1.2935 4.9372
139 8 Car -1 -1 -1.7832 577 171 683 250 1.6234 -1.6368 -3.6922 -1.5769 -0.2874 16.8586 -1.7661 13.9882
139 10 Car -1 -1 1.9582 68 193 277 314 1.5992 -1.4509 -4.0323 -1.9234 6.9193 11.8089 1.4282 14.6881
139 9 Car -1 -1 -1.9197 656 178 868 316 1.5734 -1.4196 -3.7338 -1.5734 -1.726 9.9281 -1.7475 12.366
139 11 Car -1 -1 -1.6251 891 170 1225 374 1.6559 -1.5343 -4.0134 -1.4987 -3.4792 5.836 -1.0875 10.6365
139 16 Car -1 -1 1.7171 285 189 353 242 1.6031 -1.4651 -3.8564 -2.0065 8.9041 21.9605 1.3318 7.5552
139 13 Car -1 -1 -1.7498 544 175 633 232 1.6159 -1.5073 -4.0361 -1.6409 1.0487 22.1066 -1.7972 6.2607
139 15 Car -1 -1 1.8022 213 180 331 263 1.6564 -1.6992 -3.9916 -1.8902 7.8767 17.1102 1.3708 10.1609
139 0 Car -1 -1 -1.5758 453 167 487 203 1.7702 -1.8941 -4.3443 -1.6131 7.8908 40.4644 -1.7684 8.5958
139 17 Car -1 -1 1.6483 308 182 363 229 1.6553 -1.5904 -4.0033 -2.007 10.5035 27.7746 1.2868 4.4067
140 8 Car -1 -1 -1.7765 588 172 698 254 1.6354 -1.6024 -3.6458 -1.6022 -0.5548 16.2101 -1.7423 14.154
140 10 Car -1 -1 1.9818 42 196 279 322 1.6274 -1.4832 -4.1573 -1.8885 6.7599 11.3278 1.4438 13.8035
140 9 Car -1 -1 -1.9356 674 180 905 331 1.5926 -1.4029 -3.8423 -1.5987 -1.907 9.2975 -1.7333 13.2058
140 11 Car -1 -1 -1.6988 944 174 1242 375 1.5762 -1.5179 -3.6369 -1.5518 -3.4115 5.0292 -1.1028 9.313
140 13 Car -1 -1 -1.7562 553 175 645 234 1.6248 -1.4488 -4.1272 -1.6513 0.645 21.4283 -1.7863 7.9122
140 16 Car -1 -1 1.7078 288 191 358 245 1.5383 -1.4532 -3.5379 -1.9935 8.557 21.5644 1.3301 9.216
140 17 Car -1 -1 -10 319 184 374 228 1.6553 -1.5904 -4.0033 -2.007 10.5035 27.7746 -10 0
140 15 Car -1 -1 1.8048 204 180 334 268 1.6906 -1.6802 -4.3875 -1.8762 7.6416 16.516 1.3715 11.2114
140 0 Car -1 -1 -1.5207 462 168 497 202 1.7585 -1.84 -4.2017 -1.5946 7.3297 40.7194 -1.6988 8.525
141 8 Car -1 -1 -1.7948 598 173 715 258 1.5955 -1.627 -3.4458 -1.5991 -0.7955 15.58 -1.7438 13.0257
141 10 Car -1 -1 2.0121 19 198 273 332 1.5988 -1.5128 -3.8818 -1.9252 6.5727 10.7741 1.4643 13.8088
141 9 Car -1 -1 -1.9534 689 181 949 346 1.606 -1.449 -3.8047 -1.5819 -2.0614 8.6141 -1.7186 13.7498
141 13 Car -1 -1 -1.7711 564 176 657 238 1.608 -1.4872 -4.031 -1.6795 0.3016 20.8042 -1.7856 9.7926
141 16 Car -1 -1 1.7297 292 193 365 248 1.5535 -1.4243 -3.7014 -1.9829 8.2226 21.0427 1.3571 9.5537
141 11 Car -1 -1 -1.7786 1008 172 1241 375 1.4762 -1.5005 -3.3556 -1.5175 -3.4012 4.2204 -1.1003 8.6896
141 17 Car -1 -1 -10 324 185 381 231 1.6553 -1.5904 -4.0033 -2.007 10.5035 27.7746 -10 0
141 18 Car -1 -1 -10 541 177 608 224 -1 -1 -1 -1000 -1000 -1000 -10 0
141 15 Car -1 -1 1.8275 202 182 339 276 1.6912 -1.725 -4.2448 -1.9691 7.354 15.9805 1.3962 10.7823
141 0 Car -1 -1 -1.5627 471 170 505 205 1.7919 -1.88 -4.4977 -1.7475 6.9267 40.9401 -1.7303 6.5122
142 8 Car -1 -1 -1.7896 610 174 731 264 1.6285 -1.5701 -3.708 -1.6083 -1.0319 14.9155 -1.7205 13.2164
142 10 Car -1 -1 2.0183 1 200 272 343 1.6222 -1.5507 -4.0433 -1.9963 6.4019 10.2591 1.4604 13.7436
142 9 Car -1 -1 -1.9864 702 185 999 367 1.6053 -1.4676 -3.7697 -1.6246 -2.21 7.9236 -1.7144 12.8172
142 13 Car -1 -1 -1.7791 575 179 664 241 1.627 -1.5491 -3.9486 -1.7014 -0.0401 20.0245 -1.7771 8.8472
142 16 Car -1 -1 1.7393 293 193 370 249 1.5479 -1.418 -3.7731 -2.0059 7.9168 20.5791 1.3721 10.6122
142 17 Car -1 -1 1.7414 329 186 387 233 1.5782 -1.5488 -3.6716 -2.0822 9.1641 25.9379 1.4017 6.2767
142 14 Car -1 -1 -1.6647 555 178 618 227 1.5799 -1.5598 -3.676 -1.749 0.9588 25.403 -1.7024 6.1012
142 15 Car -1 -1 1.8519 192 183 342 279 1.6989 -1.6884 -4.431 -1.9405 7.123 15.4171 1.4191 12.3488
142 0 Car -1 -1 -1.5716 480 170 514 206 1.7865 -1.9497 -4.4367 -1.8343 6.4575 41.2237 -1.7269 7.4864
142 11 Car -1 -1 -1.8416 1087 174 1241 374 1.5924 -1.5201 -3.8347 -1.5332 -3.6223 3.7963 -1.0797 7.3639
143 8 Car -1 -1 -1.8007 619 174 748 268 1.5849 -1.5376 -3.5143 -1.6161 -1.25 14.2435 -1.7131 13.9992
143 10 Car -1 -1 2.0618 1 198 270 355 1.6125 -1.496 -3.9648 -1.9726 6.252 9.648 1.4868 13.9819
143 9 Car -1 -1 -1.9911 725 183 1059 374 1.5672 -1.4144 -3.8565 -1.6687 -2.3321 7.2027 -1.6779 13.279
143 16 Car -1 -1 1.7517 296 194 375 252 1.5607 -1.3993 -3.575 -1.9975 7.6003 20.0326 1.3891 11.5257
143 14 Car -1 -1 -1.678 565 180 627 229 1.6292 -1.5328 -3.9761 -1.8155 0.5942 24.8571 -1.7019 8.5318
143 17 Car -1 -1 1.7274 333 187 393 234 1.5881 -1.5802 -3.5934 -2.0533 8.7844 25.4978 1.3956 7.2918
143 13 Car -1 -1 -1.7582 585 179 675 244 1.6066 -1.4435 -4.0386 -1.7032 -0.3293 19.393 -1.7412 11.3078
143 15 Car -1 -1 1.8619 201 179 351 278 1.6648 -1.7124 -4.1409 -1.9416 6.8892 14.8969 1.4288 12.0005
143 11 Car -1 -1 -1.914 1157 188 1241 374 1.5579 -1.4679 -3.8153 -1.5835 -3.6754 3.2027 -1.06 7.0399
143 0 Car -1 -1 -1.5838 490 171 523 206 1.7991 -1.9365 -4.4542 -1.8369 5.9795 41.4558 -1.727 6.1383
143 19 Car -1 -1 3.3452 344 181 415 208 1.5781 -1.4881 -3.6555 -2.0282 13.3817 42.0185 3.0369 4.1086
144 10 Car -1 -1 2.0846 2 195 266 366 1.6441 -1.5403 -4.2113 -1.9661 6.1032 9.1127 1.4944 12.8833
144 8 Car -1 -1 -1.8117 632 173 770 273 1.5859 -1.6308 -3.381 -1.6542 -1.507 13.5407 -1.7009 14.1664
144 13 Car -1 -1 -1.7725 597 179 686 247 1.6101 -1.4919 -3.998 -1.697 -0.6422 18.7887 -1.7383 10.5974
144 9 Car -1 -1 -2.0315 752 181 1138 375 1.6053 -1.5502 -3.6787 -1.6269 -2.4548 6.5299 -1.6719 13.3228
144 14 Car -1 -1 -1.6771 576 179 640 231 1.6143 -1.5985 -3.9184 -1.8398 0.2243 24.1395 -1.6864 9.0694
144 16 Car -1 -1 1.7631 290 193 383 256 1.5323 -1.4202 -3.6439 -1.9732 7.3037 19.5077 1.4049 9.8598
144 17 Car -1 -1 1.7456 335 186 399 235 1.5707 -1.5426 -3.6029 -1.9969 8.3972 25.0356 1.422 7.6742
144 15 Car -1 -1 1.881 191 178 350 282 1.6667 -1.717 -4.2998 -1.8898 6.656 14.3539 1.4468 11.511
144 0 Car -1 -1 -1.5614 499 170 532 204 1.7608 -1.8766 -4.4578 -1.7309 5.4445 41.7155 -1.6912 7.1742
144 19 Car -1 -1 3.3258 354 180 425 206 1.575 -1.4318 -3.674 -1.898 12.6441 41.5643 3.0304 5.6771
145 10 Car -1 -1 2.0934 3 196 255 372 1.6287 -1.5517 -4.0121 -1.9172 5.9533 8.6531 1.4908 12.7183
145 8 Car -1 -1 -1.8132 645 172 791 278 1.6193 -1.5836 -3.6589 -1.6084 -1.707 12.8448 -1.6811 13.95
145 14 Car -1 -1 -1.6813 586 179 652 232 1.6126 -1.5177 -3.8358 -1.7692 -0.1326 23.3984 -1.6757 8.5141
145 16 Car -1 -1 1.7573 289 191 387 257 1.5537 -1.3984 -3.7531 -1.9535 7.0175 18.8959 1.4017 9.8922
145 13 Car -1 -1 -1.7639 607 179 699 249 1.6243 -1.4842 -4.0404 -1.6857 -0.8807 18.1602 -1.7155 11.6099
145 9 Car -1 -1 -2.0695 767 181 1223 372 1.5869 -1.4724 -3.8199 -1.5967 -2.541 5.8605 -1.6604 12.3977
145 17 Car -1 -1 1.7377 338 185 407 235 1.5977 -1.5222 -3.5988 -1.9607 8.0285 24.3968 1.4198 8.4475
145 15 Car -1 -1 1.8979 179 180 346 287 1.7013 -1.6776 -4.4047 -1.9316 6.4635 13.863 1.4616 13.4614
145 0 Car -1 -1 -1.5578 508 170 541 204 1.791 -1.8322 -4.6194 -1.7278 4.9431 41.9682 -1.675 7.9448
145 19 Car -1 -1 3.3194 362 179 432 205 1.5218 -1.4354 -3.5743 -1.8262 12.0644 41.031 3.0334 4.6028
146 8 Car -1 -1 -1.8224 657 169 812 284 1.6051 -1.5941 -3.4798 -1.6061 -1.8759 12.1685 -1.6694 14.3629
146 10 Car -1 -1 2.1504 1 198 255 373 1.6254 -1.5196 -3.9575 -1.9271 5.805 7.99 1.5221 11.8469
146 16 Car -1 -1 1.7634 290 191 390 257 1.5358 -1.4615 -3.6298 -1.9121 6.7622 18.3414 1.4102 10.7397
146 9 Car -1 -1 -2.137 791 187 1229 374 1.5657 -1.4497 -3.7911 -1.5921 -2.6034 5.0843 -1.6638 11.6439
146 17 Car -1 -1 1.7398 342 183 412 236 1.5659 -1.5397 -3.5445 -1.9512 7.6922 23.9059 1.4285 6.8035
146 15 Car -1 -1 1.9066 172 178 350 292 1.7158 -1.7662 -4.3468 -1.9051 6.2663 13.2875 1.4659 10.6134
146 14 Car -1 -1 -1.6742 596 178 661 231 1.5992 -1.5347 -3.8632 -1.663 -0.4567 22.8387 -1.6542 8.0764
146 13 Car -1 -1 -1.7776 616 177 713 249 1.6248 -1.4888 -4.0509 -1.6506 -1.1304 17.4939 -1.7131 10.9815
146 0 Car -1 -1 -1.5473 517 168 549 202 1.7805 -1.9031 -4.5067 -1.6556 4.4496 42.1661 -1.6524 10.1504
146 19 Car -1 -1 3.286 370 179 437 206 1.5096 -1.4375 -3.4224 -1.8239 11.5614 40.5189 3.008 4.0789
147 8 Car -1 -1 -1.8365 671 169 839 288 1.5934 -1.5481 -3.7023 -1.5468 -2.0223 11.5375 -1.663 14.0156
147 10 Car -1 -1 2.1708 2 197 239 373 1.581 -1.4713 -3.7815 -1.8644 5.7043 7.4773 1.5191 11.3058
147 13 Car -1 -1 -1.7892 627 175 728 250 1.6067 -1.5247 -4.1123 -1.5979 -1.3836 16.8028 -1.707 11.6252
147 17 Car -1 -1 1.7612 343 181 416 234 1.5511 -1.4495 -3.6855 -1.7867 7.3829 23.2324 1.4535 8.5663
147 14 Car -1 -1 -1.6876 604 176 674 230 1.5872 -1.5344 -3.6268 -1.6305 -0.7474 22.0547 -1.6538 9.4503
147 9 Car -1 -1 -2.2061 834 183 1240 376 1.5918 -1.5278 -3.8528 -1.6251 -2.7204 4.3816 -1.6505 9.9905
147 16 Car -1 -1 1.787 289 188 393 257 1.5046 -1.4274 -3.4862 -1.8289 6.5287 17.6923 1.4335 10.3718
147 15 Car -1 -1 1.9089 157 175 351 295 1.6752 -1.6825 -4.1333 -1.8202 6.0852 12.7235 1.4628 14.0742
147 0 Car -1 -1 -1.5608 526 166 558 200 1.7797 -1.9238 -4.4493 -1.5457 3.9795 42.3978 -1.6543 5.8508
147 19 Car -1 -1 3.3143 373 176 447 202 1.5871 -1.4413 -3.7544 -1.6227 11.0479 40.035 3.0451 4.5723
148 10 Car -1 -1 2.2277 1 198 225 370 1.5962 -1.5584 -3.8704 -1.8312 5.6293 6.8612 1.5406 10.2296
148 15 Car -1 -1 1.9559 139 172 348 301 1.643 -1.622 -4.1597 -1.7289 5.8967 12.0647 1.5012 13.0867
148 14 Car -1 -1 -1.6872 615 174 684 230 1.6039 -1.5451 -3.9509 -1.5543 -1.014 21.4464 -1.6399 9.8828
148 8 Car -1 -1 -1.8414 684 165 865 296 1.617 -1.6194 -3.613 -1.5348 -2.1992 10.8081 -1.6406 14.698
148 9 Car -1 -1 -2.2774 873 185 1239 375 1.523 -1.4774 -3.6492 -1.5819 -2.7744 3.6458 -1.6269 9.825
148 13 Car -1 -1 -1.7781 637 172 744 251 1.6159 -1.5198 -4.0749 -1.5533 -1.5864 16.1356 -1.6801 9.7988
148 17 Car -1 -1 1.7619 346 180 420 233 1.558 -1.5511 -3.5261 -1.7869 7.0662 22.6619 1.4597 8.9293
148 16 Car -1 -1 1.8023 285 187 394 258 1.5654 -1.4151 -3.4955 -1.7853 6.2711 17.1285 1.4514 11.7884
148 0 Car -1 -1 -1.5756 535 162 567 197 1.7965 -1.9569 -4.375 -1.3904 3.5094 42.6056 -1.6578 8.387
148 20 Car -1 -1 -1.6575 603 175 656 219 1.5917 -1.4981 -3.9148 -1.5921 -0.6171 26.4182 -1.6342 5.1166
149 15 Car -1 -1 1.9708 119 172 344 309 1.6832 -1.7176 -4.3654 -1.7669 5.7807 11.5237 1.5059 13.0456
149 10 Car -1 -1 2.2736 1 199 199 372 1.6442 -1.5228 -3.9573 -1.8052 5.5014 6.2805 1.5542 8.4459
149 17 Car -1 -1 1.7772 348 180 424 235 1.5588 -1.4609 -3.6079 -1.7361 6.8163 22.0669 1.4776 9.4911
149 14 Car -1 -1 -1.6821 624 175 697 232 1.5875 -1.5501 -3.6887 -1.5915 -1.291 20.7704 -1.6201 9.3361
149 8 Car -1 -1 -1.8567 696 165 894 306 1.6065 -1.6026 -3.6381 -1.5927 -2.3 10.1191 -1.6332 15.1308
149 16 Car -1 -1 1.812 280 187 396 261 1.5672 -1.4293 -4.0246 -1.7996 6.0977 16.557 1.4592 10.4479
149 9 Car -1 -1 -2.3738 906 182 1230 375 1.5154 -1.5012 -3.7308 -1.5722 -2.7842 2.9992 -1.6256 8.5605
149 13 Car -1 -1 -1.792 645 173 764 256 1.6054 -1.526 -3.9226 -1.5417 -1.7751 15.3278 -1.6767 10.4971
149 0 Car -1 -1 -1.5814 542 162 574 195 1.7612 -1.8226 -4.3022 -1.2529 3.1053 42.7479 -1.6539 7.2808
149 21 Car -1 -1 1.5382 611 156 632 174 1.673 -1.4934 -4.2169 -0.1421 -0.952 61.0034 1.5538 5.6382
150 15 Car -1 -1 2.0105 95 175 343 321 1.7051 -1.7095 -4.4009 -1.7854 5.6378 10.8397 1.5309 11.7347
150 8 Car -1 -1 -1.8829 713 165 932 323 1.607 -1.5813 -3.7018 -1.5723 -2.4347 9.4017 -1.6295 14.2688
150 14 Car -1 -1 -1.6838 632 176 709 237 1.6098 -1.5142 -3.6918 -1.6198 -1.5287 20.0124 -1.6075 8.9686
150 10 Car -1 -1 2.3451 1 198 174 369 1.6441 -1.5563 -4.1177 -1.8353 5.4298 5.655 1.5801 8.6964
150 16 Car -1 -1 1.8172 273 187 397 266 1.575 -1.4276 -3.9342 -1.8269 5.9116 15.9843 1.463 10.7074
150 17 Car -1 -1 1.7713 347 183 428 239 1.5386 -1.5116 -3.4815 -1.8111 6.5593 21.4704 1.4748 9.4047
150 13 Car -1 -1 -1.803 654 175 780 263 1.627 -1.4802 -3.9894 -1.5833 -1.9551 14.6604 -1.6704 13.3672
150 9 Car -1 -1 -2.4763 944 192 1237 376 1.5351 -1.4785 -3.9499 -1.457 -2.7814 2.1825 -1.5709 7.2692
150 20 Car -1 -1 -1.6563 622 174 678 223 1.6079 -1.5597 -3.8989 -1.6206 -1.282 25.049 -1.6052 6.1744
150 0 Car -1 -1 -1.5458 551 165 583 198 1.7577 -1.8574 -4.2383 -1.4316 2.5195 42.9597 -1.6044 5.7621
151 15 Car -1 -1 2.0375 67 177 338 333 1.6924 -1.6987 -4.3536 -1.7922 5.537 10.2376 1.5417 13.7988
151 8 Car -1 -1 -1.8953 724 171 971 345 1.6168 -1.5941 -3.7509 -1.5971 -2.5096 8.7078 -1.6148 15.4998
151 16 Car -1 -1 1.8295 268 191 398 273 1.5595 -1.45 -3.5932 -1.8997 5.7577 15.2995 1.4696 10.9955
151 17 Car -1 -1 1.7749 345 185 430 243 1.5312 -1.4512 -3.4829 -1.879 6.3461 20.8651 1.4797 10.4962
151 14 Car -1 -1 -1.6964 640 178 720 242 1.573 -1.5201 -3.7635 -1.6866 -1.7425 19.2885 -1.6063 9.808
151 13 Car -1 -1 -1.7948 662 176 801 272 1.6095 -1.4845 -3.8867 -1.637 -2.0897 13.8959 -1.6455 10.9538
151 10 Car -1 -1 2.4345 1 201 141 375 1.5962 -1.5512 -4.1384 -1.883 5.4819 5.0474 1.6079 7.7066
151 20 Car -1 -1 -1.664 629 178 687 226 1.6546 -1.5638 -4.0221 -1.7312 -1.5189 24.3741 -1.6018 4.0573
151 0 Car -1 -1 -1.5561 557 167 588 201 1.746 -1.9321 -4.2401 -1.6043 2.2153 43.129 -1.6074 7.7597
151 19 Car -1 -1 3.3337 398 178 470 206 1.5102 -1.4226 -3.4186 -1.7202 9.1741 37.7447 3.0953 5.0664
152 15 Car -1 -1 2.0288 22 179 328 352 1.684 -1.6824 -4.4396 -1.8379 5.4084 9.6544 1.5182 13.9842
152 8 Car -1 -1 -1.9329 739 172 1021 364 1.6397 -1.6112 -3.7059 -1.6062 -2.6122 7.9878 -1.6168 13.9417
152 14 Car -1 -1 -1.7036 648 181 727 247 1.5826 -1.5384 -3.8359 -1.7576 -1.8759 18.6523 -1.6034 9.5974
152 17 Car -1 -1 1.7897 342 187 432 249 1.5395 -1.4341 -3.6215 -1.9209 6.175 20.1908 1.4929 9.387
152 13 Car -1 -1 -1.8206 674 178 815 278 1.6013 -1.493 -3.8415 -1.6827 -2.2252 13.25 -1.6542 11.6728
152 16 Car -1 -1 1.8528 250 193 394 281 1.55 -1.3972 -3.7091 -1.9012 5.5841 14.6774 1.4892 11.8916
152 20 Car -1 -1 -1.6997 636 180 697 231 1.5692 -1.5501 -3.6644 -1.7918 -1.7521 23.5295 -1.6253 4.9446
152 10 Car -1 -1 2.4683 1 209 95 376 1.6311 -1.5153 -4.2736 -1.879 5.4032 4.3595 1.5764 5.9457
152 22 Car -1 -1 -1.7052 624 174 670 212 1.5831 -1.6147 -3.4139 -1.692 -1.5934 32.1932 -1.6557 6.6857
152 0 Car -1 -1 -1.5658 563 169 593 203 1.7405 -1.885 -4.3605 -1.7191 1.9033 43.2594 -1.6098 6.2385
152 19 Car -1 -1 3.3484 401 178 475 207 1.508 -1.4321 -3.4662 -1.7512 8.8388 37.1646 3.1149 4.7979
153 15 Car -1 -1 2.0863 8 177 314 363 1.6969 -1.6799 -4.3267 -1.8498 5.3628 9.022 1.55 14.6153
153 14 Car -1 -1 -1.6984 655 181 740 250 1.5665 -1.5465 -3.6092 -1.7433 -2.0129 17.9126 -1.5865 10.136
153 8 Car -1 -1 -1.9553 752 169 1071 375 1.604 -1.5515 -3.7475 -1.6101 -2.6619 7.2924 -1.6053 14.7495
153 13 Car -1 -1 -1.8232 682 180 832 286 1.6189 -1.5463 -4.0261 -1.7292 -2.3361 12.5183 -1.6388 10.7335
153 16 Car -1 -1 1.8577 238 194 392 288 1.5508 -1.4059 -3.6884 -1.9213 5.4824 14.1285 1.4875 11.5275
153 17 Car -1 -1 1.787 342 188 431 250 1.525 -1.4597 -3.6189 -1.9289 5.9953 19.5696 1.4897 10.4564
153 20 Car -1 -1 -1.7068 643 180 707 234 1.6103 -1.4992 -3.9563 -1.8592 -1.9586 22.9496 -1.6216 7.7375
153 0 Car -1 -1 -1.5655 567 171 598 204 1.7607 -1.8738 -4.3492 -1.799 1.6517 43.448 -1.6035 6.2452
153 19 Car -1 -1 3.3175 405 182 479 212 1.5086 -1.4395 -3.4386 -1.9597 8.4739 36.4968 3.0893 4.731
153 22 Car -1 -1 -1.6828 631 175 679 215 1.654 -1.6388 -3.8154 -1.7532 -1.8822 31.6219 -1.6234 4.0157
