0 0 Car -1 -1 -2.2074 892 192 1232 375 1.5834 -1.4632 -3.8898 -1.6842 -3.42 4.8365 -1.5919 7.8698
0 1 Car -1 -1 1.9418 294 175 337 197 1.6004 -1.5889 -3.8319 -1.74 21.3789 52.1924 1.553 7.2791
0 2 Car -1 -1 -10 313 175 353 195 -1 -1 -1 -1000 -1000 -1000 -10 0
1 0 Car -1 -1 -2.1754 876 188 1234 376 1.612 -1.4714 -4.0883 -1.667 -3.4096 5.084 -1.5847 8.4791
1 1 Car -1 -1 1.9245 288 175 329 196 1.5682 -1.5049 -3.7165 -1.6201 21.2842 50.8183 1.5279 4.1299
1 2 Car -1 -1 -10 309 172 348 194 -1 -1 -1 -1000 -1000 -1000 -10 0
2 0 Car -1 -1 -2.1592 869 188 1232 375 1.6207 -1.4628 -4.1437 -1.6779 -3.3898 5.2795 -1.5884 9.5879
2 1 Car -1 -1 1.9601 282 176 324 197 1.5463 -1.5403 -3.6585 -1.651 21.1905 49.7592 1.5575 5.8519
2 2 Car -1 -1 -10 305 175 343 195 -1 -1 -1 -1000 -1000 -1000 -10 0
3 0 Car -1 -1 -2.146 856 191 1238 376 1.6008 -1.4683 -4.0856 -1.6807 -3.3513 5.5279 -1.601 10.2836
3 1 Car -1 -1 1.9148 274 177 317 200 1.6903 -1.5352 -4.013 -1.7422 21.213 48.5907 1.5031 4.6521
3 2 Car -1 -1 1.9633 297 175 339 198 1.5615 -1.4858 -3.7962 -1.79 21.3299 52.7583 1.5791 5.4782
4 0 Car -1 -1 -2.1147 854 192 1235 376 1.6339 -1.4596 -4.1566 -1.6669 -3.3768 5.825 -1.5893 11.9388
4 1 Car -1 -1 1.9838 265 177 310 201 1.5692 -1.4853 -3.6836 -1.7822 21.1372 47.3078 1.5636 5.5101
4 2 Car -1 -1 -10 292 176 334 199 1.5615 -1.4858 -3.7962 -1.79 21.3299 52.7583 -10 0
5 0 Car -1 -1 -2.0968 845 194 1237 376 1.6108 -1.4553 -4.021 -1.7003 -3.3245 6.0744 -1.596 11.8672
5 1 Car -1 -1 1.9747 256 177 304 202 1.6061 -1.5065 -3.8601 -1.7334 21.0227 46.2218 1.5479 6.0146
5 2 Car -1 -1 -10 286 176 328 199 1.5615 -1.4858 -3.7962 -1.79 21.3299 52.7583 -10 0
6 0 Car -1 -1 -2.069 830 193 1236 376 1.6141 -1.4775 -4.1097 -1.6814 -3.302 6.3534 -1.5897 11.733
6 1 Car -1 -1 1.9933 248 178 296 203 1.5419 -1.4742 -3.5599 -1.792 20.9574 44.8021 1.5558 7.1977
6 2 Car -1 -1 -10 278 177 321 200 1.5615 -1.4858 -3.7962 -1.79 21.3299 52.7583 -10 0
7 0 Car -1 -1 -2.0538 824 193 1234 376 1.6333 -1.446 -4.1516 -1.6579 -3.3 6.7723 -1.6004 12.0395
7 1 Car -1 -1 1.9906 238 180 288 205 1.5207 -1.4583 -3.5586 -1.8433 20.9697 43.6932 1.5431 8.0445
7 2 Car -1 -1 1.9991 271 179 316 202 1.5835 -1.4471 -3.6442 -1.8943 21.1268 47.846 1.5832 4.5848
8 1 Car -1 -1 2.0068 228 180 279 206 1.5888 -1.5102 -3.8006 -1.8639 21.0056 42.5714 1.5484 7.8304
8 0 Car -1 -1 -2.041 820 193 1207 376 1.6352 -1.4671 -3.97 -1.6881 -3.2802 6.8586 -1.5949 13.3268
8 2 Car -1 -1 1.9899 264 179 311 202 1.5544 -1.4961 -3.6595 -1.88 21.0291 46.8805 1.5683 7.2498
9 1 Car -1 -1 2.0368 218 178 272 206 1.5314 -1.4345 -3.6085 -1.7317 20.9321 41.3601 1.5683 8.7049
9 0 Car -1 -1 -2.0165 804 192 1170 375 1.623 -1.385 -4.0895 -1.636 -3.2545 7.2954 -1.5969 12.9938
10 0 Car -1 -1 -1.9985 795 191 1130 374 1.6443 -1.4739 -4.2305 -1.6772 -3.222 7.5989 -1.5975 12.305
10 1 Car -1 -1 1.9859 205 175 271 204 1.6456 -1.5787 -4.0158 -1.6609 21.0411 40.4143 1.5059 6.5843
10 2 Car -1 -1 -10 235 173 292 200 1.5544 -1.4961 -3.6595 -1.88 21.0291 46.8805 -10 0
11 2 Car -1 -1 2.0434 233 175 284 202 1.5622 -1.5593 -3.6886 -1.6854 20.9721 43.26 1.592 6.4579
11 0 Car -1 -1 -1.9896 786 190 1102 369 1.6346 -1.3973 -4.3174 -1.6687 -3.1841 7.9758 -1.6098 12.8822
11 1 Car -1 -1 2.0011 195 176 253 203 1.5923 -1.4901 -3.7082 -1.6203 20.8608 38.9118 1.509 5.5947
12 1 Car -1 -1 2.0393 190 177 243 206 1.5855 -1.4965 -3.7191 -1.7395 20.8224 37.9133 1.5371 4.7046
12 2 Car -1 -1 2.0473 226 176 279 203 1.5619 -1.4425 -3.7245 -1.648 20.8922 42.1346 1.5869 7.9252
12 0 Car -1 -1 -1.9821 777 190 1083 362 1.6297 -1.438 -4.1127 -1.6196 -3.1889 8.2162 -1.6119 13.2907
13 0 Car -1 -1 -1.9527 770 188 1059 350 1.6211 -1.4429 -4.049 -1.6929 -3.2057 8.5471 -1.5939 12.2981
13 1 Car -1 -1 2.044 172 179 237 209 1.5461 -1.448 -3.679 -1.6562 20.5871 36.7317 1.5332 8.6357
13 2 Car -1 -1 2.0676 218 178 273 205 1.6046 -1.4609 -3.8605 -1.7393 20.7117 41.0906 1.6007 7.4021
14 0 Car -1 -1 -1.9423 770 189 1039 342 1.6513 -1.4723 -4.2078 -1.6652 -3.2411 8.8713 -1.592 12.0371
14 1 Car -1 -1 2.0788 161 182 229 212 1.5713 -1.4424 -3.827 -1.793 20.4979 35.6468 1.5569 7.8678
14 2 Car -1 -1 2.0593 204 179 267 208 1.5568 -1.5295 -3.3756 -1.8013 20.5693 39.947 1.5838 5.902
15 0 Car -1 -1 -1.9273 764 190 1018 336 1.6587 -1.5275 -4.1175 -1.6883 -3.2417 9.2863 -1.5914 11.8061
15 1 Car -1 -1 2.0745 148 183 220 216 1.5358 -1.4359 -3.6192 -1.8593 20.3747 34.5366 1.5415 9.7489
15 2 Car -1 -1 2.0817 199 181 260 211 1.5551 -1.4489 -3.6535 -1.9072 20.4344 38.7543 1.5965 7.8984
16 0 Car -1 -1 -1.9076 759 190 1003 329 1.6327 -1.4641 -4.0632 -1.6582 -3.2373 9.4721 -1.5783 13.5541
16 1 Car -1 -1 2.1166 132 184 209 218 1.5502 -1.4531 -3.4819 -1.9508 20.266 33.348 1.5705 9.8741
16 2 Car -1 -1 2.0797 188 182 252 212 1.5233 -1.4575 -3.4571 -1.9189 20.3486 37.5407 1.583 7.9269
17 0 Car -1 -1 -1.9098 754 188 985 320 1.6188 -1.4912 -3.9826 -1.6632 -3.2112 9.8218 -1.5938 11.8873
17 2 Car -1 -1 2.0869 175 181 243 211 1.5142 -1.475 -3.3954 -1.8892 20.261 36.5202 1.5803 7.3252
17 1 Car -1 -1 2.1154 115 183 199 218 1.5898 -1.4773 -3.7503 -1.9264 20.2497 32.1824 1.5538 9.5439
18 0 Car -1 -1 -1.8991 751 184 971 316 1.6523 -1.4896 -4.1716 -1.6771 -3.2301 10.2045 -1.5926 13.2224
18 2 Car -1 -1 2.1031 163 181 232 212 1.569 -1.4217 -3.576 -1.8985 20.2362 35.3124 1.5827 6.8927
18 1 Car -1 -1 2.1285 97 184 184 219 1.5551 -1.4814 -3.7566 -1.8904 20.1855 31.0583 1.5522 9.1692
19 0 Car -1 -1 -1.8993 748 185 957 311 1.6304 -1.4768 -4.0638 -1.6699 -3.204 10.4965 -1.6031 13.8788
19 2 Car -1 -1 2.1275 149 181 221 214 1.5191 -1.4145 -3.5684 -1.8679 20.1643 34.1902 1.5946 8.7639
19 1 Car -1 -1 2.1579 78 184 169 222 1.5302 -1.3996 -3.5052 -1.8226 20.0796 29.9105 1.5667 9.1845
20 0 Car -1 -1 -1.8922 742 185 945 305 1.6501 -1.4442 -4.253 -1.6513 -3.2408 10.8843 -1.6028 12.1751
20 2 Car -1 -1 2.1423 136 182 211 216 1.56 -1.477 -3.6511 -1.8758 20.1203 33.0972 1.5961 8.2236
20 1 Car -1 -1 2.1595 56 185 154 224 1.5468 -1.4908 -3.5688 -1.888 20.0827 28.7942 1.5505 10.8565
21 0 Car -1 -1 -1.8753 737 185 933 301 1.6646 -1.4632 -4.1602 -1.6128 -3.2282 11.2413 -1.5956 12.3734
21 2 Car -1 -1 2.168 121 183 197 218 1.5485 -1.5057 -3.5417 -1.9392 20.0586 31.8761 1.6064 9.0878
21 1 Car -1 -1 2.1798 32 185 138 227 1.5601 -1.535 -3.6854 -1.9206 20.0395 27.7855 1.5549 9.0105
22 0 Car -1 -1 -1.8822 735 187 916 297 1.6034 -1.4453 -3.9483 -1.6631 -3.2069 11.5137 -1.6106 13.5055
22 1 Car -1 -1 2.1885 9 187 121 231 1.5496 -1.4245 -3.6362 -1.9484 19.9993 26.5718 1.5433 10.1088
22 2 Car -1 -1 2.1589 102 185 184 221 1.5396 -1.5167 -3.2904 -2.0128 20.0244 30.7987 1.5824 8.8276
23 0 Car -1 -1 -1.8693 732 187 906 293 1.6321 -1.4668 -4.1063 -1.6792 -3.1973 11.9092 -1.607 13.093
23 1 Car -1 -1 2.2134 3 187 104 234 1.5587 -1.4789 -3.5082 -2.0291 19.9312 25.3896 1.5479 8.7544
23 2 Car -1 -1 2.197 84 186 173 224 1.5423 -1.4405 -3.6003 -1.9836 19.9754 29.6243 1.6037 7.773
23 3 Car -1 -1 -10 1161 223 1242 370 -1 -1 -1 -1000 -1000 -1000 -10 0
24 0 Car -1 -1 -1.8558 727 186 896 288 1.6504 -1.5088 -4.1314 -1.6917 -3.237 12.339 -1.5992 12.0552
24 2 Car -1 -1 2.1717 62 184 150 222 1.5558 -1.5219 -3.7267 -1.9326 19.9131 28.5907 1.5633 7.7701
24 1 Car -1 -1 2.2346 1 186 80 232 1.5788 -1.4575 -3.5049 -1.9567 19.925 24.2754 1.5473 7.4851
24 3 Car -1 -1 -10 1124 212 1241 373 -1 -1 -1 -1000 -1000 -1000 -10 0
25 0 Car -1 -1 -1.8574 721 184 885 284 1.6348 -1.4954 -4.0972 -1.7151 -3.1634 12.6031 -1.6115 13.7519
25 2 Car -1 -1 2.2113 27 182 134 223 1.5345 -1.4532 -3.3627 -1.8218 19.9273 27.6864 1.5875 5.5308
25 3 Car -1 -1 -10 1088 210 1239 374 -1 -1 -1 -1000 -1000 -1000 -10 0
25 1 Car -1 -1 2.2696 0 182 57 235 1.6017 -1.5132 -3.713 -1.8588 19.9813 23.1321 1.5572 7.3098
26 0 Car -1 -1 -1.8436 718 185 872 279 1.6476 -1.4575 -4.0585 -1.6753 -3.1609 12.9511 -1.6042 13.49
26 2 Car -1 -1 2.2674 6 181 116 227 1.5315 -1.4536 -3.589 -1.7749 19.957 26.2318 1.617 11.4483
26 3 Car -1 -1 -2.109 1060 178 1242 374 1.5848 -1.4838 -3.7435 -1.6518 -2.2827 3.2394 -1.4952 5.0366
27 0 Car -1 -1 -1.823 715 185 861 276 1.6485 -1.4738 -4.1355 -1.6973 -3.1024 13.4205 -1.5958 12.9677
27 2 Car -1 -1 2.2749 1 183 96 230 1.5106 -1.4022 -3.5174 -1.7929 19.9249 25.0848 1.6037 10.6667
27 3 Car -1 -1 -2.3031 1031 180 1240 374 1.6153 -1.6585 -3.9306 -1.6869 -3.6269 3.5519 -1.5073 5.5075
28 0 Car -1 -1 -1.8195 711 186 852 275 1.6332 -1.4722 -4.0031 -1.7332 -3.0546 13.7235 -1.6005 13.6945
28 3 Car -1 -1 -2.3339 1012 172 1241 373 1.6505 -1.6731 -4.007 -1.69 -3.7124 3.6075 -1.5341 6.3146
28 2 Car -1 -1 2.2767 1 184 73 231 1.537 -1.4648 -3.5278 -1.8818 19.9324 23.8922 1.5814 8.2412
29 0 Car -1 -1 -1.8065 703 185 842 272 1.6433 -1.4506 -4.1007 -1.7151 -3.0108 14.1219 -1.5965 13.4521
29 3 Car -1 -1 -2.3007 988 168 1242 375 1.6293 -1.5908 -3.7427 -1.6755 -3.713 4.0491 -1.5586 5.2709
29 2 Car -1 -1 2.3211 0 185 48 240 1.6006 -1.5452 -3.7132 -1.9632 20.0161 22.7512 1.5996 6.9308
30 0 Car -1 -1 -1.8178 698 184 832 269 1.6401 -1.5129 -3.8632 -1.7428 -2.936 14.5158 -1.6182 12.7485
30 3 Car -1 -1 -2.2623 962 166 1243 375 1.6197 -1.5346 -3.9651 -1.7017 -3.6382 4.1217 -1.5391 6.8591
30 2 Car -1 -1 2.3211 0 186 23 245 1.6207 -1.5255 -3.8751 -1.9745 20.0163 21.6264 1.5743 4.1783
31 0 Car -1 -1 -1.8091 695 183 821 266 1.6065 -1.4541 -3.9444 -1.6662 -2.8759 14.9465 -1.619 13.4299
31 3 Car -1 -1 -2.2705 933 162 1238 375 1.636 -1.5455 -3.8715 -1.7224 -3.6495 4.3125 -1.5682 8.3021
32 0 Car -1 -1 -1.8022 687 182 809 262 1.6452 -1.46 -4.0721 -1.6943 -2.7545 15.3569 -1.6247 13.6287
32 3 Car -1 -1 -2.2024 920 163 1239 375 1.5749 -1.5186 -3.6655 -1.7024 -3.5912 4.9277 -1.5726 7.0238
33 0 Car -1 -1 -1.7812 681 182 799 260 1.6154 -1.4663 -4.0171 -1.7041 -2.6519 15.773 -1.6146 13.247
33 3 Car -1 -1 -2.205 899 162 1235 374 1.5969 -1.5591 -3.7733 -1.7025 -3.5521 5.0172 -1.589 7.2224
34 3 Car -1 -1 -2.1856 884 161 1228 375 1.6463 -1.5969 -3.874 -1.6937 -3.4891 5.3382 -1.6067 8.0224
34 0 Car -1 -1 -1.7778 673 183 787 256 1.603 -1.4547 -3.9331 -1.6851 -2.536 16.146 -1.622 14.1787
35 3 Car -1 -1 -2.1673 863 160 1228 375 1.6072 -1.6186 -3.7288 -1.6184 -3.4351 5.7646 -1.6299 8.7302
35 0 Car -1 -1 -1.7958 670 182 776 254 1.6258 -1.4685 -3.907 -1.6773 -2.417 16.582 -1.6511 12.0997
36 0 Car -1 -1 -1.7767 663 182 766 250 1.6233 -1.4534 -4.0722 -1.6468 -2.2964 16.9755 -1.6423 13.4388
36 3 Car -1 -1 -2.1458 838 156 1233 374 1.608 -1.6406 -3.6705 -1.6097 -3.3529 5.9183 -1.6304 8.6354
37 0 Car -1 -1 -1.7678 655 181 755 248 1.6399 -1.4458 -3.9954 -1.6563 -2.1464 17.4309 -1.6453 13.0793
37 3 Car -1 -1 -2.1122 835 159 1239 375 1.5749 -1.5697 -3.7549 -1.568 -3.2504 6.2434 -1.6322 9.785
38 0 Car -1 -1 -1.7572 649 181 744 247 1.6435 -1.4393 -4.1037 -1.6249 -2.0036 17.8037 -1.6451 14.1828
38 3 Car -1 -1 -2.0856 805 159 1226 372 1.6109 -1.5772 -3.8082 -1.5758 -3.1282 6.547 -1.6399 11.0684
39 0 Car -1 -1 -1.7418 641 181 733 245 1.6458 -1.522 -4.0319 -1.6852 -1.8294 18.231 -1.6418 12.1799
39 3 Car -1 -1 -2.0557 785 160 1170 374 1.6187 -1.631 -3.5573 -1.5833 -3.021 6.8849 -1.6422 11.4988
40 0 Car -1 -1 -1.7313 634 181 723 243 1.6485 -1.4846 -4.1684 -1.7221 -1.6308 18.6414 -1.644 12.2005
40 3 Car -1 -1 -2.0287 774 165 1122 374 1.6419 -1.6925 -3.6948 -1.644 -2.8931 7.2788 -1.6504 10.6363
41 3 Car -1 -1 -2.0008 751 166 1071 373 1.6225 -1.6082 -3.7248 -1.6374 -2.7665 7.5081 -1.6478 10.9159
41 0 Car -1 -1 -1.7265 627 182 713 243 1.6423 -1.4708 -4.1273 -1.7382 -1.4465 19.0324 -1.6506 12.7006
41 4 Car -1 -1 2.1549 0 186 83 217 1.6515 -1.4632 -4.1292 -2.2124 30.0674 38.114 1.4869 4.1026
42 3 Car -1 -1 -1.9756 737 168 1038 367 1.646 -1.6208 -3.8106 -1.6572 -2.6387 7.831 -1.6506 12.5458
42 0 Car -1 -1 -1.736 620 182 705 241 1.639 -1.4998 -3.9993 -1.7825 -1.2807 19.4181 -1.6702 12.8509
43 3 Car -1 -1 -1.9509 723 169 997 357 1.656 -1.6755 -3.7885 -1.6802 -2.5137 8.2011 -1.6535 11.0919
43 0 Car -1 -1 -1.7261 612 183 695 240 1.6417 -1.5073 -4.108 -1.7374 -1.1089 19.9068 -1.6705 11.4212
44 3 Car -1 -1 -1.9368 704 170 964 356 1.6454 -1.668 -3.9044 -1.6577 -2.3629 8.6263 -1.6695 11.5
44 0 Car -1 -1 -1.7178 605 183 687 239 1.6426 -1.4492 -4.0869 -1.721 -0.8994 20.208 -1.6733 11.7821
44 5 Car -1 -1 2.2455 656 177 736 209 1.6533 -1.4645 -4.1928 -1.7121 -4.278 35.438 2.3657 4.4616
45 3 Car -1 -1 -1.91 696 174 933 346 1.633 -1.6487 -3.5952 -1.6397 -2.21 8.8421 -1.6651 11.1166
45 0 Car -1 -1 -1.7206 599 182 678 237 1.6327 -1.474 -4.017 -1.7256 -0.711 20.5955 -1.6861 12.8662
46 3 Car -1 -1 -1.8779 683 170 912 330 1.6477 -1.623 -3.7754 -1.6593 -2.0629 9.2975 -1.6596 11.8967
46 0 Car -1 -1 -1.7237 594 184 671 237 1.615 -1.4655 -3.9516 -1.7069 -0.5496 20.9528 -1.6974 11.6338
47 3 Car -1 -1 -1.8756 672 174 882 329 1.6181 -1.6293 -3.7348 -1.6879 -1.9367 9.5243 -1.675 10.1563
47 0 Car -1 -1 -1.7113 589 185 664 237 1.627 -1.4588 -3.8783 -1.7717 -0.3824 21.3523 -1.6934 10.9768
48 3 Car -1 -1 -1.8425 658 175 858 324 1.6204 -1.5977 -3.6457 -1.7066 -1.7885 9.9386 -1.6645 12.9859
48 0 Car -1 -1 -1.7088 584 186 656 237 1.6129 -1.4115 -3.9744 -1.7638 -0.2064 21.7277 -1.6993 11.1172
49 3 Car -1 -1 -1.8279 649 172 836 315 1.6108 -1.6396 -3.613 -1.7217 -1.6348 10.2736 -1.6701 11.1052
49 0 Car -1 -1 -1.7015 580 184 651 234 1.6384 -1.4449 -3.9312 -1.748 -0.0526 22.1162 -1.6991 11.9179
50 3 Car -1 -1 -1.816 641 172 819 309 1.6068 -1.6246 -3.595 -1.6614 -1.5456 10.6178 -1.6715 12.8651
50 0 Car -1 -1 -1.6858 575 181 645 231 1.6625 -1.4809 -4.1532 -1.6984 0.067 22.6163 -1.6887 10.2111
51 3 Car -1 -1 -1.806 633 168 799 301 1.5984 -1.5833 -3.5973 -1.6193 -1.3828 10.907 -1.6799 11.4248
51 0 Car -1 -1 -1.6992 571 180 640 227 1.6385 -1.4636 -4.0738 -1.6233 0.2599 22.945 -1.7105 11.275
52 3 Car -1 -1 -1.7946 627 169 784 295 1.6108 -1.6295 -3.5524 -1.6106 -1.2842 11.3011 -1.6814 11.9433
52 0 Car -1 -1 -1.6833 569 179 636 226 1.6176 -1.4385 -3.8598 -1.6334 0.3812 23.1878 -1.6997 12.4554
53 3 Car -1 -1 -1.759 620 169 768 290 1.6126 -1.6275 -3.6493 -1.5925 -1.1742 11.6876 -1.6589 12.6242
53 0 Car -1 -1 -1.6718 566 179 629 225 1.6451 -1.4613 -3.992 -1.6424 0.5061 23.6633 -1.6931 11.7866
53 6 Car -1 -1 -10 260 178 297 196 -1 -1 -1 -1000 -1000 -1000 -10 0
54 3 Car -1 -1 -1.7574 613 170 756 287 1.604 -1.6147 -3.4468 -1.6087 -1.0276 11.9199 -1.6714 11.8464
54 0 Car -1 -1 -1.663 562 180 623 225 1.6668 -1.4886 -4.1323 -1.6935 0.6773 24.0914 -1.6911 11.0811
54 6 Car -1 -1 -10 253 180 292 199 -1 -1 -1 -1000 -1000 -1000 -10 0
55 3 Car -1 -1 -1.7564 604 171 745 286 1.6058 -1.6107 -3.6782 -1.6685 -0.9008 12.3844 -1.6838 11.4804
55 0 Car -1 -1 -1.6586 559 181 619 227 1.611 -1.4638 -3.8133 -1.7345 0.815 24.3819 -1.692 8.7751
55 6 Car -1 -1 -10 247 181 287 201 -1 -1 -1 -1000 -1000 -1000 -10 0
56 3 Car -1 -1 -1.7391 601 173 732 283 1.6328 -1.5956 -3.8409 -1.6763 -0.8192 12.7579 -1.675 10.9373
56 0 Car -1 -1 -1.6541 556 182 615 227 1.6103 -1.487 -3.7159 -1.7607 0.9463 24.6838 -1.6925 8.1984
56 6 Car -1 -1 -10 240 181 282 201 -1 -1 -1 -1000 -1000 -1000 -10 0
57 3 Car -1 -1 -1.7231 596 172 721 280 1.5947 -1.6701 -3.4455 -1.7042 -0.6914 13.1283 -1.6705 11.2548
57 0 Car -1 -1 -1.6775 554 182 610 227 1.6413 -1.5345 -3.8542 -1.7875 1.0504 25.1494 -1.7192 9.1873
57 6 Car -1 -1 -10 235 182 277 203 -1 -1 -1 -1000 -1000 -1000 -10 0
57 7 Car -1 -1 -10 180 183 233 208 -1 -1 -1 -1000 -1000 -1000 -10 0
58 0 Car -1 -1 -1.6395 554 183 606 226 1.5595 -1.4766 -3.5088 -1.7938 1.1765 25.2027 -1.6861 6.9024
58 3 Car -1 -1 -1.7081 592 172 711 274 1.6473 -1.649 -3.7381 -1.6818 -0.6338 13.6105 -1.6616 11.7259
58 6 Car -1 -1 -10 230 181 274 202 -1 -1 -1 -1000 -1000 -1000 -10 0
58 7 Car -1 -1 -10 174 183 226 206 -1 -1 -1 -1000 -1000 -1000 -10 0
59 3 Car -1 -1 -1.7086 589 172 704 271 1.6284 -1.6566 -3.6368 -1.6896 -0.5367 13.8722 -1.67 13.1469
59 0 Car -1 -1 -1.6477 553 182 604 224 1.6151 -1.4561 -3.846 -1.7624 1.2927 25.879 -1.6976 8.9227
59 6 Car -1 -1 -10 225 181 270 203 -1 -1 -1 -1000 -1000 -1000 -10 0
59 7 Car -1 -1 -10 163 183 222 207 -1 -1 -1 -1000 -1000 -1000 -10 0
60 3 Car -1 -1 -1.6955 585 173 697 269 1.6259 -1.5804 -3.5862 -1.6972 -0.4685 14.254 -1.6626 10.7533
60 0 Car -1 -1 -1.6197 553 182 602 224 1.5884 -1.4463 -3.729 -1.8159 1.3274 26.2253 -1.6703 4.2871
60 6 Car -1 -1 -10 220 181 268 203 -1 -1 -1 -1000 -1000 -1000 -10 0
60 7 Car -1 -1 2.0653 158 183 217 209 1.5401 -1.4553 -3.6805 -2.1231 25.3783 43.4798 1.537 4.8284
61 3 Car -1 -1 -1.681 581 174 690 267 1.6336 -1.576 -3.7295 -1.6884 -0.411 14.704 -1.653 11.8008
61 0 Car -1 -1 -1.6151 553 183 601 223 1.6187 -1.4916 -3.749 -1.8376 1.2843 26.5276 -1.6634 4.9036
61 6 Car -1 -1 -10 215 181 264 203 -1 -1 -1 -1000 -1000 -1000 -10 0
61 7 Car -1 -1 2.034 146 182 209 210 1.5854 -1.4687 -3.7968 -2.0962 25.2388 42.3924 1.497 5.2367
62 3 Car -1 -1 -1.6888 580 174 684 265 1.629 -1.5856 -3.6234 -1.6967 -0.2666 15.0409 -1.671 11.0338
62 0 Car -1 -1 -1.5833 552 182 602 224 1.5502 -1.4251 -3.3899 -1.8319 1.3555 25.604 -1.6362 4.6158
62 6 Car -1 -1 -10 209 179 260 202 -1 -1 -1 -1000 -1000 -1000 -10 0
62 7 Car -1 -1 -10 133 180 202 209 1.5854 -1.4687 -3.7968 -2.0962 25.2388 42.3924 -10 0
63 3 Car -1 -1 -1.7009 576 173 676 263 1.5948 -1.6207 -3.5193 -1.678 -0.1728 15.26 -1.6896 11.9486
63 0 Car -1 -1 -1.6112 549 182 597 223 1.6079 -1.4858 -3.7669 -1.7915 1.4283 27.1212 -1.6638 4.1914
63 7 Car -1 -1 2.1067 123 180 192 210 1.5034 -1.4595 -3.5496 -2.0266 24.9683 40.0774 1.5496 4.2861
63 6 Car -1 -1 -10 201 179 254 203 -1 -1 -1 -1000 -1000 -1000 -10 0
64 3 Car -1 -1 -1.688 572 173 670 261 1.6479 -1.6177 -3.7836 -1.7095 -0.0762 15.7322 -1.6831 10.4379
64 6 Car -1 -1 1.9414 192 179 247 203 1.6478 -1.5546 -3.9925 -1.9106 25.8793 48.0011 1.447 6.6618
64 7 Car -1 -1 2.0448 110 179 181 211 1.611 -1.442 -3.7603 -1.9614 25.0216 39.1398 1.476 7.3489
64 0 Car -1 -1 -1.5938 547 181 598 223 1.5921 -1.4808 -3.7905 -1.7557 1.5206 27.6226 -1.6488 4.7391
64 8 Car -1 -1 -10 359 169 386 191 -1 -1 -1 -1000 -1000 -1000 -10 0
65 3 Car -1 -1 -1.6767 570 174 664 261 1.6422 -1.6356 -3.8236 -1.7098 0.0423 16.1151 -1.6793 9.6574
65 6 Car -1 -1 1.9854 183 182 239 206 1.6132 -1.4622 -4.0429 -2.0464 25.8376 46.8378 1.4813 6.0551
65 0 Car -1 -1 -10 546 183 594 223 1.5921 -1.4808 -3.7905 -1.7557 1.5206 27.6226 -10 0
65 7 Car -1 -1 2.1203 97 182 172 214 1.5665 -1.4509 -3.6836 -2.0368 24.9243 38.0447 1.5404 5.9865
66 3 Car -1 -1 -1.6803 565 178 657 262 1.5988 -1.5892 -3.5295 -1.7787 0.0928 16.325 -1.686 10.5214
66 6 Car -1 -1 1.9884 174 186 232 211 1.6808 -1.5272 -4.3827 -2.2324 25.7579 45.9078 1.477 8.9075
66 7 Car -1 -1 2.1158 84 186 160 219 1.6233 -1.4532 -3.7419 -2.1896 24.8662 36.8057 1.5217 6.3825
66 0 Car -1 -1 -1.535 546 187 595 227 1.6029 -1.4493 -3.9297 -1.9849 1.6204 28.3132 -1.5921 5.9554
67 3 Car -1 -1 -1.6105 563 179 651 261 1.6511 -1.6658 -3.5904 -1.893 0.1177 16.6638 -1.6176 10.8958
67 6 Car -1 -1 2.0222 163 188 226 214 1.5874 -1.5027 -3.9011 -2.5115 25.5035 44.4764 1.5016 7.1246
67 7 Car -1 -1 2.1026 66 188 149 223 1.563 -1.4405 -3.7775 -2.3072 24.8574 35.9057 1.497 6.5845
67 0 Car -1 -1 -1.6113 543 190 590 228 1.61 -1.4987 -3.8448 -2.0889 1.8682 28.5787 -1.6766 4.5221
68 3 Car -1 -1 -1.6612 562 177 645 257 1.6161 -1.5952 -3.6893 -1.7719 0.3343 17.1001 -1.6808 9.8081
68 6 Car -1 -1 1.9845 154 185 217 212 1.6265 -1.4963 -4.0772 -2.3199 25.4929 43.4414 1.4539 5.5704
68 0 Car -1 -1 -10 543 187 590 225 1.61 -1.4987 -3.8448 -2.0889 1.8682 28.5787 -10 0
68 7 Car -1 -1 2.1061 53 188 140 221 1.5448 -1.4551 -3.714 -2.2251 24.7126 34.8346 1.4891 7.1665
69 3 Car -1 -1 -1.6431 561 174 641 250 1.644 -1.6258 -3.7975 -1.6779 0.3037 17.488 -1.6605 10.5122
69 6 Car -1 -1 2.0341 144 180 209 209 1.6119 -1.4655 -3.9377 -2.0191 25.3809 42.37 1.4944 4.1232
69 0 Car -1 -1 -10 542 182 588 219 1.61 -1.4987 -3.8448 -2.0889 1.8682 28.5787 -10 0
69 7 Car -1 -1 2.1561 34 182 125 218 1.5471 -1.4409 -3.6352 -2.0202 24.5003 33.6543 1.5268 5.7354
70 3 Car -1 -1 -1.6317 557 171 636 247 1.6665 -1.6514 -3.8808 -1.6206 0.4657 17.8358 -1.6578 12.4911
70 6 Car -1 -1 2.0198 132 178 202 206 1.6701 -1.5469 -4.1922 -1.7971 25.4323 41.4709 1.4697 8.5284
70 0 Car -1 -1 -10 540 179 585 217 1.61 -1.4987 -3.8448 -2.0889 1.8682 28.5787 -10 0
70 7 Car -1 -1 2.1699 11 178 108 217 1.5914 -1.4282 -3.8252 -1.8686 24.5685 32.6818 1.5253 7.5671
71 3 Car -1 -1 -1.6477 554 171 631 245 1.6843 -1.5968 -4.2369 -1.5918 0.5515 18.2587 -1.6779 9.3733
71 6 Car -1 -1 2.0588 119 178 187 206 1.6434 -1.5124 -4.0915 -1.7984 25.2894 40.286 1.4983 6.4452
71 7 Car -1 -1 2.1599 2 178 96 218 1.5598 -1.4962 -3.7122 -1.8311 24.4697 31.5347 1.5 7.6933
71 0 Car -1 -1 -10 538 179 585 217 1.61 -1.4987 -3.8448 -2.0889 1.8682 28.5787 -10 0
72 3 Car -1 -1 -1.6136 553 173 628 246 1.7046 -1.6765 -4.0607 -1.7342 0.6065 18.4894 -1.6464 9.5017
72 6 Car -1 -1 2.0656 108 178 181 209 1.6654 -1.543 -4.1469 -1.8568 25.1896 39.3539 1.4962 5.27
72 7 Car -1 -1 2.1889 1 181 81 222 1.5968 -1.4289 -3.7717 -1.8789 24.4143 30.41 1.5124 6.9823
72 0 Car -1 -1 -1.5788 539 181 584 219 1.5949 -1.5345 -3.903 -1.8425 2.0884 30.3612 -1.6475 4.9719
73 3 Car -1 -1 -1.6165 552 175 624 247 1.6954 -1.6858 -4.1107 -1.7316 0.6241 18.806 -1.6497 9.4073
73 6 Car -1 -1 2.136 99 180 175 211 1.6188 -1.4665 -3.9753 -1.9078 25.1358 38.021 1.5518 4.7389
74 6 Car -1 -1 2.1148 79 181 166 213 1.6266 -1.4694 -4.2111 -1.9146 24.9414 37.0825 1.5228 8.6046
74 3 Car -1 -1 -1.5988 550 176 622 246 1.6486 -1.6019 -3.8518 -1.7403 0.6978 18.7547 -1.636 10.2773
75 3 Car -1 -1 -1.5877 551 176 622 244 1.7202 -1.6573 -4.3713 -1.7512 0.7319 19.4232 -1.6253 11.9305
75 6 Car -1 -1 2.1144 66 179 157 213 1.6112 -1.4469 -3.9915 -1.8701 24.6997 35.8767 1.5115 8.0093
76 3 Car -1 -1 -1.5879 549 176 620 244 1.6998 -1.6883 -4.2227 -1.7623 0.7531 19.6478 -1.6262 11.1772
76 6 Car -1 -1 2.1342 53 179 146 213 1.6273 -1.5516 -4.1044 -1.7974 24.6036 34.861 1.5197 9.6308
77 3 Car -1 -1 -1.6103 549 176 619 242 1.7048 -1.6725 -4.4295 -1.7908 0.7978 19.9775 -1.6502 9.9315
77 6 Car -1 -1 2.1374 38 179 134 214 1.6462 -1.4558 -4.1694 -1.7908 24.4741 33.7053 1.5094 9.3865
78 3 Car -1 -1 -1.5892 549 177 619 242 1.6827 -1.6151 -3.979 -1.7535 0.753 19.9901 -1.6268 11.2908
78 6 Car -1 -1 2.1659 21 179 123 216 1.6895 -1.5099 -4.3286 -1.762 24.3753 32.852 1.5275 9.5332
79 3 Car -1 -1 -1.5966 550 176 619 241 1.7173 -1.6356 -4.3737 -1.7618 0.7954 20.4781 -1.6354 11.0547
79 6 Car -1 -1 2.1775 4 177 111 215 1.6991 -1.5506 -4.4882 -1.7132 24.1956 31.6971 1.5256 11.2247
80 3 Car -1 -1 -1.5997 551 174 618 240 1.7094 -1.6404 -4.3881 -1.7663 0.7638 20.7212 -1.6365 10.1832
80 6 Car -1 -1 2.1917 1 177 99 215 1.6959 -1.5524 -4.4886 -1.6789 24.1097 30.6854 1.5258 11.1219
81 3 Car -1 -1 -1.6 552 176 618 236 1.7541 -1.6962 -4.525 -1.7804 0.7517 20.9863 -1.6358 11.5082
81 6 Car -1 -1 2.2097 1 176 87 216 1.6717 -1.5479 -4.1446 -1.6297 23.9092 29.6336 1.5308 9.6079
82 3 Car -1 -1 -1.5732 554 176 619 237 1.7241 -1.6928 -4.4808 -1.77 0.73 21.2154 -1.6076 12.2227
82 6 Car -1 -1 2.2187 1 174 74 214 1.7028 -1.6241 -4.2577 -1.6741 23.7834 28.5105 1.5235 7.0317
83 3 Car -1 -1 -1.5674 555 177 619 238 1.691 -1.6465 -4.0807 -1.7801 0.7109 21.2306 -1.6008 9.682
83 6 Car -1 -1 2.2284 0 174 53 219 1.6854 -1.5768 -4.1453 -1.6605 23.6875 27.6058 1.5192 5.3578
84 3 Car -1 -1 -1.5582 557 176 619 237 1.7085 -1.5664 -4.4485 -1.7458 0.6099 21.6556 -1.5864 10.5449
84 9 Car -1 -1 2.0891 82 145 211 210 2.1077 -2.6206 -6.0344 -1.5329 20.4018 32.1409 1.5235 7.8598
84 6 Car -1 -1 2.2434 0 173 38 220 1.6579 -1.6311 -3.9837 -1.6417 23.5187 26.6743 1.5208 4.3801
85 3 Car -1 -1 -1.5908 558 176 620 235 1.7154 -1.6974 -4.2527 -1.777 0.696 21.9269 -1.6226 10.7047
85 9 Car -1 -1 2.1168 44 147 181 211 2.0154 -2.364 -5.6248 -1.4205 20.228 29.7015 1.5189 5.4272
85 6 Car -1 -1 2.2983 0 170 16 219 1.5928 -1.5912 -4.0837 -1.5115 23.5545 25.5841 1.5542 4.5677
86 3 Car -1 -1 -1.5752 559 175 620 233 1.7005 -1.6802 -4.2119 -1.7064 0.6521 22.1233 -1.6047 10.1902
86 9 Car -1 -1 2.1851 0 145 155 217 2.0658 -2.3989 -6.1905 -1.4815 20.0858 27.2013 1.5491 7.9476
87 3 Car -1 -1 -1.5797 561 173 620 231 1.7463 -1.6538 -4.4097 -1.6969 0.6483 22.5251 -1.6085 11.6206
88 3 Car -1 -1 -1.5798 560 173 620 231 1.7097 -1.6094 -4.3296 -1.645 0.6894 22.6788 -1.6102 11.5689
89 3 Car -1 -1 -1.5786 560 173 619 229 1.7282 -1.7026 -4.4162 -1.6784 0.6633 22.9127 -1.6076 11.0807
90 3 Car -1 -1 -1.5719 561 174 619 229 1.7148 -1.6775 -4.3679 -1.7135 0.6469 23.157 -1.5999 10.8557
91 3 Car -1 -1 -1.5598 562 174 619 228 1.6948 -1.6052 -4.2639 -1.6509 0.5987 23.4005 -1.5854 10.9557
92 3 Car -1 -1 -1.5588 563 175 620 229 1.7275 -1.6297 -4.3267 -1.7164 0.6365 23.7582 -1.5856 10.5363
93 3 Car -1 -1 -1.5857 564 175 620 229 1.6813 -1.6227 -4.2442 -1.7224 0.6733 23.9065 -1.6138 10.8305
94 3 Car -1 -1 -1.5466 565 174 619 227 1.7191 -1.6223 -4.3851 -1.7274 0.6258 24.2676 -1.5724 11.6144
95 3 Car -1 -1 -1.5706 565 175 619 225 1.7411 -1.6455 -4.5497 -1.7131 0.6022 24.5722 -1.5951 10.7634
95 10 Car -1 -1 2.2096 0 166 83 196 1.5829 -1.4494 -3.6969 -1.1216 29.0289 36.8136 1.5419 4.4663
96 3 Car -1 -1 -1.5643 565 173 619 225 1.7215 -1.6429 -4.3687 -1.6651 0.5938 24.9189 -1.5881 10.7233
97 3 Car -1 -1 -1.5696 565 170 619 222 1.7168 -1.644 -4.3152 -1.5329 0.634 25.1671 -1.5948 9.4706
98 3 Car -1 -1 -1.5703 566 171 619 222 1.7106 -1.6178 -4.2993 -1.568 0.617 25.4801 -1.5945 10.2522
99 3 Car -1 -1 -1.5585 566 174 619 225 1.708 -1.633 -4.3018 -1.7291 0.6268 25.7343 -1.5829 9.9608
99 11 Car -1 -1 -10 271 171 316 191 -1 -1 -1 -1000 -1000 -1000 -10 0
100 3 Car -1 -1 -1.5587 568 177 619 226 1.7152 -1.523 -4.4769 -1.7258 0.6646 26.0687 -1.5842 10.6786
100 11 Car -1 -1 -10 264 173 310 194 -1 -1 -1 -1000 -1000 -1000 -10 0
100 12 Car -1 -1 -10 301 172 341 191 -1 -1 -1 -1000 -1000 -1000 -10 0
101 3 Car -1 -1 -1.5636 568 177 619 226 1.7141 -1.5197 -4.5293 -1.7803 0.6122 26.4814 -1.5867 10.6927
101 11 Car -1 -1 -10 257 173 305 195 -1 -1 -1 -1000 -1000 -1000 -10 0
101 12 Car -1 -1 -10 294 173 339 193 -1 -1 -1 -1000 -1000 -1000 -10 0
102 3 Car -1 -1 -1.5504 569 177 619 226 1.7084 -1.5802 -4.4282 -1.8046 0.6389 26.7781 -1.5743 9.717
102 11 Car -1 -1 -10 247 174 299 197 -1 -1 -1 -1000 -1000 -1000 -10 0
102 12 Car -1 -1 -10 318 176 353 194 -1 -1 -1 -1000 -1000 -1000 -10 0
103 3 Car -1 -1 -1.5513 568 179 620 225 1.6904 -1.6243 -4.4589 -1.8568 0.6257 27.1121 -1.5744 9.4782
103 11 Car -1 -1 -10 240 176 295 200 -1 -1 -1 -1000 -1000 -1000 -10 0
103 12 Car -1 -1 -10 314 178 348 195 -1 -1 -1 -1000 -1000 -1000 -10 0
103 13 Car -1 -1 -10 278 175 325 197 -1 -1 -1 -1000 -1000 -1000 -10 0
104 3 Car -1 -1 -1.5725 570 179 619 225 1.702 -1.5654 -4.4188 -1.8441 0.5975 27.3726 -1.5943 9.9157
104 11 Car -1 -1 -10 231 178 290 201 -1 -1 -1 -1000 -1000 -1000 -10 0
104 12 Car -1 -1 -10 310 178 344 196 -1 -1 -1 -1000 -1000 -1000 -10 0
104 13 Car -1 -1 -10 271 176 320 198 -1 -1 -1 -1000 -1000 -1000 -10 0
104 14 Car -1 -1 -1.2782 254 163 284 179 1.5608 -1.4442 -3.4246 -0.6083 31.9353 67.715 -1.7189 4.6166
105 3 Car -1 -1 -1.561 571 178 619 223 1.713 -1.5882 -4.3089 -1.8359 0.5945 27.665 -1.5825 10.7053
105 11 Car -1 -1 -10 223 178 278 201 -1 -1 -1 -1000 -1000 -1000 -10 0
105 13 Car -1 -1 -10 269 177 312 199 -1 -1 -1 -1000 -1000 -1000 -10 0
105 12 Car -1 -1 -10 305 178 339 196 -1 -1 -1 -1000 -1000 -1000 -10 0
106 3 Car -1 -1 -1.566 572 177 619 220 1.7242 -1.6827 -4.2432 -1.7742 0.5858 28.0037 -1.5869 9.621
106 13 Car -1 -1 -10 259 176 307 198 -1 -1 -1 -1000 -1000 -1000 -10 0
106 12 Car -1 -1 -10 297 177 335 196 -1 -1 -1 -1000 -1000 -1000 -10 0
106 11 Car -1 -1 -10 213 176 269 201 -1 -1 -1 -1000 -1000 -1000 -10 0
107 3 Car -1 -1 -1.5582 572 177 618 220 1.75 -1.6712 -4.363 -1.7763 0.5194 28.4098 -1.5765 10.5131
107 13 Car -1 -1 -10 250 176 300 199 -1 -1 -1 -1000 -1000 -1000 -10 0
107 12 Car -1 -1 -10 291 177 329 196 -1 -1 -1 -1000 -1000 -1000 -10 0
107 11 Car -1 -1 -10 202 177 260 201 -1 -1 -1 -1000 -1000 -1000 -10 0
108 3 Car -1 -1 -1.5778 573 177 618 220 1.7108 -1.6048 -4.3366 -1.7988 0.583 28.6703 -1.5982 10.5451
108 11 Car -1 -1 -10 192 176 251 203 -1 -1 -1 -1000 -1000 -1000 -10 0
108 13 Car -1 -1 -10 243 176 293 199 -1 -1 -1 -1000 -1000 -1000 -10 0
108 12 Car -1 -1 -10 283 177 324 196 -1 -1 -1 -1000 -1000 -1000 -10 0
109 13 Car -1 -1 2.0244 233 175 285 200 1.6258 -1.4829 -3.934 -1.7691 23.5039 48.7959 1.5755 4.2215
109 3 Car -1 -1 -1.5335 573 176 619 220 1.6738 -1.5539 -4.051 -1.7478 0.5459 28.9009 -1.5524 9.6763
109 11 Car -1 -1 -10 177 177 243 203 -1 -1 -1 -1000 -1000 -1000 -10 0
109 12 Car -1 -1 -10 276 176 319 197 -1 -1 -1 -1000 -1000 -1000 -10 0
110 13 Car -1 -1 -1.1064 222 176 278 200 1.6251 -1.4656 -4.0853 -1.808 23.4667 47.4905 -1.5654 4.0551
110 3 Car -1 -1 -1.5639 575 177 619 220 1.695 -1.6557 -4.0817 -1.8036 0.5439 29.2677 -1.5825 10.5185
110 11 Car -1 -1 -10 165 176 234 203 -1 -1 -1 -1000 -1000 -1000 -10 0
110 12 Car -1 -1 -10 270 177 313 197 -1 -1 -1 -1000 -1000 -1000 -10 0
111 13 Car -1 -1 2.0154 214 177 270 202 1.5984 -1.466 -4.0841 -1.818 23.5898 46.22 1.5435 4.6998
111 11 Car -1 -1 2.1369 151 178 223 206 1.5879 -1.4398 -3.7683 -1.6774 23.4856 40.1004 1.607 6.5233
111 3 Car -1 -1 -1.5572 576 177 619 219 1.7347 -1.7144 -4.2619 -1.8244 0.5863 29.699 -1.5769 11.1534
111 12 Car -1 -1 -10 260 177 307 198 -1 -1 -1 -1000 -1000 -1000 -10 0
112 13 Car -1 -1 2.0464 204 178 262 204 1.6629 -1.4951 -4.1284 -1.8911 23.5705 45.0099 1.564 7.6036
112 11 Car -1 -1 -10 137 179 211 207 1.5879 -1.4398 -3.7683 -1.6774 23.4856 40.1004 -10 0
112 3 Car -1 -1 -1.5622 577 178 620 220 1.7124 -1.6535 -4.2625 -1.8246 0.4905 30.0034 -1.5785 9.2204
112 12 Car -1 -1 -10 252 179 300 201 -1 -1 -1 -1000 -1000 -1000 -10 0
113 13 Car -1 -1 2.0007 190 180 254 206 1.6024 -1.4576 -4.0935 -1.9271 23.5175 43.8922 1.5088 6.7727
113 11 Car -1 -1 -10 120 180 202 211 1.5879 -1.4398 -3.7683 -1.6774 23.4856 40.1004 -10 0
113 3 Car -1 -1 -1.5606 577 180 619 222 1.6712 -1.4544 -4.2297 -1.9179 0.4603 30.3201 -1.5758 9.2436
113 12 Car -1 -1 -10 243 180 294 202 -1 -1 -1 -1000 -1000 -1000 -10 0
114 3 Car -1 -1 -1.5411 578 181 620 222 1.7601 -1.6653 -4.5283 -1.9571 0.407 30.8 -1.5543 11.7848
114 13 Car -1 -1 2.0507 178 181 245 209 1.5852 -1.4398 -3.778 -2.0523 23.3832 42.509 1.5478 6.0502
114 11 Car -1 -1 2.1402 101 182 188 214 1.624 -1.467 -3.9137 -1.8139 23.3789 36.2013 1.5668 7.4815
114 12 Car -1 -1 1.9814 234 182 286 204 1.6217 -1.4885 -3.9533 -2.0066 23.7689 49.1743 1.5311 4.9444
115 3 Car -1 -1 -1.5285 578 181 620 222 1.7393 -1.6322 -4.6458 -1.9682 0.4266 31.0463 -1.5422 9.9665
115 13 Car -1 -1 2.0574 165 181 236 209 1.6078 -1.5028 -3.8492 -1.9925 23.4039 41.2591 1.5414 7.6214
115 11 Car -1 -1 2.2154 85 181 176 214 1.6615 -1.4741 -3.9661 -1.7797 23.3139 35.0047 1.6278 6.3821
115 12 Car -1 -1 2.0157 222 181 279 204 1.6123 -1.4542 -3.9347 -2.0773 23.6602 48.0515 1.5582 5.5972
116 3 Car -1 -1 -1.564 579 179 620 219 1.701 -1.6175 -4.1539 -1.8497 0.4743 31.2707 -1.5792 10.3643
116 13 Car -1 -1 2.0791 152 179 224 208 1.634 -1.4626 -4.1162 -1.8473 23.2974 39.9933 1.5516 6.4076
116 11 Car -1 -1 2.1659 65 178 158 213 1.5614 -1.4438 -3.7138 -1.7417 23.2567 33.7505 1.5626 6.2259
116 12 Car -1 -1 2.052 213 179 272 203 1.6584 -1.5217 -4.1605 -1.9448 23.6843 46.7159 1.5827 7.0658
117 3 Car -1 -1 -1.5578 580 176 620 217 1.7446 -1.6536 -4.3884 -1.7736 0.4512 31.6369 -1.572 9.784
117 13 Car -1 -1 2.1167 135 177 215 207 1.6668 -1.4919 -4.3267 -1.6515 23.2658 38.7272 1.5757 7.4487
117 11 Car -1 -1 2.1742 42 176 141 211 1.602 -1.4418 -3.7392 -1.6424 23.1982 32.5186 1.5546 6.7034
117 12 Car -1 -1 2.0199 203 177 258 203 1.5922 -1.5173 -3.792 -1.8136 23.5865 44.9921 1.5371 4.6642
118 3 Car -1 -1 -1.5443 581 176 620 217 1.7219 -1.6387 -4.3595 -1.7957 0.448 31.8904 -1.5583 9.3807
118 13 Car -1 -1 2.1311 118 176 202 209 1.6575 -1.5102 -4.2501 -1.6398 23.2462 37.5182 1.5764 8.1862
118 11 Car -1 -1 2.2133 18 177 122 214 1.611 -1.475 -3.9111 -1.6308 23.1582 31.2824 1.5761 7.7548
119 3 Car -1 -1 -1.5614 582 178 620 218 1.7192 -1.6578 -4.2488 -1.8575 0.4315 32.1439 -1.5748 10.3359
119 13 Car -1 -1 2.0908 100 179 189 213 1.5735 -1.4532 -3.9216 -1.8199 23.188 36.0521 1.5192 7.9964
119 11 Car -1 -1 2.2477 1 179 104 218 1.5636 -1.4868 -3.6913 -1.7396 23.1075 29.8642 1.5892 8.0803
119 12 Car -1 -1 2.0599 179 178 244 205 1.6463 -1.5314 -4.0799 -1.8559 23.524 42.7464 1.5568 4.0153
120 3 Car -1 -1 -1.5448 582 179 621 219 1.6806 -1.6281 -4.0173 -1.9129 0.3921 32.2455 -1.5569 8.5386
120 13 Car -1 -1 2.1422 81 181 182 216 1.5526 -1.5707 -3.6608 -1.9393 23.0726 34.6204 1.5544 5.6077
120 12 Car -1 -1 -10 166 181 234 209 1.6463 -1.5314 -4.0799 -1.8559 23.524 42.7464 -10 0
120 11 Car -1 -1 2.2321 1 183 83 221 1.5767 -1.4637 -3.8112 -1.903 23.0675 28.5857 1.5531 5.3671
120 15 Car -1 -1 -1.0359 114 159 171 183 1.5782 -1.5621 -3.597 -0.7067 30.9417 47.8406 -1.61 5.1946
121 3 Car -1 -1 -1.5844 581 180 621 219 1.6683 -1.4603 -4.2951 -1.9885 0.4123 32.5221 -1.5971 8.6858
121 12 Car -1 -1 2.0959 157 184 222 211 1.6072 -1.4536 -4.0877 -2.1074 23.4247 40.0728 1.5669 8.3444
121 13 Car -1 -1 2.155 58 183 160 218 1.6617 -1.4846 -4.2961 -2.0404 23.028 33.3788 1.5511 4.419
121 11 Car -1 -1 2.2949 1 184 57 222 1.5394 -1.4414 -3.5963 -1.9707 23.048 27.273 1.5933 4.5913
121 15 Car -1 -1 -1.1147 97 161 152 184 1.573 -1.4234 -3.4394 -0.7383 31.1091 46.306 -1.7063 4.1239
122 3 Car -1 -1 -1.5743 581 179 620 218 1.7014 -1.6052 -4.3454 -1.9092 0.4514 32.8133 -1.588 8.3146
122 12 Car -1 -1 2.1002 136 183 210 211 1.6363 -1.4377 -4.2008 -2.0062 23.3157 38.7301 1.5583 8.2497
122 13 Car -1 -1 -10 37 182 134 217 1.6617 -1.4846 -4.2961 -2.0404 23.028 33.3788 -10 0
123 3 Car -1 -1 -1.5829 581 178 620 216 1.7274 -1.6685 -4.2737 -1.8712 0.4375 33.0319 -1.5961 9.2812
123 12 Car -1 -1 2.1109 118 182 198 211 1.666 -1.499 -4.374 -1.8963 23.3819 37.5794 1.5543 9.3804
123 13 Car -1 -1 -10 19 180 121 217 1.6617 -1.4846 -4.2961 -2.0404 23.028 33.3788 -10 0
124 3 Car -1 -1 -1.5756 582 177 620 216 1.711 -1.6651 -4.1732 -1.9071 0.473 33.2777 -1.5898 8.6553
124 12 Car -1 -1 2.1358 97 180 185 212 1.6952 -1.565 -4.3437 -1.8734 23.3267 36.065 1.5617 9.0348
124 13 Car -1 -1 2.1908 2 178 102 221 1.6449 -1.4533 -4.1595 -1.8196 23.0358 29.3915 1.526 7.9436
125 3 Car -1 -1 -1.5879 582 179 619 217 1.7201 -1.6745 -4.2997 -1.9552 0.5276 33.4294 -1.6037 8.2085
125 12 Car -1 -1 2.1608 78 181 168 214 1.6261 -1.4596 -4.1278 -1.9132 23.2099 34.589 1.5698 8.0521
125 13 Car -1 -1 2.2013 1 180 79 221 1.6796 -1.6027 -4.0236 -1.9042 23.0368 28.1305 1.5151 7.5991
126 3 Car -1 -1 -1.5579 583 180 619 217 1.7347 -1.6269 -4.3843 -2.0074 0.4006 33.6798 -1.5698 9.4201
126 12 Car -1 -1 2.1697 54 182 152 216 1.6231 -1.4955 -4.1327 -1.9118 23.1913 33.1811 1.5597 10.5532
126 13 Car -1 -1 -10 1 178 56 225 1.6796 -1.6027 -4.0236 -1.9042 23.0368 28.1305 -10 0
127 3 Car -1 -1 -1.558 583 178 620 216 1.697 -1.6592 -4.2696 -1.8672 0.4159 33.8145 -1.5703 9.1435
127 12 Car -1 -1 2.192 29 181 131 217 1.5915 -1.472 -3.9393 -1.8265 23.1214 31.7727 1.5629 10.7018
128 3 Car -1 -1 -1.5617 584 177 621 214 1.7161 -1.5945 -4.3431 -1.8117 0.3853 34.0218 -1.573 9.9175
128 12 Car -1 -1 2.2051 5 179 116 217 1.6399 -1.5075 -4.1919 -1.7798 23.0867 30.4559 1.5565 8.214
129 3 Car -1 -1 -1.5776 584 176 621 213 1.6789 -1.4954 -4.3578 -1.8251 0.4264 34.0234 -1.5902 6.6587
129 12 Car -1 -1 2.2254 1 179 96 220 1.5899 -1.4553 -4.0025 -1.7463 23.048 29.1303 1.556 7.5154
130 3 Car -1 -1 -1.5914 585 176 621 213 1.6616 -1.539 -4.0572 -1.821 0.4923 34.1179 -1.6058 7.8512
130 12 Car -1 -1 2.228 2 179 77 220 1.5718 -1.4536 -3.8661 -1.791 22.9934 27.9669 1.5398 7.756
131 3 Car -1 -1 -1.5908 585 176 621 213 1.6589 -1.4486 -4.1952 -1.8387 0.395 34.307 -1.6023 7.6551
131 12 Car -1 -1 2.2706 0 181 52 225 1.6309 -1.4593 -4.0319 -1.7871 23.0109 26.6621 1.5586 7.0359
132 3 Car -1 -1 -1.5237 586 177 622 213 1.71 -1.6566 -4.2743 -1.8621 0.2543 34.5819 -1.5311 6.3235
132 12 Car -1 -1 2.2475 0 181 23 227 1.5907 -1.4666 -3.8148 -1.7794 22.8539 25.2674 1.5122 4.0916
133 3 Car -1 -1 -1.5883 586 176 623 213 1.6813 -1.6014 -4.2514 -1.8481 0.361 34.681 -1.5987 6.5222
134 3 Car -1 -1 -1.5699 587 175 624 212 1.6712 -1.5487 -4.1792 -1.7318 0.2628 34.8047 -1.5775 7.8277
135 3 Car -1 -1 -1.5357 588 174 625 211 1.6828 -1.5681 -4.3536 -1.6411 0.0865 34.8942 -1.5382 7.1542
136 3 Car -1 -1 -1.5577 589 171 625 208 1.7171 -1.6175 -4.4431 -1.6572 0.1003 35.1066 -1.5606 8.7351
136 16 Car -1 -1 1.933 302 176 339 194 1.6336 -1.4604 -3.9583 -1.6553 23.4432 58.8612 1.554 5.6219
137 3 Car -1 -1 -1.5484 590 169 626 206 1.6896 -1.6158 -4.2226 -1.4558 0.0474 35.159 -1.5498 7.2506
138 3 Car -1 -1 -1.5958 590 169 626 206 1.6711 -1.5816 -4.1693 -1.4369 0.2435 35.2004 -1.6028 7.9377
139 3 Car -1 -1 -1.591 590 174 625 210 1.681 -1.6661 -3.9089 -1.7064 0.1977 35.2323 -1.5966 7.1033
139 16 Car -1 -1 1.9313 279 175 321 196 1.6216 -1.5055 -3.9893 -1.7275 23.3384 54.494 1.5267 5.0643
140 3 Car -1 -1 -1.5585 589 179 625 215 1.675 -1.5924 -4.0848 -1.9063 0.1016 35.4184 -1.5614 7.4759
140 16 Car -1 -1 1.9585 269 180 313 201 1.6166 -1.454 -3.9038 -2.0489 23.3883 53.0598 1.5433 6.2467
141 3 Car -1 -1 -1.6009 589 181 625 216 1.6544 -1.5639 -3.9309 -2.006 0.1066 35.3924 -1.6039 4.6484
141 17 Car -1 -1 -0.7609 688 178 795 220 1.6107 -1.4788 -4.0904 -1.7037 -5.092 27.8325 -0.5799 5.5163
142 3 Car -1 -1 -1.5661 589 179 624 214 1.709 -1.6442 -4.4302 -1.903 0.2586 35.8249 -1.5733 8.5812
142 16 Car -1 -1 -10 251 180 303 203 1.6166 -1.454 -3.9038 -2.0489 23.3883 53.0598 -10 0
142 17 Car -1 -1 -0.813 691 173 799 217 1.5997 -1.5234 -3.9364 -1.5367 -4.9524 26.4277 -0.6277 4.199
143 3 Car -1 -1 -1.5836 588 178 625 213 1.7032 -1.6532 -4.2055 -1.9 0.2405 35.9053 -1.5903 8.4781
143 17 Car -1 -1 -0.7353 697 173 819 221 1.6385 -1.5517 -4.1103 -1.5828 -5.1457 25.0479 -0.5327 4.7158
143 16 Car -1 -1 1.9231 240 180 285 203 1.58 -1.4659 -3.8027 -2.0013 23.5343 48.9945 1.4753 4.2823
