0 0 Car -1 -1 -1.1639 804 161 955 251 1.6189 -1.6258 -3.701 -1.4172 -5.8089 15.2838 -0.8007 10.8457
0 1 Car -1 -1 2.9012 70 182 271 248 1.5788 -1.4295 -3.908 -1.658 11.0139 18.4109 2.3621 12.4745
0 2 Car -1 -1 2.896 430 170 577 220 1.6758 -1.5227 -4.3996 -1.4825 3.5157 23.7775 2.7492 12.7233
0 3 Car -1 -1 -0.8526 1130 161 1242 225 1.6261 -1.5085 -3.8328 -1.205 -15.9423 19.0801 -0.1565 7.0758
0 4 Car -1 -1 2.5508 924 151 1060 200 1.6842 -1.7286 -4.2489 -0.9848 -14.0447 26.6742 3.0355 8.9287
1 0 Car -1 -1 -1.1446 825 161 989 252 1.6494 -1.6108 -3.8605 -1.4198 -6.1231 14.8446 -0.7533 10.4587
1 1 Car -1 -1 2.9113 1 183 221 255 1.6091 -1.4539 -4.1501 -1.7381 11.5705 17.0211 2.3142 13.5882
1 2 Car -1 -1 2.8832 399 170 553 222 1.6635 -1.4928 -4.4307 -1.443 4.1359 22.6735 2.7027 12.0092
1 3 Car -1 -1 -0.8262 1173 159 1242 223 1.6038 -1.494 -3.6351 -1.2262 -16.7552 18.3902 -0.0873 4.9955
1 4 Car -1 -1 2.5523 925 146 1054 199 1.6877 -1.8203 -3.8302 -0.9203 -13.5807 25.9973 3.0337 5.5583
2 0 Car -1 -1 -1.114 854 160 1023 251 1.6058 -1.5926 -3.5886 -1.3517 -6.5801 14.4399 -0.6865 10.7864
2 1 Car -1 -1 2.9128 1 182 163 260 1.553 -1.4569 -3.7516 -1.6885 12.0615 15.6604 2.2565 10.1706
2 2 Car -1 -1 2.8819 362 169 530 225 1.65 -1.4346 -4.5284 -1.3861 4.8759 21.5738 2.6596 12.8758
3 0 Car -1 -1 -1.1125 879 154 1058 249 1.6123 -1.592 -3.7489 -1.3506 -7.0359 14.1719 -0.6517 11.3682
3 2 Car -1 -1 2.8949 322 167 501 226 1.6722 -1.5294 -4.4239 -1.3631 5.5548 20.5053 2.6303 12.0254
3 1 Car -1 -1 2.8856 1 173 92 266 1.6305 -1.4965 -3.9388 -1.6304 12.7161 14.2002 2.1552 5.1503
4 0 Car -1 -1 -1.0952 908 148 1093 250 1.6534 -1.6291 -3.9735 -1.2519 -7.5539 14.0028 -0.6005 10.4468
4 2 Car -1 -1 2.8836 279 165 469 229 1.6554 -1.4717 -4.4129 -1.3392 6.2398 19.3771 2.5721 12.9606
4 5 Car -1 -1 -10 1203 146 1242 193 -1 -1 -1 -1000 -1000 -1000 -10 0
4 4 Car -1 -1 -10 890 148 1006 204 1.6877 -1.8203 -3.8302 -0.9203 -13.5807 25.9973 -10 0
5 0 Car -1 -1 -1.0876 938 151 1128 249 1.6338 -1.6486 -3.6462 -1.2552 -7.9009 13.5919 -0.5611 9.7078
5 2 Car -1 -1 2.9317 224 164 429 234 1.6707 -1.5458 -4.3511 -1.377 7.0331 18.2421 2.5637 13.5958
5 4 Car -1 -1 2.5485 875 152 1020 206 1.8021 -1.9702 -4.512 -0.9409 -10.9464 23.2128 2.9891 6.7027
5 5 Car -1 -1 -10 1198 147 1243 196 -1 -1 -1 -1000 -1000 -1000 -10 0
6 0 Car -1 -1 -1.083 966 152 1166 253 1.606 -1.5811 -3.9015 -1.2345 -8.4018 13.3453 -0.5212 9.8351
6 2 Car -1 -1 2.9377 165 164 389 239 1.6436 -1.4783 -4.3129 -1.335 7.7522 17.0059 2.5099 12.8105
6 5 Car -1 -1 2.3888 1188 150 1242 199 1.6703 -1.5964 -4.27 -0.9179 -22.12 24.4663 3.1239 4.4534
6 4 Car -1 -1 2.5696 847 141 1013 206 1.7895 -1.9372 -4.4899 -0.9971 -9.9196 22.5458 2.9841 9.8282
7 0 Car -1 -1 -1.1012 995 152 1197 254 1.6125 -1.682 -3.713 -1.3236 -8.9627 13.2362 -0.506 9.3983
7 2 Car -1 -1 2.9706 83 165 335 247 1.6176 -1.4506 -4.2736 -1.3803 8.5418 15.7553 2.4738 11.9809
7 5 Car -1 -1 2.31 1177 153 1241 201 1.6742 -1.6687 -4.1931 -1.0173 -21.2397 24.2374 3.0296 4.4846
7 4 Car -1 -1 2.5584 827 145 991 211 1.7748 -1.8859 -4.333 -1.0987 -8.9992 21.9025 2.9482 9.288
8 0 Car -1 -1 -1.0974 1022 153 1233 258 1.6253 -1.6158 -3.8913 -1.3315 -9.333 13.0159 -0.4753 10.7183
8 2 Car -1 -1 2.9925 5 166 274 257 1.6415 -1.5584 -4.1378 -1.4674 9.2807 14.5647 2.4252 12.56
8 5 Car -1 -1 2.195 1160 155 1242 206 1.638 -1.5327 -3.9127 -0.9754 -20.218 23.8865 2.8975 4.6531
8 4 Car -1 -1 2.5856 804 147 970 216 1.7712 -1.9279 -4.2982 -1.2198 -8.0851 21.2941 2.9484 7.5059
9 0 Car -1 -1 -1.0847 1045 154 1240 259 1.6192 -1.6829 -3.5996 -1.3311 -9.656 12.8314 -0.4396 9.5296
9 2 Car -1 -1 2.9906 1 167 209 265 1.6092 -1.4778 -3.8915 -1.4583 9.98 13.3193 2.3475 10.098
9 4 Car -1 -1 2.5896 774 146 945 219 1.7824 -1.9406 -4.3332 -1.2423 -7.082 20.6803 2.9196 8.6196
10 0 Car -1 -1 -1.0952 1070 153 1240 260 1.6342 -1.6141 -3.8375 -1.3444 -10.077 12.7269 -0.4255 8.9109
10 2 Car -1 -1 2.9846 2 167 127 272 1.5862 -1.5004 -3.9112 -1.472 10.5402 12.0866 2.2675 7.1359
10 4 Car -1 -1 2.5913 743 145 911 218 1.7553 -1.8775 -4.1811 -1.1741 -5.9838 20.0929 2.8807 10.1855
11 0 Car -1 -1 -1.1425 1095 156 1239 258 1.6345 -1.5806 -3.7843 -1.3411 -10.3732 12.6859 -0.457 9.8364
11 4 Car -1 -1 2.611 710 151 881 222 1.7212 -1.7814 -4.1527 -1.2464 -4.9298 19.4167 2.8596 8.7167
12 0 Car -1 -1 -1.1228 1111 159 1240 264 1.6489 -1.6502 -3.6431 -1.448 -10.6675 12.6922 -0.4239 7.9085
12 5 Car -1 -1 2.1874 1056 162 1179 216 1.6138 -1.6564 -4.073 -1.3712 -16.0539 22.7835 2.8012 8.5183
12 4 Car -1 -1 2.6407 666 154 846 226 1.7097 -1.7457 -4.3502 -1.3006 -3.7633 18.8669 2.8376 9.505
13 0 Car -1 -1 -1.1741 1123 166 1241 273 1.6134 -1.5878 -3.7028 -1.5251 -10.966 12.7807 -0.465 8.1312
13 5 Car -1 -1 2.1987 1018 167 1155 221 1.6441 -1.62 -4.0116 -1.5341 -14.6992 22.4684 2.7781 10.1001
13 4 Car -1 -1 2.6413 621 154 804 238 1.7453 -1.9229 -4.2137 -1.5013 -2.533 18.1338 2.7801 10.18
14 5 Car -1 -1 2.1954 982 171 1120 226 1.6745 -1.6601 -4.1399 -1.617 -13.4176 22.2222 2.7386 9.1739
14 0 Car -1 -1 -1.1869 1133 169 1242 275 1.6449 -1.5864 -3.9514 -1.6394 -11.28 13.008 -0.4725 8.4865
14 4 Car -1 -1 2.6681 567 158 763 246 1.7652 -1.9014 -4.3737 -1.5943 -1.2827 17.3408 2.7419 8.4139
15 5 Car -1 -1 2.2096 941 172 1080 228 1.6731 -1.5643 -4.2036 -1.6573 -12.0078 21.8691 2.7118 12.1317
15 0 Car -1 -1 -1.2431 1136 171 1242 273 1.6444 -1.5991 -4.0339 -1.6413 -11.4821 13.2329 -0.5284 6.5887
15 4 Car -1 -1 2.7158 514 161 712 250 1.7455 -1.8349 -4.1914 -1.6096 -0.038 16.5917 2.7181 8.3721
16 5 Car -1 -1 2.2013 900 174 1036 232 1.6332 -1.6239 -4.0033 -1.6936 -10.4662 21.3856 2.6564 11.2038
16 0 Car -1 -1 -1.1964 1139 173 1241 275 1.6503 -1.6474 -3.859 -1.6374 -11.684 13.4078 -0.4796 7.395
16 6 Car -1 -1 -10 1104 178 1218 224 -1 -1 -1 -1000 -1000 -1000 -10 0
16 4 Car -1 -1 2.7529 449 155 662 257 1.7736 -1.9705 -4.2682 -1.6392 1.2062 15.7389 2.6764 9.6795
17 5 Car -1 -1 2.2247 855 175 993 236 1.6342 -1.5778 -4.0462 -1.7538 -9.0816 20.9237 2.6342 12.5873
17 0 Car -1 -1 -1.228 1137 175 1242 277 1.623 -1.5419 -3.8404 -1.6728 -11.7968 13.7236 -0.518 7.7681
17 6 Car -1 -1 -10 1067 180 1184 224 -1 -1 -1 -1000 -1000 -1000 -10 0
17 4 Car -1 -1 2.7934 378 165 604 262 1.6906 -1.7409 -4.2273 -1.6048 2.4168 14.7259 2.6308 10.0854
18 5 Car -1 -1 2.2286 812 177 951 238 1.6517 -1.5904 -4.018 -1.7971 -7.5828 20.3702 2.5849 12.5591
18 0 Car -1 -1 -1.2628 1134 174 1239 274 1.644 -1.6435 -3.803 -1.7366 -11.8715 13.9944 -0.5593 7.8642
18 6 Car -1 -1 2.0829 1024 181 1136 224 1.6258 -1.4738 -4.0132 -1.8761 -16.902 26.151 2.6567 7.235
18 4 Car -1 -1 2.8677 304 168 546 270 1.6911 -1.6922 -4.1722 -1.6273 3.5091 13.7391 2.6177 8.5228
19 5 Car -1 -1 2.2403 770 176 910 240 1.6339 -1.5799 -4.2042 -1.7208 -6.255 19.7887 2.5465 12.3325
19 0 Car -1 -1 -1.2422 1128 174 1240 269 1.6256 -1.5484 -3.6936 -1.7157 -11.8923 14.2199 -0.5457 9.6511
19 6 Car -1 -1 2.0386 988 181 1092 225 1.617 -1.4402 -4.0274 -1.9248 -15.3347 25.8855 2.5734 7.8456
19 4 Car -1 -1 2.8893 209 159 484 283 1.7364 -1.8426 -4.2624 -1.6475 4.5832 12.6828 2.5426 9.7074
20 5 Car -1 -1 2.2504 723 175 866 243 1.6421 -1.5132 -4.1411 -1.6722 -4.8641 19.0435 2.5004 12.4074
20 0 Car -1 -1 -1.2546 1119 172 1240 267 1.6299 -1.6042 -3.6372 -1.6652 -12.0277 14.6953 -0.5687 9.1731
20 7 Car -1 -1 -10 1079 179 1156 213 -1 -1 -1 -1000 -1000 -1000 -10 0
20 6 Car -1 -1 1.9837 949 179 1052 225 1.674 -1.6751 -3.9636 -1.7926 -14.0029 25.7505 2.4817 6.165
20 4 Car -1 -1 2.9101 108 155 401 294 1.7025 -1.8643 -3.9349 -1.628 5.637 11.5804 2.4571 8.1617
21 0 Car -1 -1 -1.3357 1110 173 1237 262 1.6141 -1.5784 -3.6613 -1.6513 -11.9862 15.1798 -0.6674 10.7419
21 5 Car -1 -1 2.2666 673 176 824 247 1.6012 -1.5517 -4.0251 -1.7161 -3.4708 18.0917 2.4561 12.8728
21 7 Car -1 -1 1.9164 1044 177 1120 214 1.5663 -1.5002 -3.6542 -1.7859 -20.8823 32.0318 2.4942 8.2575
21 6 Car -1 -1 2.0844 913 178 1015 225 1.5963 -1.4696 -3.9327 -1.7578 -12.3902 25.2971 2.5399 6.5872
21 4 Car -1 -1 3.0047 0 151 324 307 1.6702 -1.8777 -3.8649 -1.6174 6.4806 10.5577 2.4542 5.694
22 5 Car -1 -1 2.2874 622 177 778 253 1.6093 -1.5211 -4.0946 -1.7101 -2.1831 17.252 2.4133 13.2087
22 0 Car -1 -1 -1.3576 1098 173 1232 261 1.6453 -1.6088 -3.8929 -1.7007 -12.0525 15.7877 -0.7056 10.8954
22 7 Car -1 -1 -1.2602 1008 179 1079 214 1.661 -1.5002 -4.1642 -1.9177 -19.4544 32.4446 -0.72 6.3907
22 6 Car -1 -1 -1.0964 878 180 979 226 1.6273 -1.5359 -3.8404 -1.8891 -10.8979 24.9655 -0.6848 7.8467
22 8 Car -1 -1 -10 1079 181 1134 208 -1 -1 -1 -1000 -1000 -1000 -10 0
23 5 Car -1 -1 2.3106 563 179 731 260 1.6055 -1.5504 -3.9399 -1.7919 -0.9171 16.2463 2.367 12.142
23 7 Car -1 -1 -10 971 183 1044 218 1.661 -1.5002 -4.1642 -1.9177 -19.4544 32.4446 -10 0
23 8 Car -1 -1 1.7644 1041 183 1095 212 1.646 -1.5674 -3.9719 -2.161 -23.6005 37.474 2.3265 5.115
23 0 Car -1 -1 -1.3809 1080 179 1203 260 1.5945 -1.5738 -3.7186 -1.7907 -12.0013 16.3199 -0.7468 9.9299
23 6 Car -1 -1 2.0277 839 183 938 230 1.6378 -1.6052 -3.6807 -1.8407 -9.3431 24.3806 2.3936 5.1953
24 5 Car -1 -1 2.3535 502 179 685 266 1.6274 -1.5614 -3.9396 -1.7884 0.3578 15.2223 2.33 12.9164
24 7 Car -1 -1 -1.2932 934 185 1003 221 1.6451 -1.6212 -4.0884 -2.0653 -15.9991 32.3678 -0.8341 7.405
24 8 Car -1 -1 -10 1001 187 1053 216 1.646 -1.5674 -3.9719 -2.161 -23.6005 37.474 -10 0
24 6 Car -1 -1 2.0065 800 186 898 234 1.6145 -1.4646 -4.0614 -1.9477 -7.8806 23.9085 2.3249 10.523
24 0 Car -1 -1 -1.3761 1059 183 1174 261 1.6077 -1.5667 -3.785 -1.8886 -11.899 16.9768 -0.7647 10.2881
24 9 Car -1 -1 -10 1192 190 1241 226 -1 -1 -1 -1000 -1000 -1000 -10 0
24 10 Car -1 -1 -10 1033 186 1080 213 -1 -1 -1 -1000 -1000 -1000 -10 0
25 5 Car -1 -1 2.3809 428 179 630 277 1.5972 -1.5672 -4.0827 -1.7487 1.5213 14.0546 2.2731 12.726
25 7 Car -1 -1 -1.2906 896 186 966 222 1.6387 -1.5763 -3.9801 -2.0932 -14.3694 32.228 -0.8712 5.7063
25 8 Car -1 -1 1.8134 962 188 1014 216 1.6249 -1.5314 -3.9036 -2.322 -20.0127 38.2299 2.2956 5.0769
25 9 Car -1 -1 -10 1149 191 1205 226 -1 -1 -1 -1000 -1000 -1000 -10 0
25 0 Car -1 -1 -1.3891 1038 184 1141 261 1.5953 -1.5714 -3.4489 -1.9018 -11.5757 17.4563 -0.8036 9.926
25 6 Car -1 -1 2.0274 759 186 859 236 1.6194 -1.474 -4.0701 -1.9327 -6.3326 23.2523 2.2933 9.6964
25 11 Car -1 -1 -10 995 187 1040 214 -1 -1 -1 -1000 -1000 -1000 -10 0
25 10 Car -1 -1 -10 1019 186 1065 212 -1 -1 -1 -1000 -1000 -1000 -10 0
26 7 Car -1 -1 1.8995 857 184 925 220 1.628 -1.5804 -3.8527 -2.0368 -12.5842 32.2139 2.2719 5.5384
26 5 Car -1 -1 2.4355 335 178 574 284 1.6258 -1.5907 -4.0824 -1.7432 2.6684 12.8642 2.2309 11.2139
26 0 Car -1 -1 -1.4743 1012 183 1106 256 1.6429 -1.6043 -3.8456 -1.917 -11.3595 18.2869 -0.9185 9.6874
26 9 Car -1 -1 -10 1106 188 1156 221 -1 -1 -1 -1000 -1000 -1000 -10 0
26 6 Car -1 -1 2.0269 715 184 816 238 1.608 -1.596 -3.8929 -1.8997 -4.7742 22.4513 2.2364 11.0474
26 8 Car -1 -1 1.7446 923 185 972 214 1.5973 -1.4904 -3.9898 -2.1484 -17.87 38.4031 2.1801 7.7404
26 12 Car -1 -1 -10 954 184 995 211 -1 -1 -1 -1000 -1000 -1000 -10 0
26 11 Car -1 -1 -10 978 184 1017 208 -1 -1 -1 -1000 -1000 -1000 -10 0
27 5 Car -1 -1 2.5029 226 177 502 295 1.6161 -1.5771 -3.9727 -1.6174 3.742 11.6235 2.1914 13.2879
27 6 Car -1 -1 2.0251 666 183 775 237 1.6335 -1.5321 -4.2683 -1.8912 -3.3626 21.6766 2.179 10.5442
27 7 Car -1 -1 1.8625 817 182 884 219 1.6742 -1.6157 -4.3432 -2.0193 -10.5455 31.6932 2.1838 7.5433
27 0 Car -1 -1 -1.4557 982 181 1069 252 1.645 -1.6967 -3.8381 -1.9056 -10.9521 19.0269 -0.9334 9.4365
27 8 Car -1 -1 1.7828 883 184 930 212 1.5989 -1.5088 -3.7502 -2.099 -15.7217 38.2692 2.1726 6.2682
27 9 Car -1 -1 -10 1064 187 1107 218 -1 -1 -1 -1000 -1000 -1000 -10 0
27 13 Car -1 -1 -10 913 183 953 209 -1 -1 -1 -1000 -1000 -1000 -10 0
27 12 Car -1 -1 -10 937 182 970 205 -1 -1 -1 -1000 -1000 -1000 -10 0
28 6 Car -1 -1 2.0642 617 183 730 241 1.6247 -1.4804 -4.1212 -1.8584 -1.8329 20.6298 2.1529 10.5878
28 7 Car -1 -1 -1.2728 776 183 844 220 1.6309 -1.5489 -4.1115 -2.0212 -8.735 31.2668 -1.0004 7.5426
28 5 Car -1 -1 2.5767 96 173 428 313 1.6224 -1.5351 -3.9632 -1.6741 4.6801 10.293 2.1499 12.5557
28 0 Car -1 -1 -1.4818 952 181 1030 250 1.6019 -1.557 -3.7153 -1.907 -10.4649 19.7588 -0.9948 9.1106
28 8 Car -1 -1 1.8017 842 184 889 213 1.5702 -1.555 -3.6657 -2.1081 -13.6159 38.2338 2.1438 5.959
28 9 Car -1 -1 -10 1019 187 1061 217 -1 -1 -1 -1000 -1000 -1000 -10 0
28 14 Car -1 -1 -10 872 184 910 210 -1 -1 -1 -1000 -1000 -1000 -10 0
28 13 Car -1 -1 -10 896 183 929 206 -1 -1 -1 -1000 -1000 -1000 -10 0
29 6 Car -1 -1 2.068 562 184 684 245 1.642 -1.4122 -4.3189 -1.8001 -0.4069 19.6137 2.0887 12.5397
29 7 Car -1 -1 1.8706 736 183 803 220 1.6704 -1.5197 -4.3283 -1.9376 -6.872 30.7877 2.0902 9.7945
29 5 Car -1 -1 2.66 4 171 322 341 1.6201 -1.5917 -4.0098 -1.6716 5.6336 8.7722 2.0891 11.3211
29 0 Car -1 -1 -1.4767 919 182 993 248 1.6704 -1.669 -3.8356 -1.9428 -9.8942 20.4774 -1.0266 9.6148
29 8 Car -1 -1 1.7564 802 184 848 214 1.6028 -1.4984 -4.0578 -2.1089 -11.4338 38.2156 2.0472 8.6573
29 9 Car -1 -1 -10 976 187 1016 217 -1 -1 -1 -1000 -1000 -1000 -10 0
29 15 Car -1 -1 -10 833 183 871 209 -1 -1 -1 -1000 -1000 -1000 -10 0
29 14 Car -1 -1 -10 855 184 888 206 -1 -1 -1 -1000 -1000 -1000 -10 0
30 6 Car -1 -1 2.0698 504 183 636 249 1.6003 -1.4466 -4.0496 -1.7887 0.9278 18.3564 2.0193 11.5867
30 7 Car -1 -1 1.8583 695 183 762 221 1.688 -1.5453 -4.4475 -1.9623 -5.0929 30.2343 2.0251 8.8945
30 0 Car -1 -1 -1.4628 886 182 956 244 1.6275 -1.5969 -3.7201 -1.9056 -9.2309 21.2685 -1.0533 8.3707
30 8 Car -1 -1 1.7667 762 184 807 214 1.6222 -1.5789 -4.0118 -2.1192 -9.2555 37.9071 2.0062 9.2397
30 5 Car -1 -1 2.7953 2 168 201 347 1.665 -1.6387 -3.9957 -1.65 6.4884 7.2518 2.0654 7.7835
30 9 Car -1 -1 -10 935 187 972 215 -1 -1 -1 -1000 -1000 -1000 -10 0
30 16 Car -1 -1 -10 793 183 828 209 -1 -1 -1 -1000 -1000 -1000 -10 0
30 15 Car -1 -1 -10 813 184 848 206 -1 -1 -1 -1000 -1000 -1000 -10 0
31 7 Car -1 -1 1.8737 653 182 721 221 1.6897 -1.5758 -4.4028 -1.92 -3.2697 29.5779 1.9838 7.955
31 6 Car -1 -1 2.1152 439 181 585 253 1.6418 -1.6035 -4.2453 -1.7801 2.2254 17.0335 1.9853 11.9801
31 0 Car -1 -1 -1.5393 853 182 919 243 1.6778 -1.6023 -4.1468 -1.9277 -8.4619 22.1204 -1.1739 10.0299
31 8 Car -1 -1 1.7832 722 184 767 213 1.5967 -1.4397 -3.9219 -1.9784 -7.0359 37.4019 1.9691 7.0021
31 17 Car -1 -1 -10 754 183 788 209 -1 -1 -1 -1000 -1000 -1000 -10 0
31 16 Car -1 -1 -10 776 183 807 205 -1 -1 -1 -1000 -1000 -1000 -10 0
31 9 Car -1 -1 -10 898 187 930 214 -1 -1 -1 -1000 -1000 -1000 -10 0
32 6 Car -1 -1 2.1329 363 181 530 262 1.6196 -1.536 -4.082 -1.7623 3.381 15.6015 1.9194 11.9161
32 8 Car -1 -1 1.8008 683 183 728 213 1.6237 -1.5299 -3.8841 -2.0141 -4.9268 36.8836 1.9336 8.2685
32 7 Car -1 -1 1.8633 610 182 681 223 1.6997 -1.5783 -4.3743 -1.8564 -1.5379 28.6598 1.9169 7.3936
32 0 Car -1 -1 -1.4865 820 182 882 239 1.6552 -1.6144 -3.9409 -1.9386 -7.6358 22.8729 -1.1643 8.2857
32 18 Car -1 -1 -10 714 183 749 209 -1 -1 -1 -1000 -1000 -1000 -10 0
32 17 Car -1 -1 -10 738 181 768 204 -1 -1 -1 -1000 -1000 -1000 -10 0
33 6 Car -1 -1 2.1727 275 179 475 274 1.6615 -1.5898 -4.1066 -1.715 4.4331 14.2443 1.871 12.3277
33 8 Car -1 -1 1.8117 642 182 689 213 1.6122 -1.4518 -4.1129 -1.9077 -2.8631 36.1268 1.8908 9.8345
33 0 Car -1 -1 -1.5314 785 180 843 236 1.6707 -1.593 -4.1345 -1.8562 -6.6883 23.6081 -1.2553 9.2175
33 7 Car -1 -1 1.8671 565 180 641 223 1.7257 -1.5415 -4.6934 -1.7726 0.1902 27.5476 1.8602 11.5061
33 19 Car -1 -1 -10 673 181 710 208 -1 -1 -1 -1000 -1000 -1000 -10 0
33 17 Car -1 -1 -10 696 180 728 204 -1 -1 -1 -1000 -1000 -1000 -10 0
33 18 Car -1 -1 -10 708 182 740 201 -1 -1 -1 -1000 -1000 -1000 -10 0
34 8 Car -1 -1 1.7734 601 181 649 213 1.6468 -1.4747 -4.149 -1.8718 -0.8173 35.425 1.7965 7.9357
34 0 Car -1 -1 -1.5035 751 179 806 233 1.682 -1.6144 -4.3232 -1.8922 -5.7748 24.4012 -1.2712 8.5629
34 6 Car -1 -1 2.2329 164 180 404 288 1.6125 -1.7104 -3.8084 -1.6951 5.3521 12.4987 1.8283 10.1687
34 7 Car -1 -1 1.8934 518 179 597 224 1.6912 -1.5576 -4.3695 -1.7581 1.8226 26.3611 1.8244 12.0773
34 20 Car -1 -1 -10 633 180 669 208 -1 -1 -1 -1000 -1000 -1000 -10 0
34 17 Car -1 -1 -10 656 179 690 203 -1 -1 -1 -1000 -1000 -1000 -10 0
35 8 Car -1 -1 1.7661 561 180 610 213 1.6264 -1.5288 -4.0912 -1.8265 1.0298 34.3531 1.7361 9.3907
35 6 Car -1 -1 2.2702 26 182 319 308 1.6711 -1.6008 -4.3244 -1.6692 6.1766 10.9257 1.7556 12.685
35 0 Car -1 -1 -1.5801 717 178 771 232 1.7076 -1.6109 -4.4317 -1.8408 -4.6569 25.1508 -1.3971 10.6298
35 17 Car -1 -1 -10 594 180 631 208 -1 -1 -1 -1000 -1000 -1000 -10 0
35 7 Car -1 -1 1.893 472 181 556 226 1.6888 -1.4983 -4.5321 -1.7083 3.2635 25.1052 1.7637 11.5822
35 20 Car -1 -1 -10 619 179 652 202 -1 -1 -1 -1000 -1000 -1000 -10 0
36 6 Car -1 -1 2.3376 3 180 230 326 1.636 -1.5971 -3.971 -1.7244 6.8202 9.1953 1.6994 9.788
36 0 Car -1 -1 -1.5858 687 177 740 229 1.6633 -1.5912 -4.176 -1.8471 -3.6272 25.5639 -1.4449 9.9018
36 8 Car -1 -1 1.7887 523 180 575 215 1.6202 -1.4547 -4.0665 -1.8556 2.7584 33.2287 1.7059 9.613
36 7 Car -1 -1 1.9086 426 180 515 230 1.696 -1.5726 -4.4604 -1.7405 4.5468 23.8016 1.7199 12.6256
36 17 Car -1 -1 -10 558 180 597 208 -1 -1 -1 -1000 -1000 -1000 -10 0
36 20 Car -1 -1 -10 584 178 617 202 -1 -1 -1 -1000 -1000 -1000 -10 0
37 0 Car -1 -1 -1.5841 662 177 713 229 1.7185 -1.7005 -4.4057 -1.8534 -2.7814 26.1809 -1.4782 10.0895
37 7 Car -1 -1 1.9236 378 180 478 235 1.6969 -1.5569 -4.4634 -1.7452 5.5319 22.3798 1.6813 12.6833
37 8 Car -1 -1 1.7787 488 181 543 217 1.6326 -1.5246 -4.0398 -1.8202 4.1351 32.0707 1.6505 9.107
37 17 Car -1 -1 -10 528 180 567 209 -1 -1 -1 -1000 -1000 -1000 -10 0
37 6 Car -1 -1 2.4345 1 187 129 333 1.5633 -1.582 -4.2261 -1.7247 7.3181 7.5306 1.6634 8.134
37 20 Car -1 -1 -10 556 179 589 202 -1 -1 -1 -1000 -1000 -1000 -10 0
38 8 Car -1 -1 1.8194 456 182 514 219 1.6177 -1.5179 -3.972 -1.907 5.263 30.7586 1.6499 10.3717
38 0 Car -1 -1 -1.5902 640 178 690 228 1.7065 -1.6084 -4.3233 -1.8459 -2.0282 26.6832 -1.5143 9.7963
38 7 Car -1 -1 1.9351 331 182 442 240 1.7203 -1.5089 -4.7815 -1.7971 6.3361 21.06 1.6428 11.7845
38 20 Car -1 -1 -10 530 179 562 205 -1 -1 -1 -1000 -1000 -1000 -10 0
38 17 Car -1 -1 -10 499 180 542 211 -1 -1 -1 -1000 -1000 -1000 -10 0
39 8 Car -1 -1 1.8197 427 184 488 222 1.6293 -1.475 -4.051 -1.9256 6.1907 29.4324 1.6124 11.695
39 0 Car -1 -1 -1.5467 621 178 670 227 1.7393 -1.7009 -4.3201 -1.907 -1.3587 27.1167 -1.4966 9.5244
39 17 Car -1 -1 -10 474 182 517 213 -1 -1 -1 -1000 -1000 -1000 -10 0
39 7 Car -1 -1 1.9668 280 184 410 246 1.7236 -1.5133 -4.7162 -1.8193 6.9984 19.5175 1.6225 10.5814
39 20 Car -1 -1 -10 508 180 541 206 -1 -1 -1 -1000 -1000 -1000 -10 0
40 8 Car -1 -1 1.8479 398 183 465 224 1.6076 -1.4712 -3.9026 -1.8751 6.8878 28.0983 1.6075 13.0987
40 0 Car -1 -1 -1.561 604 178 653 226 1.6893 -1.5945 -4.2409 -1.8658 -0.7252 27.5075 -1.5346 9.2123
40 17 Car -1 -1 -10 450 182 496 214 -1 -1 -1 -1000 -1000 -1000 -10 0
40 7 Car -1 -1 2.0055 230 184 376 252 1.6784 -1.5237 -4.5314 -1.769 7.5214 18.1198 1.612 13.5797
40 20 Car -1 -1 -10 487 181 521 207 -1 -1 -1 -1000 -1000 -1000 -10 0
41 0 Car -1 -1 -1.5742 592 178 639 225 1.688 -1.6256 -4.1472 -1.8661 -0.2069 27.8999 -1.5668 9.0134
41 8 Car -1 -1 1.8705 372 183 442 226 1.6131 -1.5155 -3.9224 -1.9055 7.4396 26.7733 1.5994 11.4703
41 17 Car -1 -1 -10 431 182 478 215 -1 -1 -1 -1000 -1000 -1000 -10 0
41 20 Car -1 -1 -10 469 180 505 208 -1 -1 -1 -1000 -1000 -1000 -10 0
41 7 Car -1 -1 2.0366 174 184 343 260 1.6447 -1.4482 -4.3658 -1.7622 7.8863 16.6894 1.5952 12.4687
41 9 Car -1 -1 -10 492 184 521 203 -1 -1 -1 -1000 -1000 -1000 -10 0
42 0 Car -1 -1 -1.5624 582 179 628 225 1.7146 -1.5906 -4.4069 -1.8541 0.2213 28.3201 -1.5702 9.7541
42 8 Car -1 -1 1.8755 348 185 423 231 1.687 -1.5548 -4.3271 -1.9181 7.8851 25.4666 1.5752 12.1255
42 17 Car -1 -1 1.7933 413 183 463 217 1.6158 -1.4961 -3.9742 -2.0004 8.1427 34.097 1.5589 5.6679
42 20 Car -1 -1 -10 454 181 490 208 -1 -1 -1 -1000 -1000 -1000 -10 0
42 7 Car -1 -1 2.0538 117 187 312 272 1.6582 -1.4693 -4.3331 -1.8025 8.1115 15.1758 1.5629 14.0953
42 9 Car -1 -1 -10 481 184 508 204 -1 -1 -1 -1000 -1000 -1000 -10 0
43 0 Car -1 -1 -1.5387 575 180 620 226 1.7288 -1.6401 -4.3476 -1.9635 0.5018 28.7417 -1.5562 10.1553
43 17 Car -1 -1 1.7937 396 185 451 220 1.6184 -1.4565 -3.9379 -2.0443 8.343 32.8527 1.545 6.1408
43 20 Car -1 -1 1.7078 444 183 481 211 1.5694 -1.6248 -3.6151 -2.1787 8.7287 42.8583 1.5069 5.9595
43 7 Car -1 -1 2.0919 49 191 275 284 1.6843 -1.4966 -4.4617 -1.8013 8.2896 13.7919 1.5507 13.735
43 8 Car -1 -1 1.8875 324 187 405 235 1.5945 -1.4778 -3.9366 -1.9688 8.1286 24.1374 1.5626 13.1814
43 9 Car -1 -1 -10 469 184 500 205 -1 -1 -1 -1000 -1000 -1000 -10 0
44 0 Car -1 -1 -1.57 572 181 616 226 1.7315 -1.605 -4.5252 -1.9802 0.7041 29.065 -1.5942 11.2562
44 17 Car -1 -1 1.7969 384 185 442 223 1.6321 -1.6035 -3.9173 -2.1025 8.5419 31.5446 1.5324 5.6727
44 8 Car -1 -1 1.9255 302 189 390 239 1.5914 -1.4442 -3.8275 -1.937 8.2511 22.7124 1.577 12.7312
44 7 Car -1 -1 2.155 1 195 234 303 1.6892 -1.4892 -4.5318 -1.8553 8.3328 12.2109 1.5562 13.3113
44 20 Car -1 -1 -10 435 183 474 212 1.5694 -1.6248 -3.6151 -2.1787 8.7287 42.8583 -10 0
44 9 Car -1 -1 -10 463 187 495 208 -1 -1 -1 -1000 -1000 -1000 -10 0
45 0 Car -1 -1 -1.5666 569 181 612 225 1.7107 -1.6538 -4.1214 -1.9607 0.7715 29.4319 -1.5928 8.129
45 8 Car -1 -1 1.9314 277 191 377 244 1.5891 -1.5194 -3.5769 -2.0115 8.3201 21.3292 1.5594 12.5768
45 17 Car -1 -1 1.8179 372 186 433 225 1.689 -1.6387 -4.1597 -2.046 8.6683 30.3391 1.5396 9.039
45 7 Car -1 -1 2.2269 1 197 191 317 1.6832 -1.468 -4.5281 -1.8344 8.375 10.7356 1.5644 10.2564
45 20 Car -1 -1 -10 429 184 469 213 1.5694 -1.6248 -3.6151 -2.1787 8.7287 42.8583 -10 0
45 9 Car -1 -1 -10 456 186 491 209 -1 -1 -1 -1000 -1000 -1000 -10 0
46 17 Car -1 -1 1.8539 360 186 426 227 1.6382 -1.4971 -3.9367 -2.0599 8.7036 29.0464 1.5628 7.396
46 8 Car -1 -1 1.9578 251 191 362 249 1.6116 -1.5082 -3.8838 -1.9719 8.3625 19.9671 1.5612 13.3675
46 0 Car -1 -1 -1.5702 568 181 611 225 1.7174 -1.6703 -4.3211 -1.9793 0.8883 29.8563 -1.5999 8.1607
46 7 Car -1 -1 2.2803 5 201 143 324 1.6648 -1.559 -4.1761 -1.9049 8.3692 9.3364 1.5494 8.534
46 20 Car -1 -1 1.7726 422 184 464 215 1.6019 -1.6213 -3.6459 -2.2658 9.1112 39.2567 1.5446 5.8068
46 9 Car -1 -1 -10 452 185 488 210 -1 -1 -1 -1000 -1000 -1000 -10 0
47 17 Car -1 -1 1.8569 346 187 417 230 1.6376 -1.4743 -4.0465 -2.1042 8.6911 27.5415 1.5512 8.4342
47 8 Car -1 -1 1.9871 219 192 344 256 1.6099 -1.4833 -3.9442 -1.9158 8.3576 18.5572 1.5639 13.3995
47 0 Car -1 -1 -1.5679 567 181 609 223 1.6867 -1.5867 -4.2156 -1.9617 0.8767 30.1291 -1.597 8.9456
47 20 Car -1 -1 1.7812 416 184 459 216 1.5982 -1.607 -3.5808 -2.2073 9.0908 37.7597 1.5449 7.2734
47 9 Car -1 -1 -10 451 186 485 210 -1 -1 -1 -1000 -1000 -1000 -10 0
47 7 Car -1 -1 -10 1 206 75 327 1.6648 -1.559 -4.1761 -1.9049 8.3692 9.3364 -10 0
48 8 Car -1 -1 2.0104 182 192 326 263 1.6181 -1.4628 -3.9697 -1.9205 8.3491 17.1433 1.5572 12.1381
48 0 Car -1 -1 -1.5451 567 180 609 222 1.7334 -1.5815 -4.4488 -1.9269 0.8929 30.5325 -1.5743 9.2862
48 17 Car -1 -1 1.8605 332 187 409 233 1.6458 -1.5081 -3.9798 -2.0873 8.6808 26.1528 1.5401 5.6001
48 20 Car -1 -1 1.7892 410 184 454 216 1.6803 -1.6524 -4.2521 -2.1766 9.1261 36.8117 1.5461 7.1925
48 9 Car -1 -1 -10 447 185 484 210 -1 -1 -1 -1000 -1000 -1000 -10 0
49 8 Car -1 -1 2.0549 139 193 303 272 1.6219 -1.5003 -3.9971 -1.8881 8.3062 15.6134 1.5659 13.6316
49 0 Car -1 -1 -1.5396 567 180 609 221 1.7041 -1.5805 -4.3826 -1.9432 0.8618 30.8948 -1.5675 8.012
49 20 Car -1 -1 1.807 403 183 450 217 1.598 -1.5207 -3.7207 -2.1091 8.9135 35.3177 1.5598 7.0635
49 17 Car -1 -1 1.8755 319 187 400 237 1.6497 -1.5076 -3.9702 -2.0082 8.649 24.7598 1.5395 11.1059
49 9 Car -1 -1 -10 444 185 482 211 -1 -1 -1 -1000 -1000 -1000 -10 0
50 0 Car -1 -1 -1.55 568 180 609 222 1.7078 -1.6264 -4.2766 -1.974 0.8926 31.3088 -1.5786 9.3602
50 8 Car -1 -1 2.0739 80 194 276 284 1.6841 -1.5851 -4.1767 -1.9264 8.303 14.2462 1.5462 13.695
50 20 Car -1 -1 1.8026 395 185 445 220 1.6475 -1.6432 -3.8382 -2.1778 8.9865 34.104 1.5449 6.6519
50 17 Car -1 -1 1.8942 302 188 388 241 1.667 -1.619 -4.1296 -2.02 8.5966 23.3838 1.5419 9.1956
50 9 Car -1 -1 -10 441 185 480 211 -1 -1 -1 -1000 -1000 -1000 -10 0
51 0 Car -1 -1 -1.5558 569 182 609 222 1.7167 -1.6664 -4.3544 -2.0347 0.9415 31.5832 -1.5856 8.7221
51 17 Car -1 -1 1.9252 278 189 377 246 1.6761 -1.5074 -4.1839 -2.0233 8.6172 21.9983 1.5519 9.0035
51 8 Car -1 -1 2.1209 10 199 243 301 1.6526 -1.5593 -4.1479 -1.9656 8.2943 12.7424 1.5439 13.2032
51 20 Car -1 -1 1.8067 386 186 440 223 1.6301 -1.6122 -3.9048 -2.2049 8.8648 32.6292 1.5415 8.4584
51 9 Car -1 -1 -10 438 188 478 213 -1 -1 -1 -1000 -1000 -1000 -10 0
52 0 Car -1 -1 -1.5859 570 182 609 222 1.6956 -1.6683 -4.2608 -2.0378 0.9662 31.9397 -1.6162 9.4553
52 8 Car -1 -1 2.2103 1 201 202 319 1.6301 -1.5277 -3.9157 -1.9398 8.2371 11.2466 1.5781 11.3599
52 20 Car -1 -1 1.8267 377 188 433 225 1.6158 -1.6097 -3.8268 -2.1515 8.8042 31.2203 1.5518 9.6196
52 17 Car -1 -1 1.9494 252 189 363 252 1.6584 -1.5032 -4.1548 -2.0129 8.4883 20.3163 1.5536 8.3746
52 9 Car -1 -1 -10 436 188 476 214 -1 -1 -1 -1000 -1000 -1000 -10 0
53 0 Car -1 -1 -1.5557 570 181 609 220 1.7002 -1.6517 -4.1133 -2.0087 0.9414 32.3189 -1.5848 7.6736
53 17 Car -1 -1 1.963 219 189 347 256 1.6317 -1.528 -3.9958 -1.9382 8.4478 19.0134 1.5449 9.0196
53 20 Car -1 -1 1.8497 367 186 425 226 1.6108 -1.5541 -3.6639 -2.0737 8.7494 29.6226 1.5625 8.2728
53 9 Car -1 -1 -10 432 187 474 213 -1 -1 -1 -1000 -1000 -1000 -10 0
53 8 Car -1 -1 2.2681 3 200 148 324 1.5466 -1.4964 -3.6016 -1.9301 8.224 9.8214 1.571 9.3123
54 0 Car -1 -1 -1.5946 570 179 609 218 1.6683 -1.5249 -4.1874 -1.9818 0.9923 32.5862 -1.625 7.7566
54 17 Car -1 -1 1.9771 180 188 326 263 1.6667 -1.5257 -4.0534 -1.9541 8.4072 17.3234 1.5253 10.3493
54 20 Car -1 -1 1.8528 355 184 419 228 1.597 -1.6102 -3.5696 -2.044 8.7244 28.1829 1.5526 9.9116
54 9 Car -1 -1 -10 427 187 470 213 -1 -1 -1 -1000 -1000 -1000 -10 0
54 8 Car -1 -1 2.3694 1 202 76 330 1.605 -1.4774 -4.1026 -1.8719 8.2703 8.0692 1.5717 6.2626
55 17 Car -1 -1 2.0259 133 189 303 274 1.6624 -1.5617 -4.2434 -1.9439 8.3979 15.8311 1.5382 11.9208
55 0 Car -1 -1 -1.5678 571 180 609 218 1.7103 -1.6268 -4.372 -2.0407 0.9886 33.0119 -1.5977 8.6876
55 20 Car -1 -1 1.858 341 186 411 231 1.6277 -1.6333 -3.8008 -2.0454 8.6814 26.886 1.5457 8.9744
55 9 Car -1 -1 -10 422 186 468 214 -1 -1 -1 -1000 -1000 -1000 -10 0
56 17 Car -1 -1 2.0696 73 192 276 287 1.6505 -1.5856 -4.0874 -1.9395 8.3479 14.1143 1.5355 11.8681
56 0 Car -1 -1 -1.5567 571 182 610 221 1.707 -1.637 -4.3684 -2.0624 0.8874 33.3377 -1.5833 7.5746
56 9 Car -1 -1 -10 418 188 464 217 -1 -1 -1 -1000 -1000 -1000 -10 0
56 20 Car -1 -1 1.8715 325 186 400 236 1.6527 -1.6502 -3.98 -2.123 8.6647 25.3573 1.5422 9.7758
57 9 Car -1 -1 -10 412 190 461 220 -1 -1 -1 -1000 -1000 -1000 -10 0
57 0 Car -1 -1 -1.5829 572 184 611 223 1.705 -1.6422 -4.3523 -2.2136 0.9789 33.6473 -1.612 8.5716
57 17 Car -1 -1 2.1266 1 195 240 304 1.6438 -1.5668 -4.1103 -1.913 8.3044 12.615 1.5444 13.2376
57 20 Car -1 -1 1.8812 306 188 389 241 1.6098 -1.5877 -3.8628 -2.0769 8.5444 23.8089 1.5366 11.6286
58 17 Car -1 -1 2.1977 4 196 194 323 1.6373 -1.6006 -4.0449 -1.8807 8.2785 11.0726 1.5557 10.8042
58 9 Car -1 -1 -10 405 191 458 221 -1 -1 -1 -1000 -1000 -1000 -10 0
58 0 Car -1 -1 -1.5694 573 185 612 223 1.7141 -1.6123 -4.4116 -2.223 0.8977 33.9993 -1.5958 8.5113
58 20 Car -1 -1 1.915 287 188 378 246 1.6049 -1.5987 -3.758 -2.1007 8.5154 22.2463 1.5495 12.0732
59 20 Car -1 -1 1.9492 262 187 365 250 1.6053 -1.5617 -3.678 -1.9924 8.4141 20.7048 1.5632 13.3511
59 9 Car -1 -1 1.8277 399 190 455 222 1.6857 -1.4954 -4.2277 -2.2576 8.566 33.7205 1.5789 5.6578
59 0 Car -1 -1 -1.5731 574 184 612 223 1.6635 -1.4873 -4.1345 -2.1846 0.9205 34.2263 -1.6 7.0985
59 17 Car -1 -1 2.2626 2 198 141 324 1.6061 -1.5944 -3.8522 -1.8508 8.227 9.509 1.5494 7.3107
60 0 Car -1 -1 -1.5609 575 183 613 220 1.6993 -1.6563 -4.2961 -2.1371 0.7753 34.681 -1.5832 8.6295
60 20 Car -1 -1 1.9762 234 185 347 252 1.5772 -1.5528 -3.572 -1.9431 8.3632 19.0726 1.5629 13.3493
60 9 Car -1 -1 1.7996 391 188 450 221 1.5956 -1.4565 -3.7671 -2.1269 8.4643 32.4736 1.5446 6.5432
61 20 Car -1 -1 1.9879 197 183 328 257 1.595 -1.5308 -3.7835 -1.8276 8.3067 17.5189 1.5452 13.0772
61 9 Car -1 -1 1.8609 383 186 445 221 1.6371 -1.4687 -4.0213 -2.0038 8.488 30.9608 1.5933 6.9608
61 0 Car -1 -1 -1.5667 578 181 614 218 1.7167 -1.5622 -4.3293 -2.0255 0.7872 35.0213 -1.5892 7.0604
62 9 Car -1 -1 1.8409 372 185 440 223 1.6032 -1.4488 -3.7603 -1.9009 8.2796 29.5669 1.5679 9.2131
62 20 Car -1 -1 2.013 155 182 303 264 1.6076 -1.625 -3.7161 -1.8498 8.2349 15.9287 1.5359 14.1627
62 0 Car -1 -1 -1.5845 579 180 615 216 1.6654 -1.5442 -4.2198 -1.9754 0.7046 35.4911 -1.6044 6.4313
63 20 Car -1 -1 2.0642 95 182 277 279 1.6272 -1.6295 -3.7534 -1.8712 8.2035 14.3247 1.5441 13.2864
63 9 Car -1 -1 1.8233 363 184 434 223 1.5921 -1.4532 -3.7691 -1.9169 8.2369 28.143 1.5386 5.164
63 0 Car -1 -1 -1.584 581 178 616 214 1.709 -1.6905 -4.3317 -1.908 0.7577 35.873 -1.6051 7.167
64 20 Car -1 -1 2.1189 24 184 241 294 1.5827 -1.5916 -3.6976 -1.8181 8.1311 12.7409 1.5509 13.0648
64 9 Car -1 -1 1.8797 350 185 429 227 1.6351 -1.4893 -4.0652 -1.9207 8.1641 26.7566 1.5835 7.1532
64 0 Car -1 -1 -1.5616 583 179 618 215 1.7089 -1.6425 -4.4944 -1.9274 0.6298 36.2389 -1.5789 6.7094
65 0 Car -1 -1 -1.5747 585 180 619 215 1.6726 -1.5683 -4.2011 -2.0395 0.4062 36.4947 -1.5859 7.7209
65 20 Car -1 -1 2.2026 1 189 202 312 1.5767 -1.5649 -3.6428 -1.8977 8.0975 11.2252 1.5776 11.0239
65 9 Car -1 -1 1.8611 336 189 421 233 1.7218 -1.4455 -4.4712 -1.9279 8.051 25.3422 1.5535 8.6161
66 0 Car -1 -1 -1.594 586 181 621 216 1.686 -1.5707 -4.3817 -2.0878 0.4046 36.9961 -1.605 6.4746
66 9 Car -1 -1 1.9021 319 191 411 238 1.6322 -1.4413 -4.1623 -2.0024 7.9711 23.8557 1.5797 10.2279
66 20 Car -1 -1 2.246 4 193 148 325 1.6142 -1.679 -3.6794 -1.9115 8.06 9.6001 1.5476 9.6243
67 9 Car -1 -1 1.9047 300 189 399 240 1.6619 -1.4687 -4.3986 -1.9644 7.9419 22.3656 1.5635 10.9438
67 0 Car -1 -1 -1.5675 588 179 622 213 1.7261 -1.6661 -4.3748 -1.994 0.367 37.4799 -1.5773 9.6942
67 20 Car -1 -1 2.3546 1 198 72 333 1.5921 -1.616 -3.8574 -1.8371 8.0698 7.8973 1.5584 6.2586
68 9 Car -1 -1 1.9416 274 186 388 242 1.6493 -1.4351 -4.2038 -1.8305 7.9429 20.8587 1.5777 9.6446
68 0 Car -1 -1 -1.5732 589 174 622 208 1.6532 -1.5127 -4.0037 -1.7543 0.2664 37.7095 -1.5803 6.8263
69 9 Car -1 -1 1.9656 244 184 372 245 1.6548 -1.4469 -4.2859 -1.7838 7.867 19.2089 1.5769 10.9273
69 0 Car -1 -1 -1.5857 590 171 623 205 1.6848 -1.6046 -4.2557 -1.5324 0.3008 38.2673 -1.5936 8.4829
70 0 Car -1 -1 -1.574 591 172 624 205 1.6722 -1.6325 -4.1119 -1.63 0.2673 38.5925 -1.581 6.5096
70 9 Car -1 -1 2.0069 208 187 353 254 1.6113 -1.457 -4.0548 -1.7923 7.8233 17.591 1.5885 12.203
71 9 Car -1 -1 2.035 162 194 330 268 1.6464 -1.4578 -4.2618 -1.8716 7.8567 15.9398 1.5771 11.0632
71 0 Car -1 -1 -1.5837 591 178 624 210 1.6628 -1.6341 -4.0194 -1.9055 0.2554 38.94 -1.5903 5.455
72 0 Car -1 -1 -1.5638 591 181 623 213 1.666 -1.6656 -4.1136 -2.154 0.1673 39.3397 -1.568 5.1838
72 9 Car -1 -1 2.0712 98 200 307 286 1.6873 -1.5079 -4.4605 -1.971 7.8385 14.3081 1.57 11.164
73 0 Car -1 -1 -1.5495 591 181 623 213 1.6899 -1.5982 -4.2627 -2.1761 0.2166 39.7671 -1.5549 7.0349
73 9 Car -1 -1 2.1469 17 200 269 304 1.6552 -1.4659 -4.3933 -1.9277 7.8812 12.7685 1.5939 11.619
74 0 Car -1 -1 -1.6006 590 180 622 212 1.6991 -1.6321 -4.199 -2.0526 0.3131 40.1731 -1.6084 7.2943
74 9 Car -1 -1 2.2156 1 205 230 321 1.6603 -1.4367 -4.368 -1.9215 7.9038 11.0469 1.5946 10.021
74 21 Car -1 -1 -0.9503 854 174 1019 246 1.6091 -1.514 -3.8159 -1.5511 -7.6512 16.9379 -0.526 4.4803
75 0 Car -1 -1 -10 589 179 621 210 1.6991 -1.6321 -4.199 -2.0526 0.3131 40.1731 -10 0
75 9 Car -1 -1 2.2794 7 203 168 327 1.6157 -1.4352 -4.2015 -1.8658 7.9313 9.4345 1.5804 7.9145
76 0 Car -1 -1 -10 588 179 619 210 1.6991 -1.6321 -4.199 -2.0526 0.3131 40.1731 -10 0
76 9 Car -1 -1 -10 3 200 80 333 1.6157 -1.4352 -4.2015 -1.8658 7.9313 9.4345 -10 0
77 0 Car -1 -1 -1.6154 587 180 618 210 1.6327 -1.5346 -3.9028 -2.0622 0.6859 41.133 -1.6321 4.8697
78 0 Car -1 -1 -10 586 179 617 210 1.6327 -1.5346 -3.9028 -2.0622 0.6859 41.133 -10 0
79 0 Car -1 -1 -10 585 179 616 209 1.6327 -1.5346 -3.9028 -2.0622 0.6859 41.133 -10 0
80 0 Car -1 -1 -1.531 583 179 614 209 1.6684 -1.5957 -4.1362 -1.9751 0.7481 42.3069 -1.5487 5.6159
81 0 Car -1 -1 -10 582 176 612 206 1.6684 -1.5957 -4.1362 -1.9751 0.7481 42.3069 -10 0
82 0 Car -1 -1 -1.552 581 172 611 201 1.6633 -1.6166 -3.8954 -1.5643 1.0269 42.9216 -1.5759 6.3772
83 0 Car -1 -1 -1.5506 579 169 609 199 1.703 -1.6393 -4.3383 -1.3781 1.0495 43.5111 -1.5747 7.6585
84 0 Car -1 -1 -1.5793 578 169 607 198 1.6389 -1.5613 -3.8884 -1.3687 1.2786 43.7243 -1.6085 4.6689
85 0 Car -1 -1 -1.5731 577 171 606 199 1.6559 -1.532 -4.0653 -1.4982 1.1494 44.073 -1.5992 6.2461
86 0 Car -1 -1 -1.551 576 172 605 201 1.6687 -1.6197 -4.0132 -1.6209 1.3065 44.4401 -1.5804 6.835
87 0 Car -1 -1 -1.6171 576 175 605 203 1.6262 -1.5516 -3.8051 -1.7207 1.3524 44.5918 -1.6475 4.1891
88 0 Car -1 -1 -1.5909 576 177 604 205 1.6547 -1.6178 -3.8594 -1.8788 1.2898 44.9088 -1.6196 5.1293
89 0 Car -1 -1 -10 576 179 604 207 1.6547 -1.6178 -3.8594 -1.8788 1.2898 44.9088 -10 0
90 0 Car -1 -1 -10 576 179 604 207 1.6547 -1.6178 -3.8594 -1.8788 1.2898 44.9088 -10 0
91 0 Car -1 -1 -10 576 179 604 207 1.6547 -1.6178 -3.8594 -1.8788 1.2898 44.9088 -10 0
92 0 Car -1 -1 -10 576 179 604 207 1.6547 -1.6178 -3.8594 -1.8788 1.2898 44.9088 -10 0
93 0 Car -1 -1 -1.5691 576 181 604 208 1.6501 -1.5863 -3.9215 -2.1794 1.3234 46.2327 -1.5977 4.1358
94 0 Car -1 -1 -10 577 183 605 210 1.6501 -1.5863 -3.9215 -2.1794 1.3234 46.2327 -10 0
95 0 Car -1 -1 -10 577 183 605 210 1.6501 -1.5863 -3.9215 -2.1794 1.3234 46.2327 -10 0
96 0 Car -1 -1 -10 578 182 605 209 1.6501 -1.5863 -3.9215 -2.1794 1.3234 46.2327 -10 0
96 22 Car -1 -1 -1.3214 382 189 448 233 1.5575 -1.438 -3.5465 -2.1145 7.213 26.9375 -1.583 4.9288
97 0 Car -1 -1 -1.5686 578 181 606 208 1.6524 -1.5113 -4.1792 -2.1401 1.2822 47.2538 -1.5957 6.3191
98 0 Car -1 -1 -10 579 180 606 207 1.6524 -1.5113 -4.1792 -2.1401 1.2822 47.2538 -10 0
99 0 Car -1 -1 -10 580 180 607 207 1.6524 -1.5113 -4.1792 -2.1401 1.2822 47.2538 -10 0
100 0 Car -1 -1 -10 581 179 608 205 1.6524 -1.5113 -4.1792 -2.1401 1.2822 47.2538 -10 0
101 0 Car -1 -1 -1.5712 581 178 609 204 1.6723 -1.5825 -4.0374 -1.9557 0.9933 47.8388 -1.592 6.0782
102 0 Car -1 -1 -10 582 177 609 204 1.6723 -1.5825 -4.0374 -1.9557 0.9933 47.8388 -10 0
103 0 Car -1 -1 -10 583 177 610 203 1.6723 -1.5825 -4.0374 -1.9557 0.9933 47.8388 -10 0
104 0 Car -1 -1 -10 584 177 611 203 1.6723 -1.5825 -4.0374 -1.9557 0.9933 47.8388 -10 0
104 22 Car -1 -1 1.8141 376 182 447 229 1.6072 -1.5128 -3.7631 -1.9025 7.0811 26.0267 1.5484 4.0977
105 0 Car -1 -1 -10 585 176 611 202 1.6723 -1.5825 -4.0374 -1.9557 0.9933 47.8388 -10 0
106 0 Car -1 -1 -10 586 175 612 201 1.6723 -1.5825 -4.0374 -1.9557 0.9933 47.8388 -10 0
107 0 Car -1 -1 -1.5837 586 174 612 200 1.6205 -1.5546 -3.7106 -1.808 0.8444 48.0379 -1.6013 4.3261
108 0 Car -1 -1 -1.6718 587 173 613 199 1.6183 -1.5068 -3.8058 -1.552 0.8719 48.3138 -1.6898 4.6442
109 0 Car -1 -1 -10 587 172 613 198 1.6183 -1.5068 -3.8058 -1.552 0.8719 48.3138 -10 0
110 0 Car -1 -1 -10 587 172 613 198 1.6183 -1.5068 -3.8058 -1.552 0.8719 48.3138 -10 0
111 0 Car -1 -1 -1.4861 587 173 613 199 1.6248 -1.5779 -3.7423 -1.5389 0.4666 48.4239 -1.4957 4.1607
112 0 Car -1 -1 -1.5694 587 174 613 200 1.6037 -1.5653 -3.6816 -1.7832 0.7987 48.1295 -1.586 4.1256
113 0 Car -1 -1 -10 587 175 613 201 1.6037 -1.5653 -3.6816 -1.7832 0.7987 48.1295 -10 0
114 0 Car -1 -1 -1.5707 587 176 613 202 1.6533 -1.5759 -4.0166 -1.7349 0.7708 48.6566 -1.5865 5.3462
114 23 Car -1 -1 -10 478 179 504 200 -1 -1 -1 -1000 -1000 -1000 -10 0
115 0 Car -1 -1 -1.5623 586 178 612 204 1.7023 -1.7458 -4.1038 -2.0851 0.8315 48.7447 -1.5794 5.6918
115 23 Car -1 -1 1.9102 473 182 500 203 1.573 -1.4788 -3.7309 -2.1048 9.8901 57.845 1.7409 5.4682
116 0 Car -1 -1 -10 586 180 612 206 1.7023 -1.7458 -4.1038 -2.0851 0.8315 48.7447 -10 0
116 23 Car -1 -1 -10 467 183 496 206 1.573 -1.4788 -3.7309 -2.1048 9.8901 57.845 -10 0
117 0 Car -1 -1 -10 586 179 612 205 1.7023 -1.7458 -4.1038 -2.0851 0.8315 48.7447 -10 0
117 23 Car -1 -1 -10 460 182 491 207 1.573 -1.4788 -3.7309 -2.1048 9.8901 57.845 -10 0
118 0 Car -1 -1 -1.5841 585 178 611 204 1.6444 -1.5687 -3.8225 -2.0116 0.9803 48.4152 -1.6043 5.4919
118 23 Car -1 -1 -10 452 181 486 207 1.573 -1.4788 -3.7309 -2.1048 9.8901 57.845 -10 0
118 24 Car -1 -1 1.7805 426 181 459 202 1.6926 -1.5357 -4.3124 -2.2844 13.2954 57.446 1.553 4.1977
119 23 Car -1 -1 -10 442 181 481 208 1.573 -1.4788 -3.7309 -2.1048 9.8901 57.845 -10 0
119 0 Car -1 -1 -10 585 178 612 204 1.6444 -1.5687 -3.8225 -2.0116 0.9803 48.4152 -10 0
120 23 Car -1 -1 1.7793 432 182 474 211 1.6414 -1.5603 -3.9884 -2.1777 9.438 43.4729 1.5655 5.808
120 0 Car -1 -1 -10 586 179 612 205 1.6444 -1.5687 -3.8225 -2.0116 0.9803 48.4152 -10 0
120 24 Car -1 -1 1.7903 410 181 447 204 1.6764 -1.5502 -4.1496 -2.2102 12.9976 51.927 1.5451 4.6178
121 23 Car -1 -1 -10 422 182 467 214 1.6414 -1.5603 -3.9884 -2.1777 9.438 43.4729 -10 0
121 0 Car -1 -1 -10 586 179 612 205 1.6444 -1.5687 -3.8225 -2.0116 0.9803 48.4152 -10 0
122 23 Car -1 -1 1.8781 408 181 457 215 1.628 -1.6073 -4.0453 -2.126 9.0977 37.6099 1.6407 4.382
122 0 Car -1 -1 -1.5594 586 178 613 204 1.6516 -1.6291 -3.8199 -2.0322 0.7735 48.7188 -1.5753 4.4643
123 23 Car -1 -1 1.8065 391 178 447 216 1.6265 -1.5432 -3.9212 -1.9551 9.0979 34.5086 1.5487 7.7011
123 0 Car -1 -1 -1.5768 587 176 613 202 1.6603 -1.6557 -4.1138 -1.7992 0.9206 48.8501 -1.5956 4.1345
124 23 Car -1 -1 1.8319 371 177 434 218 1.7071 -1.5872 -4.3483 -1.8543 9.0353 31.8425 1.5555 9.3711
124 0 Car -1 -1 -1.5971 587 174 613 200 1.5905 -1.4951 -3.6074 -1.7233 0.8868 48.3159 -1.6155 4.1922
125 23 Car -1 -1 1.8601 347 178 420 225 1.7248 -1.5601 -4.609 -1.9312 8.9284 28.8204 1.5597 9.3006
125 0 Car -1 -1 -10 587 175 614 201 1.5905 -1.4951 -3.6074 -1.7233 0.8868 48.3159 -10 0
126 0 Car -1 -1 -1.5634 588 176 614 202 1.6576 -1.6178 -4.1397 -1.7622 0.7656 48.791 -1.5791 4.3305
126 23 Car -1 -1 1.8782 319 178 399 233 1.7036 -1.6105 -4.4098 -1.9649 8.8751 25.8649 1.5476 11.6762
126 25 Car -1 -1 1.8892 341 157 401 188 1.6955 -1.5191 -4.35 -0.7499 12.4108 37.681 1.571 6.1323
127 23 Car -1 -1 1.9252 277 180 377 240 1.7063 -1.5671 -4.4125 -1.9022 8.7867 22.7586 1.5567 11.6508
127 0 Car -1 -1 -1.5152 588 175 615 201 1.6435 -1.599 -3.9819 -1.7567 0.6084 48.684 -1.5277 4.6069
127 26 Car -1 -1 2.2018 0 191 237 336 1.6344 -1.4603 -3.9613 -1.7725 6.9818 9.8258 1.584 4.1852
128 23 Car -1 -1 1.9739 222 181 348 250 1.6937 -1.6317 -4.2994 -1.9495 8.7362 19.7524 1.5575 12.3765
128 0 Car -1 -1 -1.6636 589 175 616 201 1.6145 -1.5398 -3.8197 -1.783 0.8329 48.4563 -1.6808 4.4562
129 23 Car -1 -1 2.0224 141 181 309 266 1.6998 -1.6719 -4.1795 -1.8447 8.6734 16.6975 1.5434 12.7147
129 0 Car -1 -1 -1.5616 589 175 616 201 1.6549 -1.6027 -3.9333 -1.7752 0.5447 48.7011 -1.5728 5.2031
129 25 Car -1 -1 1.9466 252 169 344 229 1.8211 -2.1333 -4.4038 -2.0252 12.0694 28.1733 1.5419 6.2384
129 27 Car -1 -1 1.8165 451 172 492 198 1.7081 -1.6798 -4.5054 -1.6871 9.4624 49.5741 1.6279 4.0012
130 23 Car -1 -1 2.0966 18 181 249 289 1.7054 -1.6265 -4.397 -1.8639 8.6128 13.788 1.5382 12.8552
130 0 Car -1 -1 -1.5813 590 174 616 200 1.6226 -1.5429 -3.6988 -1.7898 0.6031 48.4072 -1.5937 5.4085
130 25 Car -1 -1 1.9842 210 172 322 237 1.8477 -2.0934 -4.6956 -2.0671 11.9943 25.4753 1.5441 9.0467
130 27 Car -1 -1 1.8139 446 172 489 202 1.7317 -1.8246 -4.4934 -1.802 9.1797 46.7799 1.6201 4.4528
131 0 Car -1 -1 -10 590 174 617 200 1.6226 -1.5429 -3.6988 -1.7898 0.6031 48.4072 -10 0
131 23 Car -1 -1 2.2109 3 182 166 318 1.6712 -1.6573 -4.0668 -1.8506 8.5511 10.7902 1.5408 11.0105
131 25 Car -1 -1 2.0231 156 171 292 245 1.8425 -2.0502 -4.7611 -2.0245 11.9186 22.6359 1.5384 9.0383
132 0 Car -1 -1 -10 591 173 618 200 1.6226 -1.5429 -3.6988 -1.7898 0.6031 48.4072 -10 0
132 25 Car -1 -1 2.0905 85 169 259 258 1.8727 -2.1688 -4.9595 -2.0796 11.865 19.9937 1.5549 10.1759
132 23 Car -1 -1 2.4143 0 188 53 374 1.6732 -1.6152 -4.4739 -1.836 8.6002 7.751 1.577 5.1701
132 27 Car -1 -1 1.7736 423 170 471 206 1.7805 -1.9363 -4.5861 -1.8016 9.2451 41.2999 1.5533 4.5605
133 0 Car -1 -1 -10 591 173 618 199 1.6226 -1.5429 -3.6988 -1.7898 0.6031 48.4072 -10 0
133 25 Car -1 -1 2.1487 0 170 209 270 1.8458 -2.0648 -4.7708 -2.0167 11.8314 17.2355 1.5471 8.7495
134 0 Car -1 -1 -1.5953 592 173 618 200 1.6443 -1.5975 -3.8339 -1.7038 0.5792 48.4282 -1.6072 5.29
134 25 Car -1 -1 2.2398 0 166 135 288 1.7673 -2.1011 -4.0441 -1.9932 11.7798 14.4946 1.5574 7.1724
135 0 Car -1 -1 -10 592 176 618 203 1.6443 -1.5975 -3.8339 -1.7038 0.5792 48.4282 -10 0
135 27 Car -1 -1 1.8269 374 169 449 219 1.9505 -2.1057 -5.6734 -1.9531 8.993 33.1581 1.562 6.9453
135 25 Car -1 -1 2.3886 0 166 53 326 1.7497 -2.1032 -4.5333 -2.0177 11.798 11.7735 1.6022 4.2241
136 0 Car -1 -1 -10 592 179 619 205 1.6443 -1.5975 -3.8339 -1.7038 0.5792 48.4282 -10 0
136 28 Car -1 -1 -10 476 184 501 203 -1 -1 -1 -1000 -1000 -1000 -10 0
137 0 Car -1 -1 -1.536 592 180 619 206 1.6705 -1.6258 -4.097 -2.0896 0.4564 48.4294 -1.5455 4.2671
137 28 Car -1 -1 -10 471 186 498 205 -1 -1 -1 -1000 -1000 -1000 -10 0
137 27 Car -1 -1 1.8734 321 166 421 234 2.0039 -2.3011 -5.639 -2.0954 8.9134 27.4417 1.5593 9.2042
138 0 Car -1 -1 -10 592 180 619 207 1.6705 -1.6258 -4.097 -2.0896 0.4564 48.4294 -10 0
138 28 Car -1 -1 -10 466 185 495 206 -1 -1 -1 -1000 -1000 -1000 -10 0
138 27 Car -1 -1 1.9102 283 166 406 244 2.0307 -2.3534 -5.9888 -2.1539 8.8474 24.6626 1.5658 8.2913
139 0 Car -1 -1 -10 592 180 619 207 1.6705 -1.6258 -4.097 -2.0896 0.4564 48.4294 -10 0
139 28 Car -1 -1 -10 460 186 490 207 -1 -1 -1 -1000 -1000 -1000 -10 0
139 27 Car -1 -1 1.9271 239 163 380 253 2.0328 -2.3466 -5.6742 -2.1019 8.8078 21.7622 1.5425 10.6582
140 0 Car -1 -1 -10 592 179 618 206 1.6705 -1.6258 -4.097 -2.0896 0.4564 48.4294 -10 0
140 28 Car -1 -1 1.7399 451 185 485 207 1.6738 -1.4096 -3.9645 -2.2987 9.6752 49.0093 1.545 5.0339
140 27 Car -1 -1 1.9813 171 156 350 262 2.0122 -2.3292 -5.7749 -1.9683 8.7564 18.7545 1.5445 9.2687
141 0 Car -1 -1 -10 591 179 618 206 1.6705 -1.6258 -4.097 -2.0896 0.4564 48.4294 -10 0
141 28 Car -1 -1 1.7709 442 185 478 209 1.6412 -1.4624 -4.0535 -2.2342 9.7043 46.5543 1.5654 5.8804
141 27 Car -1 -1 2.0382 74 147 315 282 2.0543 -2.4073 -5.9758 -1.9608 8.6976 15.9234 1.5383 11.617
142 28 Car -1 -1 -10 431 185 472 211 1.6412 -1.4624 -4.0535 -2.2342 9.7043 46.5543 -10 0
142 0 Car -1 -1 -10 591 180 617 206 1.6705 -1.6258 -4.097 -2.0896 0.4564 48.4294 -10 0
142 27 Car -1 -1 2.1429 0 140 253 311 2.0295 -2.3796 -5.6529 -1.9293 8.7589 12.8558 1.5448 10.3123
143 28 Car -1 -1 1.8099 419 184 465 211 1.6832 -1.5245 -4.081 -2.1723 9.484 40.832 1.5817 4.6175
143 0 Car -1 -1 -1.5138 590 178 617 204 1.676 -1.6658 -3.9701 -1.9806 0.5143 48.1298 -1.5245 5.6928
144 28 Car -1 -1 1.7712 407 182 454 211 1.6364 -1.5137 -4.0821 -1.9935 9.5188 38.1748 1.5268 8.8664
144 0 Car -1 -1 -10 590 175 617 201 1.676 -1.6658 -3.9701 -1.9806 0.5143 48.1298 -10 0
145 28 Car -1 -1 1.8009 391 180 444 212 1.6273 -1.4702 -4.0221 -1.8152 9.3963 35.2148 1.5401 10.1361
145 0 Car -1 -1 -10 590 173 617 199 1.676 -1.6658 -3.9701 -1.9806 0.5143 48.1298 -10 0
146 28 Car -1 -1 1.8004 373 182 431 216 1.6562 -1.4409 -4.2557 -1.8388 9.3543 32.4804 1.52 9.6081
146 0 Car -1 -1 -1.5415 589 173 616 199 1.6253 -1.5334 -3.854 -1.5672 0.6234 47.7422 -1.5546 5.4188
147 28 Car -1 -1 1.8284 348 183 417 222 1.6267 -1.4627 -4.1569 -1.8621 9.2781 29.5281 1.524 10.1006
147 0 Car -1 -1 -10 589 173 616 200 1.6253 -1.5334 -3.854 -1.5672 0.6234 47.7422 -10 0
148 28 Car -1 -1 1.8659 318 185 399 229 1.6951 -1.4529 -4.6534 -1.9043 9.2292 27.0008 1.5365 9.8097
148 0 Car -1 -1 -10 589 174 615 200 1.6253 -1.5334 -3.854 -1.5672 0.6234 47.7422 -10 0
148 29 Car -1 -1 1.7751 443 178 482 202 1.6741 -1.4717 -4.1121 -1.8754 9.6415 47.4081 1.5745 5.6954
149 28 Car -1 -1 1.895 285 189 376 239 1.6755 -1.4744 -4.4802 -1.9977 9.1624 24.001 1.5303 11.7584
149 0 Car -1 -1 -10 589 175 616 202 1.6253 -1.5334 -3.854 -1.5672 0.6234 47.7422 -10 0
149 29 Car -1 -1 1.7653 436 182 476 206 1.6233 -1.4823 -4.072 -2.029 9.6278 44.6582 1.5529 6.0718
149 30 Car -1 -1 1.758 415 176 467 216 1.5914 -1.616 -3.5698 -1.7964 7.3441 31.583 1.5295 4.2725
150 28 Car -1 -1 1.9458 236 193 349 250 1.686 -1.4189 -4.6293 -2.0479 9.113 21.1501 1.539 14.4895
150 29 Car -1 -1 1.7714 428 184 468 210 1.6462 -1.5338 -4.1848 -2.1996 9.2849 41.8938 1.5533 5.7501
150 0 Car -1 -1 -10 589 177 616 203 1.6253 -1.5334 -3.854 -1.5672 0.6234 47.7422 -10 0
151 28 Car -1 -1 2.0034 173 196 316 262 1.6233 -1.4686 -4.2398 -2.0459 9.0405 18.2441 1.5433 12.9745
151 29 Car -1 -1 1.7881 416 183 459 212 1.6378 -1.4634 -4.0676 -2.0827 9.3442 39.1116 1.5536 7.5111
151 0 Car -1 -1 -1.573 589 176 616 202 1.6426 -1.5718 -3.8651 -1.7279 0.5997 47.5245 -1.5856 4.9003
152 28 Car -1 -1 2.062 79 193 270 275 1.6569 -1.4361 -4.3795 -1.8959 9.01 15.4445 1.5339 13.1692
152 29 Car -1 -1 1.8012 401 180 449 211 1.6437 -1.497 -4.2014 -1.9153 9.3219 36.4802 1.5511 7.8495
152 0 Car -1 -1 -10 588 171 615 198 1.6426 -1.5718 -3.8651 -1.7279 0.5997 47.5245 -10 0
152 31 Car -1 -1 -10 466 175 490 195 -1 -1 -1 -1000 -1000 -1000 -10 0
153 28 Car -1 -1 2.1537 1 195 204 297 1.6276 -1.4675 -4.2356 -1.8663 8.9546 12.6343 1.5371 13.6034
153 29 Car -1 -1 1.7855 383 179 438 213 1.6473 -1.4858 -4.2608 -1.7285 9.2588 33.8513 1.5185 8.9343
153 0 Car -1 -1 -10 587 169 615 196 1.6426 -1.5718 -3.8651 -1.7279 0.5997 47.5245 -10 0
153 31 Car -1 -1 -10 460 173 487 195 -1 -1 -1 -1000 -1000 -1000 -10 0
154 29 Car -1 -1 1.8199 363 181 426 217 1.6109 -1.4289 -4.0085 -1.7626 9.1803 30.9817 1.5318 10.6386
154 0 Car -1 -1 -10 587 170 615 197 1.6426 -1.5718 -3.8651 -1.7279 0.5997 47.5245 -10 0
154 31 Car -1 -1 -10 454 174 483 197 -1 -1 -1 -1000 -1000 -1000 -10 0
154 28 Car -1 -1 2.2678 2 195 113 311 1.6081 -1.4587 -4.1511 -1.8451 8.901 10.0047 1.5408 7.9431
155 29 Car -1 -1 1.8618 340 183 410 224 1.598 -1.4358 -4.0528 -1.8618 9.1219 28.2315 1.5493 12.6528
155 0 Car -1 -1 -1.5425 587 172 615 199 1.6646 -1.6361 -4.0538 -1.5768 0.7012 47.3527 -1.5573 4.8621
155 31 Car -1 -1 -10 448 177 479 201 -1 -1 -1 -1000 -1000 -1000 -10 0
155 32 Car -1 -1 -1.4045 551 174 575 190 1.6219 -1.4959 -3.8641 -1.6139 4.3371 67.1228 -1.469 4.1928
156 29 Car -1 -1 1.8804 312 186 391 232 1.6045 -1.4176 -4.1482 -1.9306 9.0669 25.5878 1.5398 12.1875
156 0 Car -1 -1 -1.5838 587 172 615 199 1.6689 -1.6102 -4.0213 -1.5647 0.7137 47.1934 -1.599 6.145
156 31 Car -1 -1 1.7699 441 177 475 204 1.6834 -1.6378 -4.1211 -2.003 10.2456 49.0696 1.5641 5.6726
157 29 Car -1 -1 1.9336 275 190 369 242 1.6019 -1.4632 -4.0176 -1.9934 8.9837 22.7879 1.5581 13.3644
157 31 Car -1 -1 1.821 435 180 469 207 1.6236 -1.507 -3.8545 -2.2006 9.9713 46.3415 1.6091 4.2508
157 0 Car -1 -1 -10 588 174 616 201 1.6689 -1.6102 -4.0213 -1.5647 0.7137 47.1934 -10 0
157 32 Car -1 -1 -10 552 176 572 195 1.6219 -1.4959 -3.8641 -1.6139 4.3371 67.1228 -10 0
158 29 Car -1 -1 1.9522 224 195 343 257 1.6524 -1.4298 -4.4346 -2.0483 8.9134 20.1192 1.5351 13.9609
158 31 Car -1 -1 1.7062 425 183 465 212 1.6992 -1.7727 -4.1564 -2.2908 9.9577 43.6876 1.4821 6.214
158 0 Car -1 -1 -10 589 177 617 204 1.6689 -1.6102 -4.0213 -1.5647 0.7137 47.1934 -10 0
158 32 Car -1 -1 -10 552 179 573 198 1.6219 -1.4959 -3.8641 -1.6139 4.3371 67.1228 -10 0
159 29 Car -1 -1 2.0217 154 195 307 269 1.6173 -1.4876 -3.9506 -2.0269 8.8731 17.4414 1.5511 14.4564
159 31 Car -1 -1 1.7863 415 183 459 213 1.6232 -1.585 -3.8052 -2.1942 9.668 41.2091 1.5559 6.1384
159 0 Car -1 -1 -10 589 177 617 203 1.6689 -1.6102 -4.0213 -1.5647 0.7137 47.1934 -10 0
159 32 Car -1 -1 -10 552 179 573 198 1.6219 -1.4959 -3.8641 -1.6139 4.3371 67.1228 -10 0
159 28 Car -1 -1 2.3623 0 198 121 374 1.6706 -1.482 -4.1717 -1.8048 7.1115 7.087 1.5751 4.2835
160 31 Car -1 -1 1.774 405 182 452 214 1.6853 -1.6114 -4.2252 -2.0996 9.7491 38.7303 1.5274 6.5151
160 29 Car -1 -1 2.0682 61 197 258 286 1.6475 -1.4726 -4.266 -2.0191 8.7984 14.7056 1.529 13.2281
160 0 Car -1 -1 -10 589 176 618 202 1.6689 -1.6102 -4.0213 -1.5647 0.7137 47.1934 -10 0
160 32 Car -1 -1 -10 551 178 573 199 1.6219 -1.4959 -3.8641 -1.6139 4.3371 67.1228 -10 0
160 33 Car -1 -1 1.7485 468 177 496 195 1.6449 -1.5133 -4.2582 -1.8908 11.0354 62.4726 1.5737 4.8301
161 29 Car -1 -1 2.1628 1 197 196 312 1.6539 -1.5125 -4.2265 -1.9253 8.7871 12.0804 1.5339 12.753
161 31 Car -1 -1 1.7897 391 180 443 214 1.6829 -1.6312 -4.159 -2.0026 9.6013 35.9857 1.529 7.7634
161 32 Car -1 -1 -10 551 176 573 196 1.6219 -1.4959 -3.8641 -1.6139 4.3371 67.1228 -10 0
161 0 Car -1 -1 -1.5697 589 175 617 201 1.6349 -1.5637 -3.9343 -1.6807 0.6524 47.0095 -1.5836 4.5234
162 31 Car -1 -1 1.8038 375 180 432 217 1.6913 -1.6733 -4.0804 -1.9437 9.496 33.3931 1.5268 9.2791
162 32 Car -1 -1 -10 550 175 573 197 1.6219 -1.4959 -3.8641 -1.6139 4.3371 67.1228 -10 0
162 0 Car -1 -1 -1.5834 590 175 617 202 1.6457 -1.5783 -3.9545 -1.7165 0.5647 47.1295 -1.5954 4.1209
162 29 Car -1 -1 2.2938 2 193 105 319 1.6264 -1.4594 -4.1333 -1.9113 8.7388 9.3769 1.5436 11.1372
163 31 Car -1 -1 1.821 356 182 419 223 1.7148 -1.7774 -4.2577 -2.0012 9.4213 30.8057 1.5242 7.7193
163 0 Car -1 -1 -1.5827 590 177 617 204 1.6431 -1.5788 -4.0148 -1.8067 0.644 47.2605 -1.5963 4.1563
163 32 Car -1 -1 -10 550 178 574 200 1.6219 -1.4959 -3.8641 -1.6139 4.3371 67.1228 -10 0
164 31 Car -1 -1 1.8598 333 182 404 228 1.5886 -1.5984 -3.6253 -1.9797 9.3072 28.0508 1.5394 9.5045
164 0 Car -1 -1 -1.5937 590 178 617 204 1.6421 -1.6053 -3.8285 -1.9341 0.6228 47.0803 -1.607 5.1062
164 32 Car -1 -1 -10 549 179 573 201 1.6219 -1.4959 -3.8641 -1.6139 4.3371 67.1228 -10 0
165 0 Car -1 -1 -10 590 177 617 204 1.6421 -1.6053 -3.8285 -1.9341 0.6228 47.0803 -10 0
165 32 Car -1 -1 -10 548 178 573 201 1.6219 -1.4959 -3.8641 -1.6139 4.3371 67.1228 -10 0
165 31 Car -1 -1 1.893 305 183 387 233 1.6637 -1.6629 -4.0425 -1.9665 9.258 25.4518 1.5441 11.0921
166 31 Car -1 -1 1.9301 268 183 364 240 1.6894 -1.6996 -4.1299 -1.9194 9.2195 22.9191 1.5476 10.9711
166 0 Car -1 -1 -10 589 178 617 204 1.6421 -1.6053 -3.8285 -1.9341 0.6228 47.0803 -10 0
166 32 Car -1 -1 -10 547 178 573 201 1.6219 -1.4959 -3.8641 -1.6139 4.3371 67.1228 -10 0
167 31 Car -1 -1 1.9799 219 184 336 249 1.6623 -1.6423 -4.0124 -1.8957 9.153 20.251 1.5554 13.2788
167 32 Car -1 -1 -10 546 178 572 202 1.6219 -1.4959 -3.8641 -1.6139 4.3371 67.1228 -10 0
167 0 Car -1 -1 -1.5949 589 177 616 204 1.6342 -1.5309 -3.8862 -1.9023 0.6186 47.0367 -1.6081 4.7003
168 31 Car -1 -1 2.0246 155 180 301 261 1.6448 -1.6611 -3.9639 -1.8451 9.097 17.6852 1.5495 12.6009
168 32 Car -1 -1 -1.4845 545 175 571 200 1.6145 -1.4398 -3.8579 -1.9028 3.5539 48.9943 -1.5569 4.6165
168 0 Car -1 -1 -1.5459 588 175 616 201 1.6986 -1.6845 -4.293 -1.8147 0.5589 47.2074 -1.5577 4.9825
169 31 Car -1 -1 2.0781 64 177 256 273 1.6437 -1.6242 -3.9224 -1.7963 9.045 15.0568 1.5371 13.2674
169 32 Car -1 -1 -1.6128 543 172 570 197 1.6421 -1.5133 -4.0628 -1.5118 3.6897 47.753 -1.69 4.044
169 0 Car -1 -1 -10 588 171 615 198 1.6986 -1.6845 -4.293 -1.8147 0.5589 47.2074 -10 0
169 30 Car -1 -1 1.7806 402 166 455 204 1.8822 -2.0342 -5.2687 -1.714 10.2637 41.1856 1.5364 4.4869
170 31 Car -1 -1 2.1684 2 179 193 296 1.6424 -1.679 -3.9002 -1.7881 9.0261 12.4502 1.5412 12.6585
170 0 Car -1 -1 -10 587 170 615 197 1.6986 -1.6845 -4.293 -1.8147 0.5589 47.2074 -10 0
170 32 Car -1 -1 -1.4216 542 172 570 197 1.5899 -1.4739 -3.6229 -1.6008 3.4137 46.2027 -1.4954 6.6648
170 33 Car -1 -1 -10 476 176 499 192 1.6449 -1.5133 -4.2582 -1.8908 11.0354 62.4726 -10 0
171 0 Car -1 -1 -10 586 172 613 198 1.6986 -1.6845 -4.293 -1.8147 0.5589 47.2074 -10 0
171 32 Car -1 -1 -10 540 173 569 200 1.5899 -1.4739 -3.6229 -1.6008 3.4137 46.2027 -10 0
171 31 Car -1 -1 2.3048 1 181 104 312 1.6481 -1.6753 -3.9919 -1.8172 9.0063 9.809 1.5621 9.0822
171 33 Car -1 -1 -10 469 177 494 195 1.6449 -1.5133 -4.2582 -1.8908 11.0354 62.4726 -10 0
171 30 Car -1 -1 1.8125 374 167 437 211 1.8713 -2.0589 -5.1063 -1.8126 10.1974 36.2459 1.5383 4.8268
172 32 Car -1 -1 -1.4546 537 176 568 204 1.6884 -1.5871 -4.3325 -1.767 3.4816 43.7306 -1.5341 4.2722
172 0 Car -1 -1 -1.6192 586 174 613 201 1.6121 -1.5295 -3.7021 -1.6971 0.9171 46.685 -1.6388 4.1578
172 33 Car -1 -1 -10 464 180 491 198 1.6449 -1.5133 -4.2582 -1.8908 11.0354 62.4726 -10 0
172 30 Car -1 -1 1.8201 359 173 424 216 1.8098 -1.8591 -4.7049 -1.89 10.1192 33.6902 1.5283 8.0943
173 0 Car -1 -1 -1.6392 585 176 612 203 1.5991 -1.5313 -3.6576 -1.8634 0.9596 46.9033 -1.6596 4.1373
173 32 Car -1 -1 1.6216 535 178 566 207 1.6513 -1.5582 -3.9864 -1.8764 3.5288 41.9359 1.5377 5.1019
173 33 Car -1 -1 -10 458 182 487 203 1.6449 -1.5133 -4.2582 -1.8908 11.0354 62.4726 -10 0
173 30 Car -1 -1 1.8444 338 173 415 222 1.8647 -1.9418 -5.1388 -1.9746 10.0738 31.4351 1.5343 9.2502
174 32 Car -1 -1 -1.5664 533 178 565 208 1.5849 -1.4494 -3.7062 -1.9147 3.5872 40.737 -1.6542 4.3167
174 0 Car -1 -1 -10 584 176 612 202 1.5991 -1.5313 -3.6576 -1.8634 0.9596 46.9033 -10 0
174 33 Car -1 -1 -10 452 182 483 204 1.6449 -1.5133 -4.2582 -1.8908 11.0354 62.4726 -10 0
174 30 Car -1 -1 1.8863 314 174 396 225 1.7613 -1.8745 -4.5312 -1.9285 10.0163 28.6598 1.5501 9.8323
175 32 Car -1 -1 -1.5652 530 176 564 207 1.6964 -1.6474 -4.3228 -1.7647 3.5569 39.6953 -1.6545 7.0027
175 0 Car -1 -1 -1.61 583 174 611 201 1.6195 -1.5437 -3.7645 -1.7326 1.0811 46.972 -1.633 4.2426
175 33 Car -1 -1 -10 444 181 477 203 1.6449 -1.5133 -4.2582 -1.8908 11.0354 62.4726 -10 0
175 30 Car -1 -1 1.8994 286 172 383 230 1.82 -1.9077 -4.872 -1.9058 9.9519 26.4382 1.5393 9.9497
176 32 Car -1 -1 1.5753 527 174 562 207 1.6457 -1.5974 -4.0621 -1.6875 3.5709 38.0252 1.4817 5.6128
176 0 Car -1 -1 -10 583 172 610 200 1.6195 -1.5437 -3.7645 -1.7326 1.0811 46.972 -10 0
176 33 Car -1 -1 -10 436 181 470 203 1.6449 -1.5133 -4.2582 -1.8908 11.0354 62.4726 -10 0
176 30 Car -1 -1 1.9353 252 171 364 235 1.8215 -1.9177 -4.8258 -1.8774 9.9067 24.0286 1.5443 9.5088
177 32 Car -1 -1 -1.5306 524 174 561 209 1.6962 -1.6324 -4.3459 -1.725 3.4391 36.9046 -1.6235 7.6214
177 0 Car -1 -1 -1.564 582 173 609 200 1.6344 -1.5681 -3.8257 -1.6502 1.1428 46.8993 -1.5884 4.9384
177 33 Car -1 -1 1.7874 427 181 463 205 1.5766 -1.4678 -3.8219 -1.9103 10.6682 46.9443 1.564 4.8726
177 30 Car -1 -1 1.968 207 170 336 240 1.7845 -1.8521 -4.6522 -1.7818 9.8628 21.3866 1.5359 10.3887
178 32 Car -1 -1 -1.4624 521 175 559 211 1.6487 -1.4647 -4.0756 -1.7103 3.4269 35.4176 -1.5589 7.522
178 33 Car -1 -1 -10 416 182 456 208 1.5766 -1.4678 -3.8219 -1.9103 10.6682 46.9443 -10 0
178 0 Car -1 -1 -1.5943 581 173 608 200 1.6834 -1.6662 -4.1709 -1.7164 1.2095 47.0692 -1.62 4.7239
178 30 Car -1 -1 2.0123 146 171 308 255 1.8436 -1.9197 -4.8444 -1.8866 9.8289 18.9614 1.534 11.5266
179 32 Car -1 -1 -1.4734 517 177 557 214 1.6755 -1.6342 -4.087 -1.7425 3.4447 33.95 -1.5745 6.693
179 33 Car -1 -1 1.7944 404 184 449 211 1.6646 -1.4516 -4.1164 -2.0452 10.6459 41.9299 1.5458 5.7331
179 0 Car -1 -1 -1.5733 580 174 607 201 1.618 -1.518 -3.8494 -1.7132 1.2144 46.9227 -1.5992 4.354
179 30 Car -1 -1 2.0729 69 170 267 270 1.7899 -1.9561 -4.6569 -1.9045 9.81 16.4784 1.5359 9.4446
180 32 Car -1 -1 -1.4881 513 179 555 218 1.6597 -1.6656 -4.0232 -1.8652 3.4365 32.6524 -1.593 9.0847
180 33 Car -1 -1 1.8051 392 187 439 216 1.6358 -1.4895 -4.0945 -2.1678 10.6742 39.3671 1.5403 7.7486
180 0 Car -1 -1 -1.5588 580 177 607 204 1.6349 -1.5651 -3.9018 -1.7879 1.0733 46.8287 -1.5817 4.7132
180 30 Car -1 -1 2.1254 0 167 217 291 1.8314 -2.0152 -4.5969 -1.9292 9.7591 14.0309 1.5176 12.5262
180 34 Car -1 -1 1.7838 383 180 447 222 1.6205 -1.5169 -3.9005 -1.8248 7.6543 28.5586 1.5219 4.0957
181 33 Car -1 -1 1.8288 376 192 429 223 1.6904 -1.5173 -4.3636 -2.4466 10.5372 37.2437 1.553 8.4963
181 32 Car -1 -1 -1.471 509 184 553 225 1.6779 -1.657 -4.1291 -2.0089 3.4025 31.2379 -1.5795 9.6343
181 0 Car -1 -1 -1.5553 579 181 606 208 1.6163 -1.5181 -3.78 -2.187 1.1517 46.8952 -1.5799 4.2481
181 30 Car -1 -1 2.2318 0 172 146 332 1.8162 -2.0562 -4.4119 -2.0511 9.6853 11.4793 1.5309 8.4315
182 33 Car -1 -1 1.8525 359 193 417 227 1.6488 -1.4767 -4.1565 -2.456 10.5321 34.3714 1.5552 8.4354
182 32 Car -1 -1 -1.4699 505 185 551 228 1.6578 -1.5593 -4.1749 -2.1122 3.287 29.9335 -1.5793 9.8627
182 0 Car -1 -1 -10 579 184 606 210 1.6163 -1.5181 -3.78 -2.187 1.1517 46.8952 -10 0
182 30 Car -1 -1 2.3337 0 176 63 374 1.7159 -1.9337 -4.4511 -1.99 9.5708 9.2872 1.5333 5.8273
183 32 Car -1 -1 -1.4762 500 186 550 231 1.674 -1.6305 -4.1446 -2.1327 3.2958 28.5958 -1.591 9.6298
183 33 Car -1 -1 1.8808 340 194 404 232 1.7054 -1.5235 -4.3756 -2.431 10.4001 31.939 1.566 9.0334
183 0 Car -1 -1 -10 580 184 607 211 1.6163 -1.5181 -3.78 -2.187 1.1517 46.8952 -10 0
183 34 Car -1 -1 1.8266 399 189 435 211 1.6029 -1.4737 -3.8348 -2.6896 13.7098 51.5245 1.5666 5.8743
184 32 Car -1 -1 -1.4767 495 183 549 231 1.6748 -1.5948 -4.1334 -1.9965 3.291 27.1889 -1.5971 9.3466
184 33 Car -1 -1 1.8741 318 191 389 232 1.6781 -1.489 -4.1864 -2.2789 10.3606 29.1861 1.533 9.634
184 0 Car -1 -1 -1.5286 580 181 607 208 1.6383 -1.5251 -3.9974 -2.1571 1.1033 46.9765 -1.5521 5.6664
184 35 Car -1 -1 1.8258 391 188 430 212 1.5929 -1.4454 -3.8172 -2.5648 13.4542 48.8933 1.5573 8.0125
185 32 Car -1 -1 -1.4717 489 180 547 230 1.6879 -1.6127 -4.1582 -1.9256 3.2292 25.7583 -1.5964 9.9927
185 33 Car -1 -1 1.9071 289 189 372 235 1.6427 -1.4714 -4.1122 -2.1095 10.2401 26.5315 1.5387 8.886
185 0 Car -1 -1 -10 580 179 607 205 1.6383 -1.5251 -3.9974 -2.1571 1.1033 46.9765 -10 0
185 35 Car -1 -1 1.7985 381 185 422 211 1.5819 -1.4872 -3.7886 -2.2356 13.3278 46.2974 1.5182 6.1425
185 36 Car -1 -1 -1.0966 160 184 265 232 1.7698 -1.7578 -4.8204 -2.2809 16.2627 29.8148 -1.596 4.2329
186 32 Car -1 -1 -1.4543 485 178 545 231 1.6491 -1.6168 -3.8775 -1.7881 3.1738 24.3313 -1.584 10.6684
186 33 Car -1 -1 1.9415 254 189 349 239 1.6486 -1.4827 -4.2425 -1.9997 10.1738 24.0991 1.5421 10.5752
186 35 Car -1 -1 1.8939 368 183 413 211 1.624 -1.4975 -3.9888 -2.2965 13.1892 43.5903 1.6001 6.5632
186 0 Car -1 -1 -1.5646 581 176 608 203 1.6078 -1.4724 -3.762 -1.8391 0.9631 46.884 -1.5851 4.0767
187 32 Car -1 -1 -1.4412 477 178 542 235 1.672 -1.5489 -4.1314 -1.7881 3.0926 22.9329 -1.5753 8.5847
187 33 Car -1 -1 1.9737 208 191 324 249 1.6286 -1.4555 -4.0576 -1.9921 10.0676 21.3946 1.5339 13.6754
187 35 Car -1 -1 1.9048 354 184 403 214 1.6035 -1.5051 -3.9308 -2.1804 13.1259 41.0524 1.5953 5.1279
187 0 Car -1 -1 -1.526 582 176 609 202 1.6239 -1.5414 -3.7398 -1.7329 0.9535 46.8475 -1.5464 4.5083
188 32 Car -1 -1 -1.436 469 179 541 240 1.6369 -1.6367 -3.8368 -1.8091 3.0786 21.4708 -1.5784 11.3736
188 33 Car -1 -1 2.026 149 193 292 262 1.6401 -1.4838 -4.1703 -2.0737 9.9607 18.9023 1.541 13.666
188 35 Car -1 -1 1.8536 338 187 391 219 1.6632 -1.5696 -4.2466 -2.3422 12.9448 38.5899 1.53 5.8169
188 0 Car -1 -1 -10 583 177 611 204 1.6239 -1.5414 -3.7398 -1.7329 0.9535 46.8475 -10 0
189 33 Car -1 -1 2.0579 69 197 251 278 1.6532 -1.4666 -4.2978 -2.0411 9.8891 16.4286 1.516 14.4456
189 32 Car -1 -1 -1.4387 462 179 538 245 1.6595 -1.6212 -3.9935 -1.8238 2.9981 20.1523 -1.5864 12.2079
189 35 Car -1 -1 1.9012 321 188 378 222 1.6075 -1.5254 -3.8908 -2.3564 12.8733 35.6991 1.5551 8.5721
189 0 Car -1 -1 -1.5987 584 177 612 204 1.6879 -1.5849 -4.2277 -1.9097 0.9442 46.9297 -1.6188 6.3537
189 37 Car -1 -1 -1.6387 662 178 697 208 1.571 -1.4468 -3.7323 -1.7328 -3.5214 37.1218 -1.5441 4.0147
190 32 Car -1 -1 -1.4269 451 178 534 249 1.612 -1.5928 -3.7873 -1.7348 2.9839 18.7164 -1.585 11.0012
190 35 Car -1 -1 1.9181 296 187 362 224 1.6289 -1.5683 -3.904 -2.2556 12.7468 33.0454 1.5499 8.2294
190 33 Car -1 -1 2.1357 1 195 199 299 1.6573 -1.484 -4.3961 -2.0217 9.8059 13.8212 1.5187 12.9284
190 0 Car -1 -1 -10 585 176 613 203 1.6879 -1.5849 -4.2277 -1.9097 0.9442 46.9297 -10 0
191 32 Car -1 -1 -1.4277 441 176 529 253 1.6979 -1.6409 -4.315 -1.6901 2.9432 17.5878 -1.5935 10.3082
191 35 Car -1 -1 1.9462 268 185 344 226 1.6478 -1.6254 -4.0293 -2.1239 12.6612 30.2727 1.55 11.0016
191 0 Car -1 -1 -1.5645 586 174 614 201 1.6504 -1.594 -3.9481 -1.7211 0.7256 47.0122 -1.5799 4.4827
191 33 Car -1 -1 2.2394 2 190 120 310 1.6262 -1.4996 -4.253 -1.975 9.7289 11.235 1.5257 10.3205
192 32 Car -1 -1 -1.4195 423 173 526 259 1.662 -1.68 -4.0225 -1.6751 2.9006 16.1229 -1.5975 10.2783
192 35 Car -1 -1 1.9763 236 185 321 230 1.5952 -1.5418 -3.8072 -2.0384 12.6137 27.6201 1.5479 10.2226
192 0 Car -1 -1 -1.4825 587 172 614 199 1.6481 -1.5876 -4.0399 -1.6349 0.6715 46.9602 -1.4968 4.1835
192 36 Car -1 -1 1.9159 302 180 390 232 1.6313 -1.5837 -3.7837 -1.8804 8.9235 24.6152 1.5681 4.0393
193 32 Car -1 -1 -1.3847 406 175 520 268 1.6492 -1.71 -3.8088 -1.6722 2.8803 14.6916 -1.5783 11.6323
193 0 Car -1 -1 -10 587 172 614 198 1.6481 -1.5876 -4.0399 -1.6349 0.6715 46.9602 -10 0
193 35 Car -1 -1 2.0329 192 187 291 236 1.5898 -1.5715 -3.8027 -2.0695 12.5031 24.813 1.5661 11.7429
194 32 Car -1 -1 -1.3772 380 177 515 282 1.6309 -1.5961 -3.697 -1.6664 2.8437 13.208 -1.5893 11.283
194 35 Car -1 -1 2.08 139 193 256 250 1.6349 -1.6032 -3.8616 -2.2034 12.4696 22.1827 1.5679 11.2154
194 0 Car -1 -1 -10 588 174 615 200 1.6481 -1.5876 -4.0399 -1.6349 0.6715 46.9602 -10 0
195 35 Car -1 -1 2.1143 71 198 212 265 1.6329 -1.5619 -3.8657 -2.24 12.4126 19.4882 1.5472 11.7019
195 32 Car -1 -1 -1.343 350 180 506 301 1.6149 -1.6821 -3.7192 -1.779 2.7943 11.8556 -1.5745 12.4593
195 0 Car -1 -1 -10 589 176 617 204 1.6481 -1.5876 -4.0399 -1.6349 0.6715 46.9602 -10 0
196 35 Car -1 -1 2.1847 1 200 158 282 1.6174 -1.6048 -3.922 -2.2659 12.361 16.8285 1.5512 11.3564
196 0 Car -1 -1 -10 590 177 618 204 1.6481 -1.5876 -4.0399 -1.6349 0.6715 46.9602 -10 0
196 32 Car -1 -1 -1.3191 309 182 498 322 1.6603 -1.6265 -4.0949 -1.8069 2.7961 10.5592 -1.5779 11.5306
196 38 Car -1 -1 1.7603 460 183 491 204 1.5951 -1.4681 -3.8468 -2.3154 10.2214 55.099 1.5769 4.2973
197 32 Car -1 -1 -1.2932 254 177 491 347 1.6736 -1.6814 -4.146 -1.7647 2.7794 9.2135 -1.5862 12.3888
197 0 Car -1 -1 -10 592 173 620 201 1.6481 -1.5876 -4.0399 -1.6349 0.6715 46.9602 -10 0
197 35 Car -1 -1 2.275 1 195 90 287 1.5959 -1.537 -3.7575 -2.1078 12.3031 14.2635 1.5633 9.7604
197 38 Car -1 -1 1.7607 452 180 486 202 1.6912 -1.4629 -3.966 -2.0369 10.1643 52.1251 1.5681 4.6869
198 32 Car -1 -1 -1.2374 173 172 472 375 1.6787 -1.6404 -3.9533 -1.6641 2.7771 7.8273 -1.5783 11.7811
198 0 Car -1 -1 -10 593 170 621 197 1.6481 -1.5876 -4.0399 -1.6349 0.6715 46.9602 -10 0
198 38 Car -1 -1 1.7639 445 177 481 200 1.6531 -1.534 -3.9862 -1.8308 10.0365 49.4766 1.5638 5.9669
199 32 Car -1 -1 -1.185 39 171 440 375 1.6269 -1.6739 -3.8943 -1.6352 2.7214 6.3702 -1.5888 12.8449
199 0 Car -1 -1 -10 595 170 623 198 1.6481 -1.5876 -4.0399 -1.6349 0.6715 46.9602 -10 0
199 38 Car -1 -1 1.817 436 178 475 202 1.5657 -1.4958 -3.8684 -1.8727 9.9454 46.7825 1.6075 8.9543
200 0 Car -1 -1 -10 597 173 625 200 1.6481 -1.5876 -4.0399 -1.6349 0.6715 46.9602 -10 0
200 32 Car -1 -1 -1.0874 13 176 422 374 1.5768 -1.623 -3.7869 -1.6346 2.6901 4.9949 -1.5814 10.4684
200 38 Car -1 -1 1.7873 429 182 468 208 1.5539 -1.4667 -3.7266 -2.076 9.7778 43.9266 1.5683 7.4962
201 32 Car -1 -1 -0.954 9 176 378 375 1.5429 -1.5387 -3.7768 -1.6279 2.6382 3.7603 -1.5658 8.427
201 0 Car -1 -1 -1.5711 599 176 626 202 1.6677 -1.6173 -4.0803 -1.7553 -0.1866 46.7135 -1.5671 4.6926
201 38 Car -1 -1 1.8052 417 184 462 212 1.615 -1.4696 -4.0086 -2.1808 9.6997 41.3386 1.5747 8.7499
201 35 Car -1 -1 2.0498 160 193 303 261 1.6274 -1.4622 -4.0655 -2.0735 9.804 18.9926 1.5732 7.0049
202 32 Car -1 -1 -10 5 201 305 376 1.5429 -1.5387 -3.7768 -1.6279 2.6382 3.7603 -10 0
202 0 Car -1 -1 -10 601 175 628 202 1.6677 -1.6173 -4.0803 -1.7553 -0.1866 46.7135 -10 0
202 39 Car -1 -1 2.1129 83 197 248 275 1.6326 -1.4388 -4.2556 -2.0006 9.7538 16.3415 1.5748 10.453
202 38 Car -1 -1 1.834 406 185 453 213 1.6126 -1.4517 -4.0252 -2.1217 9.589 38.6916 1.591 8.0062
203 39 Car -1 -1 2.1866 1 202 181 296 1.6573 -1.4958 -4.1871 -2.055 9.7569 13.5506 1.5625 11.5667
203 0 Car -1 -1 -10 602 174 629 201 1.6677 -1.6173 -4.0803 -1.7553 -0.1866 46.7135 -10 0
203 38 Car -1 -1 1.847 391 185 442 216 1.5837 -1.5098 -3.8628 -2.0492 9.5525 35.8578 1.5866 10.9466
204 38 Car -1 -1 1.8427 373 188 432 221 1.6646 -1.4924 -4.2238 -2.1286 9.5948 33.2709 1.5619 9.4617
204 0 Car -1 -1 -10 603 177 630 204 1.6677 -1.6173 -4.0803 -1.7553 -0.1866 46.7135 -10 0
204 39 Car -1 -1 2.3064 4 206 106 308 1.6034 -1.4919 -3.8943 -2.0547 9.6417 10.5586 1.5663 5.2796
205 38 Car -1 -1 1.8904 349 193 417 230 1.6378 -1.443 -4.2119 -2.2658 9.5372 30.5027 1.5874 8.4908
205 0 Car -1 -1 -1.5583 603 181 631 208 1.6543 -1.4941 -4.0528 -2.0731 -0.3743 46.4518 -1.5502 6.5423
205 40 Car -1 -1 1.69 494 185 517 201 1.69 -1.4887 -4.406 -2.725 10.265 71.1814 1.5468 5.8762
206 38 Car -1 -1 1.9166 321 197 398 238 1.5872 -1.4648 -3.824 -2.2981 9.5478 27.5766 1.5833 10.9659
206 0 Car -1 -1 -10 603 184 631 211 1.6543 -1.4941 -4.0528 -2.0731 -0.3743 46.4518 -10 0
207 0 Car -1 -1 -10 603 181 631 209 1.6543 -1.4941 -4.0528 -2.0731 -0.3743 46.4518 -10 0
207 38 Car -1 -1 1.9514 287 196 370 241 1.6127 -1.4692 -3.9021 -2.1923 9.5401 24.9063 1.5856 11.4306
207 41 Car -1 -1 -10 329 189 390 225 -1 -1 -1 -1000 -1000 -1000 -10 0
207 40 Car -1 -1 1.7779 483 186 510 204 1.6239 -1.4683 -3.9521 -2.7612 10.1813 65.0123 1.6225 4.2296
208 38 Car -1 -1 1.9977 241 194 344 247 1.639 -1.5047 -4.206 -2.106 9.5743 22.2077 1.5906 11.2979
208 41 Car -1 -1 1.9673 298 186 369 226 1.6433 -1.5898 -3.8266 -2.2114 12.1329 31.8674 1.6035 5.3797
208 0 Car -1 -1 -10 604 178 631 205 1.6543 -1.4941 -4.0528 -2.0731 -0.3743 46.4518 -10 0
208 40 Car -1 -1 -10 477 184 505 203 1.6239 -1.4683 -3.9521 -2.7612 10.1813 65.0123 -10 0
209 38 Car -1 -1 2.0426 181 195 313 257 1.6089 -1.4238 -3.9962 -2.01 9.5851 19.4001 1.5837 12.6919
209 0 Car -1 -1 -10 603 177 631 205 1.6543 -1.4941 -4.0528 -2.0731 -0.3743 46.4518 -10 0
209 41 Car -1 -1 2.0005 259 187 345 230 1.6059 -1.6407 -3.7101 -2.2327 12.1372 28.8384 1.6022 7.4874
209 40 Car -1 -1 1.7547 469 184 498 203 1.685 -1.4777 -4.0615 -2.2663 10.401 58.779 1.5796 6.7018
210 38 Car -1 -1 2.1072 102 197 263 271 1.5821 -1.4198 -3.8875 -2.0058 9.6066 16.6091 1.5828 13.0315
210 0 Car -1 -1 -1.6222 603 177 631 204 1.6534 -1.5873 -3.8771 -1.9116 -0.3211 46.3613 -1.6153 6.8496
210 40 Car -1 -1 1.8158 460 184 490 203 1.6421 -1.4487 -3.8427 -2.1862 10.4298 55.7099 1.6308 5.6125
210 41 Car -1 -1 2.0436 217 187 316 236 1.6381 -1.68 -3.9799 -2.1739 12.1861 25.992 1.6052 10.9475
211 38 Car -1 -1 2.1836 1 202 201 293 1.5876 -1.4844 -4.0217 -1.9776 9.6387 13.871 1.5764 13.41
211 41 Car -1 -1 2.0917 163 188 279 247 1.6348 -1.6613 -4.0697 -2.124 12.2188 23.0833 1.6049 12.4404
211 0 Car -1 -1 -1.5438 603 177 631 204 1.6358 -1.5998 -3.8459 -1.9315 -0.398 46.2806 -1.5352 4.595
211 40 Car -1 -1 1.8196 449 184 482 204 1.6712 -1.4721 -4.1947 -2.1959 10.5231 52.7336 1.6226 7.4371
212 41 Car -1 -1 2.1488 84 187 234 256 1.63 -1.609 -4.039 -2.1175 12.3035 20.1106 1.5997 13.814
212 38 Car -1 -1 2.299 3 199 113 308 1.5592 -1.4786 -3.8781 -1.9694 9.6436 11.0368 1.5809 8.8337
212 0 Car -1 -1 -10 602 176 630 203 1.6358 -1.5998 -3.8459 -1.9315 -0.398 46.2806 -10 0
212 40 Car -1 -1 1.8381 438 183 476 205 1.6067 -1.4649 -4.0812 -2.0906 10.6281 49.8056 1.6278 9.129
213 41 Car -1 -1 2.2128 2 191 175 272 1.6647 -1.6194 -4.0738 -2.0921 12.3532 17.2515 1.5913 13.4982
213 40 Car -1 -1 1.8248 424 183 465 207 1.6909 -1.5397 -4.3567 -2.1773 10.8132 47.0171 1.5987 7.6438
213 0 Car -1 -1 -1.6058 601 176 629 204 1.6275 -1.567 -3.9094 -1.903 -0.2456 46.1809 -1.6005 4.1891
214 40 Car -1 -1 1.8603 409 180 454 206 1.6715 -1.6058 -4.1457 -2.035 10.8772 43.8465 1.6172 8.8577
214 0 Car -1 -1 -10 600 173 629 201 1.6275 -1.567 -3.9094 -1.903 -0.2456 46.1809 -10 0
214 41 Car -1 -1 2.2883 2 186 92 280 1.6371 -1.647 -3.9144 -2.003 12.393 14.3652 1.5765 9.4266
215 40 Car -1 -1 1.832 392 182 441 210 1.6906 -1.5977 -4.3468 -2.0537 10.9147 40.7834 1.5705 9.9518
215 0 Car -1 -1 -1.608 601 174 628 201 1.6366 -1.5514 -4.0401 -1.6828 -0.0361 46.1343 -1.6072 4.108
216 40 Car -1 -1 1.8804 375 186 428 215 1.6758 -1.5142 -4.3106 -2.1544 10.9715 37.8033 1.5979 10.8861
216 0 Car -1 -1 -10 600 176 628 203 1.6366 -1.5514 -4.0401 -1.6828 -0.0361 46.1343 -10 0
217 40 Car -1 -1 1.9058 350 188 412 220 1.6988 -1.6283 -4.3771 -2.2624 11.0233 34.8201 1.5992 9.4539
217 0 Car -1 -1 -10 600 178 628 205 1.6366 -1.5514 -4.0401 -1.6828 -0.0361 46.1343 -10 0
218 40 Car -1 -1 1.9286 321 187 393 223 1.6732 -1.5244 -4.3675 -2.1718 11.058 31.8806 1.5948 10.4835
218 0 Car -1 -1 -1.5948 600 177 628 204 1.657 -1.6414 -3.8245 -1.933 -0.1703 46.1556 -1.5911 5.1187
219 40 Car -1 -1 1.9452 287 188 370 229 1.6589 -1.4841 -4.2455 -2.0698 11.0687 28.7114 1.5773 9.8344
219 0 Car -1 -1 -10 600 176 628 203 1.657 -1.6414 -3.8245 -1.933 -0.1703 46.1556 -10 0
220 40 Car -1 -1 2.0002 247 187 343 233 1.6708 -1.4907 -4.4209 -2.003 11.1188 25.7917 1.5932 12.1867
220 0 Car -1 -1 -10 600 173 628 200 1.657 -1.6414 -3.8245 -1.933 -0.1703 46.1556 -10 0
221 40 Car -1 -1 2.0399 190 189 309 242 1.6389 -1.4437 -4.2195 -1.9683 11.164 22.7074 1.583 13.5851
221 0 Car -1 -1 -1.5427 601 171 628 199 1.6836 -1.6277 -4.1327 -1.5478 -0.1341 45.9488 -1.5398 4.657
222 40 Car -1 -1 2.1092 119 193 265 257 1.673 -1.5392 -4.3794 -2.0543 11.2067 19.7847 1.5938 13.1635
222 0 Car -1 -1 -1.5674 600 173 629 201 1.657 -1.6357 -3.8809 -1.5961 -0.196 45.9589 -1.5632 4.2067
223 40 Car -1 -1 2.1741 16 199 205 278 1.6583 -1.4794 -4.2947 -2.0926 11.2422 16.7886 1.584 14.4869
223 0 Car -1 -1 -1.5784 601 176 629 204 1.6715 -1.6274 -4.0172 -1.902 -0.1698 45.989 -1.5748 5.6859
224 40 Car -1 -1 2.2529 5 205 129 296 1.6408 -1.5171 -4.285 -2.1967 11.2375 13.7839 1.5689 11.0522
224 0 Car -1 -1 -1.6137 601 179 628 207 1.6634 -1.5741 -4.1502 -1.9512 -0.1093 46.1296 -1.6113 4.7754
224 42 Car -1 -1 -10 506 184 527 200 -1 -1 -1 -1000 -1000 -1000 -10 0
225 0 Car -1 -1 -10 600 180 628 208 1.6634 -1.5741 -4.1502 -1.9512 -0.1093 46.1296 -10 0
225 42 Car -1 -1 -10 501 184 524 202 -1 -1 -1 -1000 -1000 -1000 -10 0
226 0 Car -1 -1 -1.6368 600 180 628 207 1.663 -1.6128 -4.1754 -1.9892 -0.021 45.8584 -1.6364 4.2674
226 42 Car -1 -1 -10 495 185 520 202 -1 -1 -1 -1000 -1000 -1000 -10 0
226 43 Car -1 -1 -10 448 187 476 206 -1 -1 -1 -1000 -1000 -1000 -10 0
227 0 Car -1 -1 -10 600 180 627 208 1.663 -1.6128 -4.1754 -1.9892 -0.021 45.8584 -10 0
227 42 Car -1 -1 -10 489 185 515 203 -1 -1 -1 -1000 -1000 -1000 -10 0
227 43 Car -1 -1 -10 440 188 470 207 -1 -1 -1 -1000 -1000 -1000 -10 0
228 0 Car -1 -1 -1.5648 600 182 627 209 1.6873 -1.676 -4.1819 -2.2144 -0.0337 45.9272 -1.564 4.4777
228 42 Car -1 -1 -10 482 187 510 207 -1 -1 -1 -1000 -1000 -1000 -10 0
228 43 Car -1 -1 -10 432 189 464 211 -1 -1 -1 -1000 -1000 -1000 -10 0
229 0 Car -1 -1 -10 599 182 627 209 1.6873 -1.676 -4.1819 -2.2144 -0.0337 45.9272 -10 0
229 42 Car -1 -1 -10 474 187 504 208 -1 -1 -1 -1000 -1000 -1000 -10 0
229 43 Car -1 -1 -10 421 189 456 211 -1 -1 -1 -1000 -1000 -1000 -10 0
230 0 Car -1 -1 -1.5644 599 180 627 207 1.6495 -1.5843 -4.1541 -1.9742 -0.1059 45.8959 -1.5621 5.2596
230 43 Car -1 -1 -10 409 187 448 211 -1 -1 -1 -1000 -1000 -1000 -10 0
230 42 Car -1 -1 -10 464 184 497 207 -1 -1 -1 -1000 -1000 -1000 -10 0
231 43 Car -1 -1 -10 397 186 438 210 -1 -1 -1 -1000 -1000 -1000 -10 0
231 0 Car -1 -1 -10 598 178 627 205 1.6495 -1.5843 -4.1541 -1.9742 -0.1059 45.8959 -10 0
231 42 Car -1 -1 1.7729 455 183 489 208 1.6025 -1.526 -3.8972 -2.1092 8.4376 44.3797 1.5851 4.8621
231 44 Car -1 -1 -10 504 181 525 197 -1 -1 -1 -1000 -1000 -1000 -10 0
232 43 Car -1 -1 1.9095 382 186 429 213 1.6171 -1.5039 -4.004 -2.2563 11.7741 41.8212 1.6351 6.9288
232 42 Car -1 -1 -10 442 183 481 209 1.6025 -1.526 -3.8972 -2.1092 8.4376 44.3797 -10 0
232 0 Car -1 -1 -10 598 177 627 205 1.6495 -1.5843 -4.1541 -1.9742 -0.1059 45.8959 -10 0
232 44 Car -1 -1 -10 500 180 522 197 -1 -1 -1 -1000 -1000 -1000 -10 0
233 43 Car -1 -1 1.868 366 186 416 214 1.6304 -1.5229 -3.8721 -2.1549 11.8806 39.1071 1.5731 6.7225
233 42 Car -1 -1 1.7969 428 182 470 211 1.5593 -1.4896 -3.5695 -2.0692 8.4621 38.0975 1.5783 6.9339
233 0 Car -1 -1 -10 598 176 627 203 1.6495 -1.5843 -4.1541 -1.9742 -0.1059 45.8959 -10 0
233 44 Car -1 -1 -10 495 179 518 198 -1 -1 -1 -1000 -1000 -1000 -10 0
234 43 Car -1 -1 1.9346 347 184 402 215 1.593 -1.4441 -3.8473 -2.0992 11.8165 36.3724 1.6205 6.6068
234 42 Car -1 -1 1.8653 411 182 458 212 1.5796 -1.5075 -3.7328 -1.8989 8.4403 35.2634 1.6304 6.0493
234 0 Car -1 -1 -10 598 174 627 201 1.6495 -1.5843 -4.1541 -1.9742 -0.1059 45.8959 -10 0
234 44 Car -1 -1 1.7104 490 177 514 197 1.6492 -1.4918 -3.9809 -1.8351 8.9234 58.8525 1.5599 4.704
235 43 Car -1 -1 1.9032 325 186 387 219 1.6277 -1.4885 -3.921 -2.0401 11.856 33.7497 1.5654 9.7372
235 42 Car -1 -1 1.8176 389 183 445 217 1.5632 -1.4606 -3.7083 -1.9154 8.4614 31.8507 1.5579 5.5897
235 0 Car -1 -1 -1.5537 598 175 627 202 1.6701 -1.593 -4.1437 -1.6704 -0.0793 45.6127 -1.552 4.4997
235 44 Car -1 -1 1.6802 483 178 509 199 1.65 -1.5327 -4.1466 -1.788 8.8991 55.9388 1.5225 4.8883
236 43 Car -1 -1 1.939 299 187 370 225 1.6049 -1.4505 -3.8887 -2.1751 11.8429 31.285 1.5771 7.4765
236 42 Car -1 -1 1.8709 365 186 429 224 1.5631 -1.5649 -3.5973 -2.0235 8.4665 29.1222 1.588 7.213
236 0 Car -1 -1 -10 598 176 627 204 1.6701 -1.593 -4.1437 -1.6704 -0.0793 45.6127 -10 0
236 44 Car -1 -1 1.7499 476 181 504 202 1.6226 -1.4945 -3.8821 -2.1845 8.7677 53.0926 1.5862 4.2503
237 43 Car -1 -1 1.9952 266 191 349 232 1.611 -1.4623 -3.8098 -2.1406 11.7826 28.4742 1.6028 6.3844
237 42 Car -1 -1 1.9269 334 188 409 232 1.6194 -1.4565 -3.9241 -2.0196 8.5481 26.1021 1.6104 6.9833
237 0 Car -1 -1 -1.5603 598 177 627 205 1.6493 -1.5803 -3.7698 -1.9004 -0.1118 45.4402 -1.5578 5.6355
237 44 Car -1 -1 1.7331 468 183 500 204 1.5995 -1.4833 -3.9226 -2.1265 8.812 49.974 1.5586 8.0555
238 42 Car -1 -1 1.9577 293 189 382 240 1.5207 -1.4668 -3.3177 -2.0053 8.5349 22.7007 1.5981 11.4985
238 43 Car -1 -1 2.026 229 192 322 239 1.6189 -1.5158 -4.0619 -2.17 11.7714 25.8177 1.5983 9.0157
238 0 Car -1 -1 -1.5596 598 177 627 205 1.6399 -1.5911 -3.7545 -1.9052 -0.1318 45.5216 -1.5567 5.1723
238 44 Car -1 -1 1.756 459 183 493 206 1.7121 -1.5771 -4.5381 -2.1995 8.7341 47.3108 1.5734 5.1173
238 45 Car -1 -1 1.7833 408 179 472 223 1.6404 -1.5812 -3.97 -1.8631 6.6121 28.3159 1.5539 4.5358
239 42 Car -1 -1 1.9766 236 190 347 252 1.5542 -1.4658 -3.6824 -1.931 8.5406 19.836 1.5701 11.0322
239 43 Car -1 -1 2.0367 177 194 286 245 1.6105 -1.4784 -3.9903 -2.1508 11.8056 23.0558 1.5634 9.2263
239 0 Car -1 -1 -10 599 176 627 204 1.6399 -1.5911 -3.7545 -1.9052 -0.1318 45.5216 -10 0
239 44 Car -1 -1 1.7705 449 183 485 207 1.6324 -1.4933 -4.0157 -2.0398 8.753 44.0476 1.5744 8.3593
240 42 Car -1 -1 2.0722 157 192 303 266 1.5612 -1.4695 -3.5877 -1.9177 8.5643 16.6347 1.5968 12.5472
240 43 Car -1 -1 2.1391 113 195 242 255 1.6319 -1.5217 -4.1264 -2.1439 11.9842 20.5042 1.6101 8.1285
240 44 Car -1 -1 1.7719 438 182 475 210 1.6431 -1.5887 -4.0197 -2.1037 8.7888 41.2569 1.562 8.0499
240 0 Car -1 -1 -10 598 176 627 204 1.6399 -1.5911 -3.7545 -1.9052 -0.1318 45.5216 -10 0
241 44 Car -1 -1 1.8062 424 182 468 211 1.5924 -1.577 -3.6255 -2.0258 8.6577 37.8706 1.5815 8.5212
241 42 Car -1 -1 2.1417 26 195 233 290 1.5508 -1.4567 -3.5656 -1.8528 8.5928 13.5707 1.5773 12.6543
241 0 Car -1 -1 -1.5636 599 175 627 203 1.6757 -1.6261 -4.1965 -1.751 -0.1443 45.4003 -1.5605 4.4089
241 43 Car -1 -1 2.186 16 200 169 262 1.5859 -1.5094 -3.9191 -2.0603 12.066 17.728 1.5884 6.2673
242 44 Car -1 -1 1.8102 407 183 455 214 1.5895 -1.5567 -3.7211 -1.983 8.6351 35.1253 1.5691 9.9238
242 42 Car -1 -1 2.2436 3 195 137 314 1.5578 -1.4582 -3.3699 -1.8898 8.5979 10.5709 1.5607 10.0797
242 0 Car -1 -1 -1.5684 599 174 627 202 1.6582 -1.6394 -3.8507 -1.7285 -0.0769 45.2407 -1.5667 5.1389
243 44 Car -1 -1 1.8388 387 185 443 220 1.6023 -1.5463 -3.947 -2.0311 8.7108 32.2086 1.5747 12.1226
243 0 Car -1 -1 -10 599 176 628 204 1.6582 -1.6394 -3.8507 -1.7285 -0.0769 45.2407 -10 0
243 43 Car -1 -1 2.3463 0 205 49 321 1.609 -1.4744 -3.9691 -2.1075 11.8915 12.2019 1.5738 4.9713
244 44 Car -1 -1 1.8679 363 187 426 227 1.5569 -1.4555 -3.7033 -2.0499 8.6612 29.1042 1.5786 10.468
244 0 Car -1 -1 -10 599 177 627 205 1.6582 -1.6394 -3.8507 -1.7285 -0.0769 45.2407 -10 0
245 44 Car -1 -1 1.8995 331 188 407 232 1.6004 -1.492 -3.7965 -2.0607 8.6615 26.1802 1.58 12.3244
245 0 Car -1 -1 -10 599 176 627 204 1.6582 -1.6394 -3.8507 -1.7285 -0.0769 45.2407 -10 0
246 44 Car -1 -1 1.933 293 187 381 238 1.5941 -1.5384 -3.8263 -1.9669 8.694 23.1544 1.5738 12.8134
246 0 Car -1 -1 -1.4727 599 175 627 202 1.6512 -1.621 -3.876 -1.7126 -0.176 44.9313 -1.4688 5.5591
247 44 Car -1 -1 1.9726 239 190 352 250 1.5825 -1.4844 -3.8788 -1.9726 8.7019 20.2314 1.5664 13.2282
247 0 Car -1 -1 -1.5862 599 175 628 203 1.6447 -1.6051 -3.8506 -1.7263 -0.0873 44.8277 -1.5843 4.8699
248 44 Car -1 -1 2.0358 166 194 313 266 1.557 -1.4188 -3.735 -1.9885 8.6494 17.2466 1.5709 14.5924
248 0 Car -1 -1 -10 599 176 627 204 1.6447 -1.6051 -3.8506 -1.7263 -0.0873 44.8277 -10 0
249 44 Car -1 -1 2.1111 60 196 256 288 1.5977 -1.551 -3.8096 -2.0033 8.6797 14.2478 1.564 14.4604
249 0 Car -1 -1 -10 599 176 628 204 1.6447 -1.6051 -3.8506 -1.7263 -0.0873 44.8277 -10 0
250 44 Car -1 -1 2.2185 3 200 174 317 1.6224 -1.4819 -3.947 -1.9622 8.6815 11.332 1.5648 11.863
250 0 Car -1 -1 -1.5609 599 176 628 204 1.658 -1.6223 -3.8427 -1.8242 -0.1899 44.4639 -1.5567 5.2217
251 0 Car -1 -1 -10 599 177 628 206 1.658 -1.6223 -3.8427 -1.8242 -0.1899 44.4639 -10 0
251 44 Car -1 -1 2.3585 0 204 71 374 1.5956 -1.5012 -4.1971 -1.9628 8.608 8.3257 1.5564 7.5085
252 0 Car -1 -1 -1.5719 599 179 628 208 1.6559 -1.5995 -3.9501 -1.9956 -0.1439 44.2683 -1.5687 4.8074
253 0 Car -1 -1 -10 599 180 629 208 1.6559 -1.5995 -3.9501 -1.9956 -0.1439 44.2683 -10 0
254 0 Car -1 -1 -1.5519 600 179 628 208 1.6858 -1.6208 -4.0378 -2.0836 -0.2321 43.9405 -1.5466 4.012
255 0 Car -1 -1 -10 600 179 629 208 1.6858 -1.6208 -4.0378 -2.0836 -0.2321 43.9405 -10 0
256 0 Car -1 -1 -1.6003 600 179 629 208 1.676 -1.6271 -4.1034 -1.9749 -0.0441 43.7538 -1.5992 5.9485
256 45 Car -1 -1 1.7708 422 181 480 222 1.611 -1.553 -3.8373 -1.9125 6.5185 29.7866 1.5554 4.0805
257 0 Car -1 -1 -10 599 177 629 206 1.676 -1.6271 -4.1034 -1.9749 -0.0441 43.7538 -10 0
258 0 Car -1 -1 -1.6082 600 174 629 203 1.6846 -1.6068 -4.1593 -1.6545 -0.1313 43.3402 -1.6052 6.4788
259 0 Car -1 -1 -1.5502 599 172 629 201 1.6784 -1.6697 -3.928 -1.5808 -0.1192 43.3351 -1.5475 4.1665
260 0 Car -1 -1 -10 599 172 629 201 1.6784 -1.6697 -3.928 -1.5808 -0.1192 43.3351 -10 0
260 46 Car -1 -1 2.2134 0 179 222 349 1.6329 -1.5473 -3.849 -1.6463 6.5318 8.6353 1.5658 4.5542
261 0 Car -1 -1 -1.5667 599 174 629 203 1.6548 -1.5312 -4.0186 -1.6329 -0.163 43.0627 -1.5629 6.3946
262 0 Car -1 -1 -1.5594 598 177 628 206 1.6606 -1.6515 -3.9573 -1.8804 -0.0369 42.7904 -1.5585 4.7055
263 0 Car -1 -1 -1.5876 598 177 628 207 1.6779 -1.6517 -4.1139 -1.9251 -0.1914 42.6635 -1.5831 6.6066
264 0 Car -1 -1 -10 597 175 627 204 1.6779 -1.6517 -4.1139 -1.9251 -0.1914 42.6635 -10 0
265 0 Car -1 -1 -1.5876 596 173 627 203 1.6329 -1.5028 -3.8864 -1.6686 -0.122 42.1601 -1.5847 4.9808
265 47 Car -1 -1 1.8285 371 179 451 229 1.6449 -1.5277 -4.0352 -1.7686 6.7421 24.7211 1.5622 4.0095
266 0 Car -1 -1 -1.5448 596 172 626 202 1.6569 -1.6101 -3.917 -1.6359 -0.0433 42.2316 -1.5437 4.1303
267 0 Car -1 -1 -10 595 172 626 201 1.6569 -1.6101 -3.917 -1.6359 -0.0433 42.2316 -10 0
268 0 Car -1 -1 -1.6211 595 171 625 202 1.6835 -1.6532 -4.0792 -1.5423 0.0584 41.9373 -1.6225 4.0454
269 0 Car -1 -1 -1.5717 594 174 625 205 1.6845 -1.5944 -4.2923 -1.6582 0.1731 41.8059 -1.5758 4.6764
270 0 Car -1 -1 -10 594 180 625 210 1.6845 -1.5944 -4.2923 -1.6582 0.1731 41.8059 -10 0
271 0 Car -1 -1 -1.5691 593 181 624 212 1.6699 -1.6337 -4.0532 -2.1347 0.1177 41.4466 -1.5719 4.4014
272 0 Car -1 -1 -1.5022 593 181 623 212 1.7156 -1.6755 -4.263 -2.112 0.0498 41.4023 -1.5034 5.7734
273 0 Car -1 -1 -1.5586 591 180 622 211 1.6896 -1.6392 -4.1639 -2.0614 0.1606 41.3237 -1.5625 6.3533
274 0 Car -1 -1 -10 591 179 621 211 1.6896 -1.6392 -4.1639 -2.0614 0.1606 41.3237 -10 0
275 0 Car -1 -1 -10 590 179 621 210 1.6896 -1.6392 -4.1639 -2.0614 0.1606 41.3237 -10 0
276 0 Car -1 -1 -1.568 589 177 620 208 1.6802 -1.5491 -4.2569 -1.9044 0.4609 41.0458 -1.5793 5.7848
277 0 Car -1 -1 -1.6232 588 175 619 207 1.6633 -1.6082 -4.003 -1.7552 0.5363 40.8863 -1.6364 5.3747
278 0 Car -1 -1 -1.562 587 174 619 206 1.7164 -1.7207 -4.2587 -1.7945 0.4032 40.837 -1.5718 6.6376
278 48 Car -1 -1 -2.7335 1028 147 1092 169 1.5249 -1.469 -3.4943 0.2798 -31.8292 51.0703 -2.1762 5.5471
279 0 Car -1 -1 -10 587 174 618 205 1.7164 -1.7207 -4.2587 -1.7945 0.4032 40.837 -10 0
280 0 Car -1 -1 -10 587 173 618 205 1.7164 -1.7207 -4.2587 -1.7945 0.4032 40.837 -10 0
281 0 Car -1 -1 -1.6131 587 172 618 204 1.6584 -1.5619 -4.1397 -1.6203 0.5613 40.5762 -1.6269 4.7545
282 0 Car -1 -1 -1.5691 587 172 618 204 1.6722 -1.5955 -4.0565 -1.5255 0.4234 40.4445 -1.5796 5.0908
283 0 Car -1 -1 -1.5797 587 171 618 204 1.7032 -1.5969 -4.3691 -1.5599 0.5038 40.536 -1.5921 6.5853
284 0 Car -1 -1 -1.5599 587 171 618 203 1.7272 -1.6235 -4.4431 -1.5415 0.3766 40.5002 -1.5692 8.5701
285 0 Car -1 -1 -1.5486 587 171 618 204 1.7109 -1.6886 -4.3127 -1.5798 0.4127 40.4866 -1.5588 7.7604
286 0 Car -1 -1 -1.5648 587 171 619 204 1.6935 -1.5875 -4.2421 -1.5519 0.4437 40.4078 -1.5758 6.2178
287 0 Car -1 -1 -1.5616 587 172 619 204 1.7127 -1.6251 -4.2778 -1.6045 0.4192 40.4146 -1.572 8.2042
288 0 Car -1 -1 -10 588 173 619 205 1.7127 -1.6251 -4.2778 -1.6045 0.4192 40.4146 -10 0
289 0 Car -1 -1 -1.5465 588 173 620 205 1.6883 -1.6296 -4.3018 -1.6396 0.4516 40.4658 -1.5576 5.1912
290 0 Car -1 -1 -1.5504 588 171 619 203 1.6792 -1.5975 -4.321 -1.5434 0.3298 40.4373 -1.5586 6.6011
291 0 Car -1 -1 -1.5419 588 170 620 201 1.6832 -1.6068 -4.119 -1.4924 0.4775 40.5444 -1.5537 6.4192
292 0 Car -1 -1 -1.5408 589 169 620 201 1.6261 -1.4574 -3.954 -1.4934 0.3193 40.2963 -1.5488 5.3166
293 0 Car -1 -1 -1.5619 589 170 621 202 1.6913 -1.6502 -4.1718 -1.5283 0.3573 40.4801 -1.5708 6.4356
294 0 Car -1 -1 -1.5704 590 171 621 203 1.684 -1.6305 -4.0113 -1.5139 0.3546 40.4292 -1.5792 7.7111
295 0 Car -1 -1 -1.6117 590 172 621 203 1.6773 -1.6234 -4.1216 -1.5159 0.367 40.5558 -1.6207 6.8962
296 0 Car -1 -1 -1.5922 590 172 622 203 1.637 -1.5365 -3.8726 -1.4845 0.2901 40.5775 -1.5993 5.3511
297 0 Car -1 -1 -1.5839 591 172 622 204 1.6432 -1.4821 -4.0831 -1.5349 0.2182 40.7184 -1.5892 5.5765
298 0 Car -1 -1 -1.605 591 173 622 204 1.6376 -1.5136 -3.8931 -1.6122 0.2336 40.6569 -1.6107 6.1809
299 0 Car -1 -1 -1.6161 592 173 623 204 1.6609 -1.5681 -4.2293 -1.5978 0.2373 40.9016 -1.6219 5.2454
300 0 Car -1 -1 -1.6033 592 173 624 204 1.6154 -1.5493 -3.7702 -1.7193 0.0483 40.7765 -1.6045 4.1892
301 0 Car -1 -1 -10 593 174 624 205 1.6154 -1.5493 -3.7702 -1.7193 0.0483 40.7765 -10 0
302 0 Car -1 -1 -1.5285 593 174 624 205 1.7064 -1.6254 -4.2887 -1.7367 0.08 41.2393 -1.5305 7.0219
303 0 Car -1 -1 -1.6234 594 175 625 205 1.6333 -1.5662 -3.7944 -1.8004 0.2207 41.1254 -1.6288 4.0545
304 0 Car -1 -1 -10 595 176 625 206 1.6333 -1.5662 -3.7944 -1.8004 0.2207 41.1254 -10 0
305 0 Car -1 -1 -1.5546 595 176 626 207 1.7081 -1.6565 -4.2998 -1.9127 0.0256 41.438 -1.5553 6.4537
306 0 Car -1 -1 -1.5246 595 176 626 207 1.665 -1.574 -4.1382 -1.8613 -0.0653 41.4498 -1.523 5.3686
307 0 Car -1 -1 -1.5906 595 176 626 206 1.6824 -1.6482 -4.2679 -1.885 0.0685 41.6161 -1.5922 4.5995
308 0 Car -1 -1 -1.5578 595 177 626 207 1.6876 -1.6767 -4.268 -1.8768 -0.0239 41.7085 -1.5572 6.006
309 0 Car -1 -1 -10 595 179 625 210 1.6876 -1.6767 -4.268 -1.8768 -0.0239 41.7085 -10 0
310 0 Car -1 -1 -1.5736 595 180 625 211 1.662 -1.605 -4.084 -2.0553 0.0391 41.7845 -1.5745 6.0963
311 0 Car -1 -1 -10 594 179 625 210 1.662 -1.605 -4.084 -2.0553 0.0391 41.7845 -10 0
312 0 Car -1 -1 -10 594 180 625 210 1.662 -1.605 -4.084 -2.0553 0.0391 41.7845 -10 0
313 0 Car -1 -1 -1.595 593 181 624 211 1.6545 -1.5278 -4.2773 -2.1239 0.1429 42.0242 -1.5984 6.0031
313 49 Car -1 -1 -10 1078 171 1148 195 -1 -1 -1 -1000 -1000 -1000 -10 0
313 50 Car -1 -1 -10 1090 172 1146 194 -1 -1 -1 -1000 -1000 -1000 -10 0
