0 0 Car -1 -1 2.5865 308 184 524 286 1.5469 -1.4706 -3.5756 -1.6333 3.2212 11.8271 2.3206 9.7218
1 0 Car -1 -1 2.6348 219 183 479 293 1.5066 -1.4769 -3.5957 -1.6522 3.8972 11.0885 2.2968 11.0022
2 0 Car -1 -1 2.6584 138 186 421 309 1.5223 -1.3748 -3.5545 -1.6687 4.4991 10.3319 2.2477 10.8146
3 0 Car -1 -1 2.6726 49 186 367 322 1.5004 -1.3952 -3.5407 -1.6823 5.1135 9.5335 2.1803 12.569
4 0 Car -1 -1 2.7142 2 187 309 340 1.5051 -1.4241 -3.4974 -1.6939 5.63 8.6997 2.1398 11.21
5 0 Car -1 -1 2.7433 8 187 247 351 1.5523 -1.4292 -3.8477 -1.6697 6.1658 7.7442 2.0709 10.8203
6 0 Car -1 -1 2.7961 1 187 159 350 1.5915 -1.4825 -3.7868 -1.7127 6.636 6.8967 2.0299 7.3512
6 1 Car -1 -1 -10 1138 180 1240 219 -1 -1 -1 -1000 -1000 -1000 -10 0
7 1 Car -1 -1 -10 1111 175 1242 219 -1 -1 -1 -1000 -1000 -1000 -10 0
7 0 Car -1 -1 2.8418 0 190 85 374 1.5694 -1.5187 -3.8605 -1.7147 7.0015 6.0502 1.9836 4.6125
8 1 Car -1 -1 -10 1076 176 1216 219 -1 -1 -1 -1000 -1000 -1000 -10 0
9 1 Car -1 -1 -3.0206 1050 177 1182 218 1.6101 -1.4682 -4.1924 -1.8159 -21.0656 30.2714 -2.4126 5.6105
10 1 Car -1 -1 -2.9864 1017 176 1143 216 1.5848 -1.4551 -3.8506 -1.8796 -20.1801 31.1826 -2.412 4.6655
11 1 Car -1 -1 -2.9094 989 176 1113 216 1.6002 -1.4676 -4.1315 -1.7837 -19.433 31.9125 -2.3624 6.0252
12 1 Car -1 -1 -10 963 177 1082 215 1.6002 -1.4676 -4.1315 -1.7837 -19.433 31.9125 -10 0
13 1 Car -1 -1 -2.8304 939 177 1051 214 1.6043 -1.4685 -4.1017 -1.7621 -17.9856 33.6042 -2.339 5.1543
14 1 Car -1 -1 -10 920 178 1024 212 1.6043 -1.4685 -4.1017 -1.7621 -17.9856 33.6042 -10 0
15 1 Car -1 -1 -10 899 178 990 210 1.6043 -1.4685 -4.1017 -1.7621 -17.9856 33.6042 -10 0
16 1 Car -1 -1 -10 878 177 972 209 1.6043 -1.4685 -4.1017 -1.7621 -17.9856 33.6042 -10 0
17 1 Car -1 -1 -10 859 176 952 208 1.6043 -1.4685 -4.1017 -1.7621 -17.9856 33.6042 -10 0
18 1 Car -1 -1 -10 844 176 928 208 1.6043 -1.4685 -4.1017 -1.7621 -17.9856 33.6042 -10 0
19 1 Car -1 -1 -2.5091 824 174 913 207 1.6446 -1.5621 -4.0135 -1.6967 -13.8606 39.0873 -2.1683 4.5936
20 1 Car -1 -1 -10 809 175 894 206 1.6446 -1.5621 -4.0135 -1.6967 -13.8606 39.0873 -10 0
21 1 Car -1 -1 -10 796 175 874 205 1.6446 -1.5621 -4.0135 -1.6967 -13.8606 39.0873 -10 0
22 1 Car -1 -1 -2.3712 782 175 858 204 1.648 -1.4692 -4.2163 -1.6973 -12.0631 41.9451 -2.0911 6.4514
23 1 Car -1 -1 -2.3431 770 175 842 203 1.6623 -1.5484 -4.308 -1.6852 -11.5614 42.955 -2.0802 7.1047
24 1 Car -1 -1 -2.3033 759 174 829 202 1.63 -1.4513 -4.1365 -1.6922 -11.1 43.9034 -2.0557 5.3381
25 1 Car -1 -1 -2.2475 748 174 815 202 1.6423 -1.5514 -3.9909 -1.7209 -10.5698 45.1598 -2.0176 4.4205
26 1 Car -1 -1 -2.2643 738 174 803 201 1.6149 -1.5169 -4.0247 -1.6733 -10.0492 46.0557 -2.0495 4.9288
27 1 Car -1 -1 -2.2232 729 173 791 200 1.6388 -1.5411 -4.2026 -1.6673 -9.6033 47.0717 -2.0219 4.8265
28 1 Car -1 -1 -10 721 173 779 200 1.6388 -1.5411 -4.2026 -1.6673 -9.6033 47.0717 -10 0
29 1 Car -1 -1 -2.1028 714 174 769 199 1.6486 -1.5302 -4.1161 -1.645 -8.8768 49.1743 -1.9242 5.9349
30 1 Car -1 -1 -2.071 708 174 759 199 1.6562 -1.5546 -4.2146 -1.6406 -8.6028 50.4891 -1.9022 5.8156
31 1 Car -1 -1 -10 701 173 751 198 1.6562 -1.5546 -4.2146 -1.6406 -8.6028 50.4891 -10 0
31 2 Car -1 -1 -0.4612 896 175 1031 219 1.6293 -1.4771 -3.9629 -1.5913 -12.4443 25.6059 -0.0088 4.5926
32 1 Car -1 -1 -10 694 173 743 197 1.6562 -1.5546 -4.2146 -1.6406 -8.6028 50.4891 -10 0
33 1 Car -1 -1 -10 690 173 735 196 1.6562 -1.5546 -4.2146 -1.6406 -8.6028 50.4891 -10 0
34 1 Car -1 -1 -10 685 173 728 195 1.6562 -1.5546 -4.2146 -1.6406 -8.6028 50.4891 -10 0
35 1 Car -1 -1 -10 681 174 721 195 1.6562 -1.5546 -4.2146 -1.6406 -8.6028 50.4891 -10 0
36 1 Car -1 -1 -10 678 174 716 194 1.6562 -1.5546 -4.2146 -1.6406 -8.6028 50.4891 -10 0
36 3 Car -1 -1 -2.5096 1150 199 1243 372 1.6025 -1.494 -4.0262 -1.5167 -3.8584 2.4949 -1.5129 5.0467
37 1 Car -1 -1 -10 674 174 711 194 1.6562 -1.5546 -4.2146 -1.6406 -8.6028 50.4891 -10 0
37 3 Car -1 -1 -2.4201 1070 202 1242 373 1.5905 -1.6032 -3.9264 -1.6572 -3.8807 3.2667 -1.549 7.4445
38 1 Car -1 -1 -10 671 174 706 193 1.6562 -1.5546 -4.2146 -1.6406 -8.6028 50.4891 -10 0
38 3 Car -1 -1 -2.3393 1007 198 1241 373 1.5589 -1.517 -3.6136 -1.6357 -3.9013 4.1709 -1.5873 9.2807
39 3 Car -1 -1 -2.2814 953 193 1240 376 1.4902 -1.4718 -3.5401 -1.647 -3.928 4.8484 -1.6005 9.1386
39 1 Car -1 -1 -10 669 174 701 193 1.6562 -1.5546 -4.2146 -1.6406 -8.6028 50.4891 -10 0
40 3 Car -1 -1 -2.1978 918 193 1235 375 1.5668 -1.5108 -3.3678 -1.6643 -3.8978 5.741 -1.6014 9.481
40 1 Car -1 -1 -10 666 174 698 192 1.6562 -1.5546 -4.2146 -1.6406 -8.6028 50.4891 -10 0
41 3 Car -1 -1 -2.1348 888 191 1233 375 1.4892 -1.4239 -3.1681 -1.6424 -3.8532 6.4735 -1.5979 11.9465
41 1 Car -1 -1 -10 664 174 693 192 1.6562 -1.5546 -4.2146 -1.6406 -8.6028 50.4891 -10 0
42 3 Car -1 -1 -2.0816 859 188 1180 372 1.5196 -1.4583 -3.3139 -1.636 -3.8159 7.3822 -1.6046 12.2397
42 1 Car -1 -1 -10 662 174 689 191 1.6562 -1.5546 -4.2146 -1.6406 -8.6028 50.4891 -10 0
42 4 Car -1 -1 -2.3667 1173 192 1242 324 1.5737 -1.4845 -3.9153 -1.7433 -7.7147 7.2281 -1.5487 6.0206
43 3 Car -1 -1 -2.0355 834 186 1107 353 1.53 -1.4586 -3.1309 -1.6195 -3.7827 8.2317 -1.6047 13.8089
43 4 Car -1 -1 -2.361 1134 190 1242 322 1.5869 -1.5244 -3.9237 -1.6592 -7.7902 7.8972 -1.5824 7.8137
43 1 Car -1 -1 -10 660 174 687 191 1.6562 -1.5546 -4.2146 -1.6406 -8.6028 50.4891 -10 0
44 3 Car -1 -1 -2.002 817 188 1050 334 1.5315 -1.4959 -3.2938 -1.6161 -3.7921 9.052 -1.6053 11.5108
44 4 Car -1 -1 -2.3228 1093 184 1242 316 1.6144 -1.5514 -3.8164 -1.6441 -7.7746 8.5516 -1.585 7.6751
44 1 Car -1 -1 -10 658 174 683 191 1.6562 -1.5546 -4.2146 -1.6406 -8.6028 50.4891 -10 0
45 3 Car -1 -1 -1.9542 799 183 1007 316 1.5087 -1.4015 -3.3923 -1.6396 -3.7471 9.8446 -1.5905 13.5074
45 4 Car -1 -1 -2.2574 1059 183 1242 316 1.5482 -1.5065 -3.6032 -1.6621 -7.6899 9.4575 -1.5747 8.5545
45 1 Car -1 -1 -10 656 174 681 190 1.6562 -1.5546 -4.2146 -1.6406 -8.6028 50.4891 -10 0
46 3 Car -1 -1 -1.9341 784 183 967 303 1.5041 -1.4711 -3.1279 -1.6678 -3.7571 10.6485 -1.5949 12.2789
46 4 Car -1 -1 -2.2244 1025 185 1240 306 1.5313 -1.4652 -3.3266 -1.667 -7.6865 10.3607 -1.5861 9.7129
46 1 Car -1 -1 -10 655 174 678 190 1.6562 -1.5546 -4.2146 -1.6406 -8.6028 50.4891 -10 0
47 4 Car -1 -1 -2.1966 996 184 1242 293 1.5082 -1.372 -3.2066 -1.6461 -7.6906 11.2169 -1.5956 12.1907
47 3 Car -1 -1 -1.8922 771 183 935 292 1.5131 -1.4681 -3.022 -1.6744 -3.7072 11.5554 -1.5818 12.9048
48 4 Car -1 -1 -2.1627 969 183 1185 284 1.5091 -1.473 -3.1724 -1.6513 -7.6543 12.0802 -1.5979 12.0027
48 3 Car -1 -1 -1.8977 760 182 907 282 1.5135 -1.4766 -3.1469 -1.6298 -3.6541 12.4477 -1.6122 12.7996
49 4 Car -1 -1 -2.1122 947 183 1145 276 1.5439 -1.4653 -3.2811 -1.6492 -7.666 13.0099 -1.5798 11.4821
49 3 Car -1 -1 -1.8556 748 183 883 274 1.5418 -1.5007 -3.2448 -1.6577 -3.6587 13.3996 -1.589 13.3365
50 4 Car -1 -1 -2.0916 926 181 1104 266 1.5142 -1.3822 -3.3548 -1.6534 -7.6265 13.9505 -1.5913 9.9845
50 3 Car -1 -1 -1.8282 739 182 862 266 1.5422 -1.4208 -3.2771 -1.5969 -3.6602 14.326 -1.5781 12.6987
51 4 Car -1 -1 -2.0595 908 181 1069 260 1.5221 -1.4384 -3.2059 -1.6716 -7.6024 14.8893 -1.5874 11.284
51 3 Car -1 -1 -1.8286 730 182 844 259 1.5562 -1.4245 -3.3631 -1.6818 -3.6496 15.295 -1.5943 12.4227
52 4 Car -1 -1 -2.034 892 181 1039 255 1.5454 -1.4328 -3.3918 -1.6163 -7.6105 15.7661 -1.5843 11.1907
52 3 Car -1 -1 -1.8086 723 182 826 254 1.5143 -1.4031 -3.1352 -1.6483 -3.5965 16.2207 -1.5904 13.3452
53 4 Car -1 -1 -2.0166 878 181 1011 250 1.5063 -1.4404 -3.2406 -1.6497 -7.603 16.7069 -1.5895 12.4005
53 3 Car -1 -1 -1.7738 715 181 810 248 1.519 -1.4455 -3.1512 -1.6337 -3.5689 17.2926 -1.5703 12.6724
54 4 Car -1 -1 -2.0006 862 180 989 246 1.5176 -1.4305 -3.2804 -1.6353 -7.5715 17.6819 -1.596 11.643
54 3 Car -1 -1 -1.7861 709 179 797 243 1.5133 -1.4854 -3.1202 -1.6373 -3.5665 18.3288 -1.5939 12.3995
54 5 Car -1 -1 -2.3611 1155 191 1241 316 1.6723 -1.5222 -4.4618 -1.6885 -7.6504 7.2019 -1.5455 5.93
55 3 Car -1 -1 -1.7741 704 180 785 239 1.5439 -1.4321 -3.2951 -1.6308 -3.5201 19.4862 -1.5953 12.556
55 4 Car -1 -1 -1.9926 850 180 966 242 1.5165 -1.4742 -3.2662 -1.6473 -7.558 18.6562 -1.6077 12.4884
55 5 Car -1 -1 -2.3245 1119 185 1243 315 1.6495 -1.6342 -4.1968 -1.7617 -7.6878 7.8529 -1.5497 7.008
56 4 Car -1 -1 -1.965 839 180 947 239 1.5497 -1.4269 -3.4848 -1.627 -7.5205 19.5965 -1.5986 10.1896
56 3 Car -1 -1 -1.7539 697 179 773 234 1.5337 -1.3845 -3.3952 -1.6464 -3.49 20.5391 -1.5856 12.7958
56 5 Car -1 -1 -2.3167 1079 184 1240 318 1.6371 -1.5814 -4.0082 -1.6836 -7.7552 8.6459 -1.5856 8.2617
56 6 Car -1 -1 -2.581 1059 183 1241 374 1.6119 -1.5219 -4.0759 -1.5833 -3.2911 2.0515 -1.5676 4.8155
57 4 Car -1 -1 -1.9537 827 180 927 235 1.5215 -1.4149 -3.4107 -1.6095 -7.5028 20.5466 -1.6036 11.0878
57 3 Car -1 -1 -1.7678 691 179 763 231 1.5082 -1.4251 -3.2379 -1.6586 -3.4276 21.7289 -1.6113 12.8464
57 6 Car -1 -1 -2.4981 1019 193 1236 365 1.5688 -1.5093 -4.0313 -1.5887 -3.4022 2.6642 -1.5917 8.9488
57 5 Car -1 -1 -2.2851 1044 184 1242 311 1.6296 -1.5763 -4.1508 -1.6634 -7.7477 9.4151 -1.5965 9.4634
58 4 Car -1 -1 -1.9396 817 178 911 231 1.5131 -1.3925 -3.3443 -1.6171 -7.497 21.6453 -1.6062 9.887
58 3 Car -1 -1 -1.7428 686 179 753 228 1.5223 -1.441 -3.1639 -1.573 -3.4343 22.8243 -1.5935 11.9803
58 6 Car -1 -1 -2.3812 966 196 1239 375 1.5536 -1.4611 -3.9444 -1.6363 -3.3798 3.4706 -1.6091 9.3621
58 5 Car -1 -1 -2.228 1009 184 1242 303 1.5752 -1.4195 -4.0965 -1.6482 -7.6706 10.2708 -1.5866 11.3725
59 3 Car -1 -1 -1.7379 681 179 745 225 1.54 -1.4293 -3.1754 -1.6248 -3.4052 24.0046 -1.5969 12.5763
59 6 Car -1 -1 -2.239 920 202 1233 376 1.5264 -1.4085 -3.6512 -1.6716 -3.2983 4.2296 -1.5767 10.4761
59 5 Car -1 -1 -2.2118 980 184 1230 291 1.6229 -1.4815 -4.1084 -1.6462 -7.673 11.1093 -1.6074 10.4077
59 4 Car -1 -1 -1.9341 807 178 896 228 1.5272 -1.3694 -3.2698 -1.604 -7.4697 22.6335 -1.6153 10.4344
60 3 Car -1 -1 -1.7117 678 178 737 222 1.5498 -1.5 -3.307 -1.6749 -3.419 25.2338 -1.5771 12.3975
60 6 Car -1 -1 -2.1856 889 198 1232 375 1.5799 -1.4555 -3.5308 -1.6752 -3.3063 4.9326 -1.5951 10.377
60 5 Car -1 -1 -2.1823 959 182 1230 290 1.6413 -1.4863 -4.0414 -1.6277 -7.67 12.0039 -1.6137 11.0653
60 4 Car -1 -1 -1.9278 798 178 881 226 1.5083 -1.3763 -3.2607 -1.609 -7.405 23.6562 -1.6244 10.0999
61 3 Car -1 -1 -1.737 675 178 729 220 1.5263 -1.5086 -3.1446 -1.6787 -3.36 26.3991 -1.6104 12.5184
61 6 Car -1 -1 -2.1331 861 200 1234 374 1.5669 -1.4189 -3.6524 -1.6561 -3.2842 5.6823 -1.609 12.2016
61 4 Car -1 -1 -1.8874 791 178 867 224 1.5204 -1.4241 -3.3488 -1.6156 -7.4073 24.7738 -1.5969 12.2615
61 5 Car -1 -1 -2.1577 944 180 1193 284 1.6318 -1.4569 -4.1231 -1.5915 -7.6509 12.9608 -1.6245 11.0253
62 6 Car -1 -1 -2.0612 834 196 1233 375 1.5377 -1.3992 -3.5367 -1.6106 -3.2672 6.3619 -1.5867 13.4496
62 3 Car -1 -1 -1.7291 671 178 724 218 1.5341 -1.4278 -3.0572 -1.6471 -3.2984 27.672 -1.6105 11.5308
62 4 Car -1 -1 -1.9075 782 178 854 222 1.5398 -1.3945 -3.4527 -1.5784 -7.3663 25.7782 -1.6291 9.0576
62 5 Car -1 -1 -2.1168 927 179 1134 276 1.6362 -1.3965 -4.1199 -1.5614 -7.6281 13.826 -1.6127 9.9022
63 4 Car -1 -1 -1.8687 776 177 843 218 1.5262 -1.4146 -3.2923 -1.642 -7.3562 26.9044 -1.6018 10.7438
63 6 Car -1 -1 -2.0166 811 190 1143 375 1.5342 -1.4093 -3.4127 -1.6714 -3.2337 7.134 -1.591 14.1637
63 3 Car -1 -1 -1.7101 668 178 717 215 1.5233 -1.4004 -3.1987 -1.6303 -3.2847 29.0665 -1.5975 11.2404
63 5 Car -1 -1 -2.1048 900 180 1094 267 1.6024 -1.408 -3.9464 -1.6263 -7.5912 14.7102 -1.6284 9.6918
64 4 Car -1 -1 -1.8742 767 177 832 216 1.5421 -1.4149 -3.2846 -1.6034 -7.3236 28.1179 -1.6194 7.5413
64 6 Car -1 -1 -1.9862 795 190 1071 362 1.5406 -1.3697 -3.4048 -1.5915 -3.2039 7.9386 -1.6026 13.0943
64 3 Car -1 -1 -1.7336 665 178 711 213 1.5036 -1.4455 -3.0783 -1.6502 -3.2391 30.2713 -1.627 8.3607
64 5 Car -1 -1 -2.1096 885 178 1057 256 1.6192 -1.4767 -3.9497 -1.6682 -7.5502 15.6462 -1.66 9.8672
65 3 Car -1 -1 -1.7144 661 178 706 212 1.5084 -1.4432 -3.0699 -1.6624 -3.1653 31.6944 -1.6149 10.6006
65 6 Car -1 -1 -1.9547 777 191 1019 341 1.5063 -1.3945 -3.3696 -1.6473 -3.1893 8.6888 -1.6029 12.6366
65 4 Car -1 -1 -1.8908 759 177 820 214 1.5768 -1.4543 -3.6123 -1.6546 -7.2898 29.1104 -1.6454 8.2783
65 5 Car -1 -1 -2.0548 857 178 1022 251 1.6287 -1.4481 -3.8936 -1.6619 -7.5239 16.7353 -1.6323 9.7739
66 6 Car -1 -1 -1.9304 763 191 972 321 1.5515 -1.4528 -3.4309 -1.6578 -3.1595 9.5856 -1.6121 12.7813
66 4 Car -1 -1 -1.8404 754 177 811 212 1.5858 -1.4337 -3.6894 -1.699 -7.2677 30.552 -1.6069 6.4022
66 3 Car -1 -1 -1.718 658 178 700 210 1.5297 -1.4318 -3.1319 -1.6653 -3.1523 33.0372 -1.6229 9.0011
66 5 Car -1 -1 -2.0466 846 178 997 249 1.6028 -1.426 -3.9906 -1.6447 -7.5072 17.711 -1.6457 9.7768
67 6 Car -1 -1 -1.896 753 189 941 311 1.5522 -1.4144 -3.6408 -1.67 -3.1721 10.3865 -1.5996 13.7466
67 4 Car -1 -1 -1.8581 748 177 801 211 1.563 -1.4338 -3.549 -1.6867 -7.1144 31.7872 -1.638 5.0803
67 3 Car -1 -1 -1.7168 656 177 696 209 1.5228 -1.4352 -3.2012 -1.653 -3.0625 34.4897 -1.6283 9.3255
67 5 Car -1 -1 -2.0118 835 180 971 243 1.6193 -1.4095 -4.0641 -1.6342 -7.4905 18.8981 -1.6344 10.2237
68 4 Car -1 -1 -10 742 176 793 209 1.563 -1.4338 -3.549 -1.6867 -7.1144 31.7872 -10 0
68 6 Car -1 -1 -1.856 739 188 905 296 1.5751 -1.4478 -3.5724 -1.6823 -3.1239 11.3329 -1.587 12.9478
68 5 Car -1 -1 -1.9465 823 179 946 238 1.601 -1.4453 -3.8164 -1.6198 -7.5426 19.8123 -1.5827 9.651
68 3 Car -1 -1 -1.704 653 177 691 207 1.5419 -1.4209 -3.2824 -1.6407 -3.0499 35.8833 -1.6192 8.8884
69 4 Car -1 -1 -1.7986 735 176 784 208 1.5933 -1.4509 -3.6929 -1.7033 -7.0366 34.1212 -1.5952 4.3297
69 3 Car -1 -1 -1.688 651 177 687 206 1.5691 -1.4118 -3.4474 -1.6403 -3.0048 37.4557 -1.6079 8.0577
69 6 Car -1 -1 -1.8544 730 187 878 284 1.5614 -1.4105 -3.4177 -1.616 -3.1157 12.2671 -1.6057 13.3472
69 5 Car -1 -1 -1.9702 809 177 925 235 1.6463 -1.4934 -4.0704 -1.6642 -7.4643 21.1308 -1.6307 9.3743
69 7 Car -1 -1 -2.5715 1129 192 1241 374 1.6212 -1.4823 -4.0558 -1.5849 -3.6221 2.1344 -1.5332 4.1273
70 5 Car -1 -1 -1.9333 800 177 906 230 1.6445 -1.4619 -4.0258 -1.6651 -7.4592 22.2517 -1.6099 9.1196
70 3 Car -1 -1 -1.691 649 176 683 204 1.5067 -1.4388 -3.1207 -1.6722 -2.966 38.704 -1.6145 8.2153
70 4 Car -1 -1 -10 730 176 778 206 1.5933 -1.4509 -3.6929 -1.7033 -7.0366 34.1212 -10 0
70 6 Car -1 -1 -1.8248 722 185 856 275 1.5496 -1.3955 -3.4362 -1.6579 -3.0799 13.197 -1.5955 13.5093
70 7 Car -1 -1 -2.4847 1054 201 1241 375 1.5931 -1.5545 -3.9589 -1.6527 -3.6339 2.6775 -1.5489 6.4188
71 6 Car -1 -1 -1.8358 712 186 837 267 1.535 -1.3886 -3.2157 -1.6496 -3.0056 14.0401 -1.6249 12.274
71 5 Car -1 -1 -1.9227 792 178 888 227 1.6394 -1.4561 -4.0169 -1.6166 -7.3749 23.5249 -1.619 8.4847
71 3 Car -1 -1 -1.6708 646 176 679 203 1.5413 -1.3981 -3.2073 -1.7125 -2.9371 40.2053 -1.5979 7.4207
71 7 Car -1 -1 -2.4068 994 199 1240 375 1.6016 -1.5693 -4.0974 -1.6448 -3.568 3.2418 -1.5735 7.9808
71 4 Car -1 -1 1.2863 725 176 771 205 1.5612 -1.4511 -3.5062 -1.6503 -7.0223 36.5887 1.4759 4.014
72 6 Car -1 -1 -1.7851 705 185 819 260 1.5249 -1.4235 -3.2577 -1.6757 -3.0211 15.035 -1.5868 13.0036
72 7 Car -1 -1 -2.3393 947 193 1238 376 1.5957 -1.5065 -3.9444 -1.6383 -3.6354 3.969 -1.5977 10.5901
72 5 Car -1 -1 -1.901 782 178 872 224 1.6243 -1.4301 -3.9663 -1.587 -7.3497 24.66 -1.6113 11.0849
72 3 Car -1 -1 -1.6752 644 175 675 202 1.506 -1.4055 -3.1705 -1.6573 -2.8477 41.7811 -1.6072 6.0701
72 4 Car -1 -1 -10 720 176 764 204 1.5612 -1.4511 -3.5062 -1.6503 -7.0223 36.5887 -10 0
73 7 Car -1 -1 -2.2645 912 186 1234 375 1.587 -1.5356 -3.8423 -1.6584 -3.6289 4.7274 -1.6098 9.5927
73 5 Car -1 -1 -1.9186 771 176 858 220 1.6207 -1.4321 -3.9578 -1.6369 -7.2303 25.9877 -1.6473 8.0557
73 6 Car -1 -1 -1.7946 699 184 804 256 1.5537 -1.3716 -3.5057 -1.6643 -3.0153 16.0553 -1.6089 13.2738
73 3 Car -1 -1 -1.6717 642 175 673 200 1.5196 -1.3881 -3.1851 -1.6247 -2.8059 43.3136 -1.607 6.9611
73 4 Car -1 -1 -10 716 176 759 204 1.5612 -1.4511 -3.5062 -1.6503 -7.0223 36.5887 -10 0
74 6 Car -1 -1 -1.7668 692 183 790 250 1.5477 -1.4319 -3.5177 -1.6628 -2.9771 17.042 -1.5938 12.7954
74 5 Car -1 -1 -1.8619 765 176 844 218 1.6539 -1.524 -4.1097 -1.6293 -7.3004 27.3006 -1.6006 9.1782
74 7 Car -1 -1 -2.1893 881 184 1234 375 1.6015 -1.5231 -3.9004 -1.6478 -3.6038 5.558 -1.6141 12.0713
74 3 Car -1 -1 -1.6229 641 175 669 200 1.5906 -1.3989 -3.4321 -1.7541 -2.7823 44.8148 -1.5609 7.611
74 4 Car -1 -1 -10 710 176 753 204 1.5612 -1.4511 -3.5062 -1.6503 -7.0223 36.5887 -10 0
75 5 Car -1 -1 -1.8647 757 176 831 216 1.6296 -1.4689 -4.005 -1.5995 -7.2611 28.5665 -1.6158 10.2295
75 6 Car -1 -1 -1.7563 687 183 778 245 1.5349 -1.3911 -3.4535 -1.649 -2.9288 18.1048 -1.5959 13.1164
75 7 Car -1 -1 -2.1207 853 182 1234 375 1.6247 -1.5024 -3.9369 -1.6265 -3.5736 6.2552 -1.6017 12.3246
75 3 Car -1 -1 -1.6568 639 176 667 198 1.5257 -1.4013 -3.2237 -1.6876 -2.7204 46.3055 -1.5981 6.0207
75 4 Car -1 -1 -10 707 175 749 200 1.5612 -1.4511 -3.5062 -1.6503 -7.0223 36.5887 -10 0
76 5 Car -1 -1 -1.8504 751 177 819 213 1.6481 -1.4974 -4.0211 -1.6243 -7.1803 29.9033 -1.6148 10.4868
76 7 Car -1 -1 -2.0699 834 179 1230 376 1.6416 -1.5805 -3.9105 -1.6362 -3.5779 7.0659 -1.6011 13.4937
76 3 Car -1 -1 -1.6699 637 175 664 198 1.5567 -1.4045 -3.332 -1.7061 -2.5507 47.7058 -1.6165 6.384
76 6 Car -1 -1 -1.7617 684 183 765 241 1.5632 -1.3749 -3.5959 -1.6303 -2.9116 19.1175 -1.6106 11.8561
76 4 Car -1 -1 -10 704 175 741 202 1.5612 -1.4511 -3.5062 -1.6503 -7.0223 36.5887 -10 0
77 5 Car -1 -1 -1.8117 746 177 809 212 1.6563 -1.5076 -4.0994 -1.5982 -7.2403 31.3047 -1.5844 8.551
77 7 Car -1 -1 -2.0088 807 181 1141 365 1.6692 -1.5737 -4.0215 -1.6099 -3.5699 7.9361 -1.5861 12.7258
77 6 Car -1 -1 -1.7428 678 182 756 236 1.552 -1.4583 -3.3497 -1.661 -2.9079 20.176 -1.5996 11.6233
77 3 Car -1 -1 -1.6701 635 175 662 197 1.5781 -1.4236 -3.552 -1.7372 -2.5818 49.2898 -1.6178 6.6039
77 4 Car -1 -1 -10 696 175 737 199 1.5612 -1.4511 -3.5062 -1.6503 -7.0223 36.5887 -10 0
78 5 Car -1 -1 -1.8543 740 176 799 210 1.616 -1.4621 -4.0283 -1.6184 -7.1158 32.5603 -1.6391 10.6451
78 6 Car -1 -1 -1.745 673 182 747 233 1.5395 -1.4122 -3.3863 -1.6189 -2.8374 21.2999 -1.6126 13.4155
78 7 Car -1 -1 -1.982 790 179 1077 345 1.6495 -1.5769 -3.9363 -1.6433 -3.5475 8.7922 -1.5985 13.4307
78 3 Car -1 -1 -1.6423 634 175 659 196 1.5726 -1.443 -3.5785 -1.7038 -2.4788 50.7839 -1.5935 4.8836
79 5 Car -1 -1 -1.8276 735 176 791 209 1.6278 -1.4425 -3.9389 -1.5944 -7.0577 33.8842 -1.6222 9.6324
79 7 Car -1 -1 -1.9563 776 182 1020 324 1.6035 -1.5489 -3.7258 -1.6346 -3.5164 9.7127 -1.609 13.3386
79 6 Car -1 -1 -1.736 671 182 739 230 1.5273 -1.4256 -3.313 -1.634 -2.8087 22.3726 -1.6111 12.0919
79 3 Car -1 -1 -10 632 176 657 195 1.5726 -1.443 -3.5785 -1.7038 -2.4788 50.7839 -10 0
80 5 Car -1 -1 -1.8067 730 176 782 208 1.6181 -1.4709 -3.9156 -1.5804 -7.0477 35.1612 -1.6088 7.9471
80 7 Car -1 -1 -1.9248 762 180 975 307 1.6242 -1.4919 -3.8861 -1.6167 -3.522 10.5522 -1.6026 13.1747
80 6 Car -1 -1 -1.7294 666 181 731 227 1.5415 -1.4142 -3.2301 -1.6519 -2.7795 23.4371 -1.6113 12.4743
80 3 Car -1 -1 -1.6578 631 176 655 195 1.567 -1.4457 -3.3834 -1.6466 -2.417 53.8065 -1.6129 4.06
81 7 Car -1 -1 -1.8846 751 180 936 294 1.6194 -1.5243 -3.8713 -1.6311 -3.4683 11.5015 -1.5917 13.2654
81 5 Car -1 -1 -1.8371 725 176 776 206 1.6051 -1.4363 -3.8446 -1.6098 -6.9331 36.4037 -1.6489 5.952
81 6 Car -1 -1 -1.7289 662 180 724 224 1.5647 -1.4497 -3.5401 -1.6805 -2.7453 24.6077 -1.6178 11.0035
81 3 Car -1 -1 -10 629 176 652 194 1.567 -1.4457 -3.3834 -1.6466 -2.417 53.8065 -10 0
82 5 Car -1 -1 -1.8093 719 176 768 205 1.6703 -1.6367 -4.1696 -1.6862 -6.9558 37.9907 -1.6282 6.5147
82 6 Car -1 -1 -1.7188 659 180 717 222 1.5667 -1.4065 -3.4729 -1.6228 -2.7082 25.7254 -1.614 11.0272
82 7 Car -1 -1 -1.8801 739 179 905 284 1.6312 -1.5446 -3.8023 -1.6523 -3.4715 12.4107 -1.6073 14.3888
82 3 Car -1 -1 -1.6536 628 175 650 193 1.5814 -1.4425 -3.6411 -1.6258 -2.132 56.8812 -1.6161 4.3796
83 5 Car -1 -1 -1.7987 715 176 762 204 1.612 -1.429 -3.8537 -1.6032 -6.8931 39.2217 -1.6247 7.8199
83 7 Car -1 -1 -1.8483 730 178 878 274 1.6308 -1.4939 -4.0342 -1.6619 -3.4148 13.4499 -1.5996 14.9869
83 6 Car -1 -1 -1.7137 656 180 712 220 1.5397 -1.4075 -3.3377 -1.6158 -2.6643 26.8151 -1.6147 12.3537
83 3 Car -1 -1 -1.6237 626 175 648 193 1.5973 -1.4285 -3.7468 -1.6097 -2.1829 58.5892 -1.5864 5.5816
84 6 Car -1 -1 -1.7194 654 179 707 218 1.5708 -1.4566 -3.4013 -1.658 -2.6178 27.9681 -1.626 11.2527
84 7 Car -1 -1 -1.834 721 178 858 266 1.657 -1.5515 -4.0138 -1.6578 -3.4284 14.4698 -1.6013 13.6762
84 5 Car -1 -1 -1.8071 710 176 757 203 1.6562 -1.4922 -4.0643 -1.6235 -6.8605 40.6899 -1.64 6.9434
84 8 Car -1 -1 -2.8135 1004 181 1103 217 1.5439 -1.4495 -3.4288 -1.864 -19.6748 32.1423 -2.2642 4.8996
84 3 Car -1 -1 -1.6564 625 175 648 193 1.5846 -1.4456 -3.7539 -1.6851 -2.1885 60.3397 -1.6202 4.3802
85 7 Car -1 -1 -1.8063 713 179 837 259 1.6244 -1.4997 -3.7819 -1.6307 -3.4005 15.4931 -1.5903 13.2812
85 6 Car -1 -1 -1.724 651 179 701 216 1.5572 -1.42 -3.3016 -1.623 -2.6024 29.0906 -1.6348 10.9774
85 5 Car -1 -1 -1.783 706 176 752 202 1.6686 -1.5212 -4.0875 -1.6271 -6.805 41.9958 -1.6224 6.2818
85 8 Car -1 -1 -2.7946 983 178 1085 214 1.5443 -1.5072 -3.3948 -1.7843 -19.2506 32.6422 -2.2618 7.6478
86 6 Car -1 -1 -1.7211 648 179 697 214 1.543 -1.4529 -3.2357 -1.6753 -2.5347 30.1678 -1.6373 9.0766
86 7 Car -1 -1 -1.7957 705 178 820 253 1.6363 -1.5357 -3.846 -1.697 -3.3808 16.5718 -1.5944 14.1229
86 8 Car -1 -1 -2.8469 977 178 1069 211 1.4696 -1.4818 -3.0986 -1.7805 -18.8575 32.8542 -2.3259 6.8498
86 5 Car -1 -1 -10 703 175 748 202 1.6686 -1.5212 -4.0875 -1.6271 -6.805 41.9958 -10 0
86 9 Car -1 -1 -2.4076 1067 207 1243 375 1.5669 -1.4842 -4.0015 -1.5478 -3.5529 2.7724 -1.4994 5.1671
87 6 Car -1 -1 -1.6862 647 179 692 212 1.5354 -1.3955 -3.3654 -1.6778 -2.5087 31.3889 -1.6065 9.1092
87 8 Car -1 -1 -2.8079 962 178 1052 212 1.5046 -1.4747 -3.233 -1.7858 -18.5604 33.2203 -2.2984 7.245
87 7 Car -1 -1 -1.8025 701 178 801 248 1.6162 -1.4769 -3.8587 -1.6087 -3.3244 17.7048 -1.6169 13.4479
87 5 Car -1 -1 -10 698 175 741 200 1.6686 -1.5212 -4.0875 -1.6271 -6.805 41.9958 -10 0
87 9 Car -1 -1 -2.4095 1007 182 1242 374 1.6564 -1.7223 -4.2681 -1.6832 -3.6261 3.211 -1.5635 7.9519
88 6 Car -1 -1 -1.7015 645 179 688 211 1.5182 -1.3799 -3.2709 -1.714 -2.4483 32.6003 -1.6265 9.1268
88 7 Car -1 -1 -1.7727 694 178 791 244 1.6318 -1.5641 -3.9159 -1.6198 -3.3231 18.8315 -1.598 13.5215
88 9 Car -1 -1 -2.3399 949 172 1238 376 1.6078 -1.63 -3.8744 -1.6367 -3.6822 3.9735 -1.5925 9.6624
88 8 Car -1 -1 -2.8005 947 177 1041 211 1.5453 -1.4131 -3.4771 -1.8003 -18.0436 33.8394 -2.3107 10.1517
88 5 Car -1 -1 -10 693 175 735 200 1.6686 -1.5212 -4.0875 -1.6271 -6.805 41.9958 -10 0
89 8 Car -1 -1 -2.7995 939 178 1027 210 1.5721 -1.466 -3.5614 -1.7352 -17.6963 34.2699 -2.3229 8.7311
89 6 Car -1 -1 -1.6882 643 179 684 211 1.5578 -1.394 -3.515 -1.6864 -2.4253 33.7791 -1.6165 9.2088
89 7 Car -1 -1 -1.7631 689 177 776 239 1.6366 -1.5255 -4.0058 -1.6693 -3.2906 19.9322 -1.5995 14.4677
89 9 Car -1 -1 -2.2506 918 166 1240 375 1.6221 -1.7129 -3.8376 -1.6696 -3.6647 4.7318 -1.5916 10.2775
90 6 Car -1 -1 -1.6719 640 179 680 209 1.5884 -1.4217 -3.5482 -1.6751 -2.4243 35.0225 -1.6028 7.9439
90 7 Car -1 -1 -1.744 685 177 764 233 1.6138 -1.4932 -3.9511 -1.6385 -3.2648 21.1191 -1.5906 13.3596
90 9 Car -1 -1 -2.172 887 157 1232 374 1.6212 -1.6467 -4.086 -1.6255 -3.658 5.42 -1.5783 10.7474
90 8 Car -1 -1 -2.738 929 178 1015 209 1.5358 -1.5051 -3.5275 -1.7659 -17.3261 34.6736 -2.2746 9.2039
90 5 Car -1 -1 -10 687 176 720 196 1.6686 -1.5212 -4.0875 -1.6271 -6.805 41.9958 -10 0
91 6 Car -1 -1 -1.6864 639 178 677 208 1.5586 -1.4159 -3.3415 -1.6565 -2.292 36.2626 -1.6233 8.4885
91 7 Car -1 -1 -1.7504 679 177 755 231 1.6393 -1.5093 -4.0597 -1.6155 -3.2212 22.3793 -1.6075 13.2906
91 9 Car -1 -1 -2.1076 860 158 1232 375 1.6414 -1.6613 -3.9032 -1.6267 -3.6536 6.2543 -1.5789 10.8953
91 8 Car -1 -1 -2.7044 920 180 1007 213 1.5523 -1.4552 -3.4519 -1.8604 -17.0345 34.9324 -2.2507 7.3717
92 6 Car -1 -1 -1.6708 637 178 674 206 1.5569 -1.4504 -3.3169 -1.6899 -2.2803 37.4044 -1.6099 9.0745
92 7 Car -1 -1 -1.7424 674 176 745 227 1.6226 -1.5176 -3.986 -1.649 -3.1974 23.6557 -1.608 12.5543
92 9 Car -1 -1 -2.0605 835 159 1238 375 1.6701 -1.7039 -3.8626 -1.6407 -3.6381 7.0635 -1.5848 12.8453
92 8 Car -1 -1 -2.7131 912 177 1002 209 1.5936 -1.4635 -3.617 -1.6864 -16.8764 35.2439 -2.2665 4.1416
93 7 Car -1 -1 -1.7413 671 177 737 225 1.6378 -1.5058 -3.9409 -1.6474 -3.1693 24.809 -1.6142 12.0577
93 9 Car -1 -1 -2.037 814 164 1150 364 1.6445 -1.6628 -4.0045 -1.6298 -3.6195 7.8458 -1.6047 12.9777
93 6 Car -1 -1 -1.683 636 178 671 205 1.5796 -1.4028 -3.479 -1.6328 -2.2983 38.725 -1.6237 9.6309
94 7 Car -1 -1 -1.7332 667 176 729 222 1.6294 -1.5382 -3.9788 -1.6537 -3.1438 26.1439 -1.6135 11.775
94 9 Car -1 -1 -1.9959 794 165 1084 346 1.6764 -1.6625 -4.0172 -1.6344 -3.5951 8.7629 -1.6066 12.2143
94 6 Car -1 -1 -1.6874 633 178 668 205 1.5515 -1.4306 -3.3952 -1.6546 -2.1968 40.0077 -1.6325 6.7374
95 7 Car -1 -1 -1.7123 663 176 722 219 1.6229 -1.4855 -3.858 -1.6372 -3.1353 27.4347 -1.5985 11.5252
95 9 Car -1 -1 -1.955 781 166 1027 325 1.6486 -1.6664 -3.9962 -1.6409 -3.578 9.5555 -1.5967 13.7325
95 6 Car -1 -1 -1.6354 632 177 666 204 1.569 -1.4129 -3.5234 -1.7794 -2.1393 41.2515 -1.5836 6.7985
96 9 Car -1 -1 -1.9197 767 167 986 308 1.6407 -1.6165 -3.9273 -1.6099 -3.5713 10.5108 -1.5922 13.3207
96 7 Car -1 -1 -1.7138 661 177 717 217 1.6355 -1.4997 -3.9386 -1.6294 -3.1193 28.8677 -1.6062 11.92
96 6 Car -1 -1 -1.6856 630 177 663 203 1.5907 -1.4172 -3.5447 -1.7127 -2.0706 42.4778 -1.6369 4.8999
96 10 Car -1 -1 -2.5312 1138 211 1242 374 1.572 -1.49 -3.8465 -1.5867 -3.5307 2.2534 -1.5285 4.1009
97 9 Car -1 -1 -1.8948 755 168 948 298 1.6895 -1.7148 -4.0616 -1.687 -3.5851 11.4519 -1.5915 12.2052
97 10 Car -1 -1 -2.4546 1047 206 1242 374 1.5617 -1.5109 -3.9915 -1.5952 -3.5534 2.8695 -1.5631 9.7664
97 7 Car -1 -1 -1.6992 658 176 711 214 1.613 -1.4942 -3.6626 -1.6502 -3.0655 30.1597 -1.598 11.2383
97 6 Car -1 -1 -1.6872 630 177 661 201 1.5939 -1.4331 -3.6757 -1.7253 -1.9317 43.8096 -1.6432 5.9598
97 8 Car -1 -1 -2.5692 875 174 948 207 1.5596 -1.4366 -3.5408 -1.7539 -15.3352 37.2187 -2.1784 4.1807
98 9 Car -1 -1 -1.866 742 167 915 284 1.6468 -1.6247 -3.9774 -1.6578 -3.5378 12.3072 -1.5861 13.644
98 7 Car -1 -1 -1.7122 655 176 704 212 1.6559 -1.4946 -4.2106 -1.6099 -3.0429 31.7121 -1.6165 10.677
98 10 Car -1 -1 -2.3337 978 201 1242 375 1.5418 -1.4797 -3.6823 -1.6541 -3.5831 3.8252 -1.581 9.8273
98 8 Car -1 -1 -2.6275 869 175 941 206 1.4914 -1.4409 -3.2386 -1.7933 -15.1874 37.2884 -2.2407 8.0109
98 6 Car -1 -1 -1.6274 629 177 658 200 1.5919 -1.4389 -3.6642 -1.6653 -1.9425 45.1301 -1.5843 4.5748
99 10 Car -1 -1 -2.2294 928 195 1238 376 1.5252 -1.4687 -3.4833 -1.6848 -3.5984 4.7239 -1.5784 9.1673
99 7 Car -1 -1 -1.6826 653 176 699 211 1.6638 -1.5415 -3.9374 -1.6746 -2.9884 33.0842 -1.5925 10.3519
99 8 Car -1 -1 -2.6252 860 175 936 205 1.5572 -1.4336 -3.404 -1.7881 -14.9247 37.6633 -2.2479 6.795
99 9 Car -1 -1 -1.8566 733 166 888 275 1.6748 -1.6421 -3.9987 -1.5818 -3.5067 13.316 -1.5991 13.9331
99 6 Car -1 -1 -1.6564 628 177 656 199 1.5817 -1.4074 -3.5501 -1.6774 -1.9771 46.4628 -1.6139 6.4329
100 10 Car -1 -1 -2.1583 898 192 1235 375 1.5007 -1.4562 -3.4382 -1.6566 -3.5925 5.5474 -1.5836 11.0335
100 8 Car -1 -1 -2.605 854 175 925 205 1.5428 -1.5226 -3.4211 -1.7481 -14.6169 38.0873 -2.2385 8.3656
100 7 Car -1 -1 -1.6982 652 176 694 209 1.6188 -1.5102 -3.7864 -1.6449 -2.9781 34.491 -1.612 9.3837
100 9 Car -1 -1 -1.8348 724 168 867 268 1.6609 -1.6566 -3.9012 -1.646 -3.4672 14.2421 -1.596 12.9034
100 6 Car -1 -1 -1.6427 627 176 654 198 1.6128 -1.422 -3.7343 -1.75 -1.9237 47.97 -1.6026 6.156
101 8 Car -1 -1 -2.583 848 175 921 205 1.5161 -1.4091 -3.3735 -1.7798 -14.3878 38.3696 -2.2242 8.6725
101 10 Car -1 -1 -2.0865 866 191 1235 375 1.5413 -1.4415 -3.3105 -1.691 -3.6137 6.4727 -1.5773 13.3275
101 9 Car -1 -1 -1.8256 717 168 847 261 1.6706 -1.7205 -3.9347 -1.6544 -3.4496 15.2093 -1.6026 13.0759
101 7 Car -1 -1 -1.7024 649 175 689 208 1.6559 -1.5015 -3.9577 -1.6578 -2.8761 35.993 -1.6227 9.4512
101 6 Car -1 -1 -1.6546 626 176 652 197 1.5909 -1.4165 -3.576 -1.6375 -1.8416 49.0847 -1.6171 6.1285
102 8 Car -1 -1 -2.5546 842 175 914 204 1.537 -1.3935 -3.5191 -1.7592 -14.2544 38.5953 -2.2008 9.1827
102 10 Car -1 -1 -2.0239 840 191 1154 373 1.5582 -1.402 -3.5245 -1.6239 -3.5991 7.4698 -1.5749 13.2091
102 7 Car -1 -1 -1.7013 646 175 685 206 1.6123 -1.5058 -3.7804 -1.6917 -2.8198 37.4297 -1.6261 9.2408
102 9 Car -1 -1 -1.8095 709 169 829 253 1.6331 -1.6139 -3.8699 -1.6356 -3.4301 16.1923 -1.6008 13.1133
102 11 Car -1 -1 -2.3841 1130 194 1242 323 1.6025 -1.5722 -4.1733 -1.697 -7.5822 7.2634 -1.5772 6.5273
102 6 Car -1 -1 -1.6244 623 175 649 197 1.6056 -1.4509 -3.8579 -1.6594 -1.8207 50.5473 -1.5884 4.4819
103 8 Car -1 -1 -2.5781 837 175 908 202 1.542 -1.4012 -3.5737 -1.7428 -14.1104 38.7902 -2.2292 9.9084
103 10 Car -1 -1 -1.9819 815 187 1080 351 1.5222 -1.4924 -3.3319 -1.6777 -3.5758 8.3186 -1.5759 11.3754
103 7 Car -1 -1 -1.6808 644 176 681 205 1.6318 -1.5322 -3.7385 -1.6767 -2.8035 38.9887 -1.609 8.2361
103 9 Car -1 -1 -1.8092 706 170 814 249 1.68 -1.5465 -4.1001 -1.6205 -3.4108 17.3004 -1.6145 11.9396
103 11 Car -1 -1 -2.3323 1081 185 1243 324 1.6308 -1.5523 -4.0658 -1.7022 -7.5427 8.2463 -1.5914 9.7391
104 10 Car -1 -1 -1.9516 797 186 1021 331 1.5354 -1.4041 -3.2876 -1.6085 -3.5452 9.2464 -1.5854 13.2894
104 9 Car -1 -1 -1.7845 700 171 799 244 1.6398 -1.5836 -4.0997 -1.6178 -3.3757 18.2644 -1.6018 12.7346
104 7 Car -1 -1 -1.6932 641 176 677 203 1.5912 -1.4289 -3.6429 -1.6904 -2.6757 40.4478 -1.6271 7.4823
104 8 Car -1 -1 -2.5526 834 175 906 203 1.5145 -1.3873 -3.4881 -1.7215 -13.9121 39.0699 -2.2105 10.9579
104 11 Car -1 -1 -2.2672 1042 182 1242 322 1.6092 -1.5477 -3.6972 -1.6959 -7.5156 9.3012 -1.5875 11.8702
104 6 Car -1 -1 -1.6374 621 175 645 195 1.5849 -1.4434 -3.6197 -1.6319 -1.6725 53.4182 -1.6061 4.0551
105 9 Car -1 -1 -1.7648 693 171 788 241 1.6672 -1.6777 -4.0933 -1.6333 -3.3684 19.3781 -1.5927 12.8439
105 10 Car -1 -1 -1.9231 781 187 975 310 1.5537 -1.5055 -3.433 -1.6526 -3.5472 10.2318 -1.5894 13.2969
105 11 Car -1 -1 -2.2195 999 182 1243 310 1.6183 -1.4816 -4.1604 -1.6348 -7.4882 10.1786 -1.5852 12.7592
105 7 Car -1 -1 -1.6909 640 175 674 203 1.5719 -1.4108 -3.4662 -1.687 -2.6204 41.9579 -1.6285 7.2695
105 8 Car -1 -1 -2.5448 831 176 903 204 1.5239 -1.4412 -3.5157 -1.7183 -13.7977 39.313 -2.2073 9.9873
106 9 Car -1 -1 -1.7485 688 171 777 237 1.6858 -1.6759 -4.0197 -1.6835 -3.343 20.4423 -1.5864 11.748
106 10 Car -1 -1 -1.9145 767 186 936 295 1.562 -1.5385 -3.2669 -1.7172 -3.5152 11.1855 -1.61 12.3107
106 11 Car -1 -1 -2.1678 969 181 1231 298 1.6479 -1.5196 -4.1259 -1.6361 -7.4728 11.1705 -1.5782 13.0217
106 7 Car -1 -1 -1.6936 637 175 671 201 1.6289 -1.4854 -3.9593 -1.6963 -2.5819 43.7 -1.6346 8.1846
106 8 Car -1 -1 -2.527 820 177 898 207 1.5188 -1.4059 -3.4639 -1.649 -13.5855 39.5045 -2.1958 10.0358
107 10 Car -1 -1 -1.8652 752 185 903 285 1.537 -1.4351 -3.2865 -1.6742 -3.533 12.1933 -1.5831 14.648
107 9 Car -1 -1 -1.7542 683 171 766 233 1.6504 -1.6421 -3.9575 -1.6351 -3.3073 21.5211 -1.6017 13.0256
107 11 Car -1 -1 -2.1389 947 182 1205 288 1.6245 -1.4289 -4.0569 -1.593 -7.4442 12.1508 -1.5892 14.007
107 8 Car -1 -1 -2.5411 819 176 890 204 1.554 -1.5116 -3.5272 -1.6881 -13.4346 39.7651 -2.2153 10.0095
107 7 Car -1 -1 -1.687 635 175 668 200 1.6238 -1.4606 -3.7791 -1.6923 -2.5657 45.3069 -1.6305 7.7966
108 9 Car -1 -1 -1.7537 678 171 755 229 1.6776 -1.6383 -4.0563 -1.6563 -3.2596 22.5842 -1.6103 12.5073
108 10 Car -1 -1 -1.8324 741 183 880 275 1.5222 -1.4567 -3.1303 -1.6415 -3.5362 13.2631 -1.5718 14.0327
108 11 Car -1 -1 -2.1248 921 180 1151 276 1.5965 -1.4166 -4.0372 -1.6354 -7.4098 13.0938 -1.6098 13.4166
108 8 Car -1 -1 -2.5112 817 176 885 203 1.5742 -1.4911 -3.5167 -1.7196 -13.3318 39.9165 -2.1889 9.269
108 7 Car -1 -1 -1.6367 634 174 665 199 1.5847 -1.4695 -3.6363 -1.6524 -2.587 46.7072 -1.5814 6.4013
109 9 Car -1 -1 -1.7414 675 171 748 227 1.6778 -1.7376 -3.7897 -1.6978 -3.2517 23.6076 -1.6045 11.2929
109 8 Car -1 -1 -2.496 813 175 882 202 1.5568 -1.489 -3.5307 -1.7294 -13.2735 40.0687 -2.1761 9.7683
109 10 Car -1 -1 -1.8386 731 182 857 265 1.554 -1.5458 -3.4576 -1.6821 -3.5022 14.2631 -1.5979 13.4214
109 11 Car -1 -1 -2.0763 903 179 1106 267 1.611 -1.44 -4.1181 -1.6085 -7.4095 14.0937 -1.5922 14.6246
109 7 Car -1 -1 -1.6648 632 174 662 198 1.6746 -1.589 -4.2301 -1.6563 -2.3811 48.6748 -1.6159 6.216
110 11 Car -1 -1 -2.0432 883 180 1068 260 1.6196 -1.3943 -4.0356 -1.6089 -7.416 15.1576 -1.5882 14.0715
110 9 Car -1 -1 -1.7349 671 172 740 225 1.6662 -1.6512 -3.8818 -1.6331 -3.2275 24.8707 -1.6059 11.4116
110 8 Car -1 -1 -2.4903 811 175 880 202 1.5419 -1.4921 -3.5066 -1.719 -13.1138 40.2755 -2.1756 10.0472
110 10 Car -1 -1 -1.8 722 182 839 260 1.5374 -1.5207 -3.1972 -1.679 -3.4907 15.3041 -1.5758 13.3434
110 7 Car -1 -1 -1.6614 631 174 659 197 1.6349 -1.4366 -3.8832 -1.583 -2.3605 50.0572 -1.6143 6.3715
111 8 Car -1 -1 -2.4916 809 175 878 202 1.5485 -1.4694 -3.6018 -1.6898 -13.0323 40.4601 -2.18 10.7934
111 11 Car -1 -1 -2.0295 868 178 1032 254 1.6213 -1.4465 -4.1139 -1.69 -7.4035 16.2515 -1.602 12.9888
111 9 Car -1 -1 -1.7332 668 171 733 222 1.6492 -1.5988 -3.82 -1.5855 -3.1644 25.9367 -1.6118 12.3791
111 10 Car -1 -1 -1.796 717 181 821 253 1.5281 -1.402 -3.2554 -1.6539 -3.4743 16.3235 -1.5863 12.0035
111 7 Car -1 -1 -10 629 174 657 196 1.6349 -1.4366 -3.8832 -1.583 -2.3605 50.0572 -10 0
112 8 Car -1 -1 -2.4771 806 175 874 202 1.547 -1.4418 -3.5615 -1.6971 -12.9575 40.5185 -2.1675 10.4672
112 11 Car -1 -1 -2.0015 852 178 1002 250 1.6311 -1.4158 -4.2734 -1.6458 -7.3849 17.2196 -1.5964 15.1403
112 9 Car -1 -1 -1.7154 664 171 725 220 1.6665 -1.6726 -3.9311 -1.6389 -3.1403 27.1777 -1.6004 10.6204
112 10 Car -1 -1 -1.785 709 180 805 248 1.5627 -1.4414 -3.4597 -1.6327 -3.4701 17.4498 -1.5887 11.7429
112 7 Car -1 -1 -1.6772 627 174 655 196 1.6049 -1.483 -3.8367 -1.616 -2.135 52.9489 -1.6369 5.39
113 8 Car -1 -1 -2.4563 804 175 871 202 1.5402 -1.4262 -3.4348 -1.6934 -12.8517 40.6475 -2.1501 10.9524
113 11 Car -1 -1 -1.9748 837 179 978 244 1.6296 -1.4094 -4.283 -1.6375 -7.3751 18.2434 -1.5906 14.1095
113 9 Car -1 -1 -1.7171 662 170 719 218 1.6549 -1.6252 -3.833 -1.6073 -3.1201 28.2003 -1.6069 10.9534
113 10 Car -1 -1 -1.7817 704 180 791 243 1.5463 -1.441 -3.2701 -1.61 -3.4415 18.5668 -1.5984 12.8272
113 7 Car -1 -1 -10 626 174 652 195 1.6049 -1.483 -3.8367 -1.616 -2.135 52.9489 -10 0
114 9 Car -1 -1 -1.724 659 171 715 217 1.6585 -1.6541 -3.8881 -1.5864 -3.0738 29.3732 -1.6198 10.9226
114 8 Car -1 -1 -2.4604 803 175 869 202 1.5042 -1.4482 -3.4907 -1.6917 -12.7992 40.7307 -2.1559 8.401
114 11 Car -1 -1 -1.9562 827 179 953 241 1.6569 -1.4453 -4.3721 -1.6398 -7.3748 19.3634 -1.5923 13.9344
114 10 Car -1 -1 -1.7516 698 179 779 239 1.5309 -1.411 -3.2405 -1.6388 -3.4299 19.6955 -1.5792 12.6352
114 7 Car -1 -1 -1.6604 626 175 650 194 1.5961 -1.4533 -3.9462 -1.5826 -1.9663 56.1028 -1.6254 4.6645
115 9 Car -1 -1 -1.7071 656 172 709 215 1.6833 -1.6383 -3.933 -1.6324 -3.088 30.5206 -1.6062 9.5662
115 11 Car -1 -1 -1.9465 818 178 932 237 1.6192 -1.3925 -4.0372 -1.6136 -7.3367 20.4356 -1.6018 12.6826
115 10 Car -1 -1 -1.7711 693 180 769 233 1.5263 -1.4222 -3.2814 -1.6274 -3.3947 20.7785 -1.6092 12.8059
115 8 Car -1 -1 -2.4449 801 175 867 202 1.5168 -1.491 -3.4783 -1.748 -12.6232 40.9908 -2.1462 5.8552
115 7 Car -1 -1 -1.677 622 174 647 192 1.5948 -1.4328 -3.7058 -1.5443 -1.9616 57.7915 -1.6431 5.6403
116 9 Car -1 -1 -1.7107 655 172 704 213 1.6311 -1.5956 -3.5944 -1.6015 -2.9857 31.5704 -1.6164 10.135
116 11 Car -1 -1 -1.9214 807 178 915 233 1.6388 -1.4009 -4.2521 -1.615 -7.3396 21.5038 -1.5925 11.9054
116 10 Car -1 -1 -1.7358 688 179 759 231 1.5524 -1.4489 -3.319 -1.6519 -3.3938 22.0065 -1.5828 11.7201
116 8 Car -1 -1 -2.4534 803 175 871 203 1.5338 -1.4694 -3.6733 -1.7417 -12.6336 40.9644 -2.1543 4.8091
117 9 Car -1 -1 -1.7096 651 172 699 212 1.6997 -1.6925 -3.9648 -1.6335 -2.9281 32.8674 -1.6208 8.7614
117 11 Car -1 -1 -1.9113 796 178 896 229 1.6282 -1.4363 -3.952 -1.6223 -7.3099 22.5088 -1.5973 14.1294
117 10 Car -1 -1 -1.7388 684 179 750 228 1.5507 -1.4461 -3.2931 -1.6317 -3.3575 23.1285 -1.5946 12.196
117 8 Car -1 -1 -2.4741 801 174 871 202 1.5327 -1.4761 -3.613 -1.5889 -12.7471 40.9209 -2.1721 4.4458
118 9 Car -1 -1 -1.6898 649 172 696 210 1.6878 -1.7003 -3.9133 -1.7201 -2.8991 33.999 -1.6047 8.4717
118 10 Car -1 -1 -1.7483 679 179 743 225 1.5347 -1.4077 -3.3266 -1.6516 -3.3385 24.2868 -1.6117 12.9636
118 11 Car -1 -1 -1.8999 789 178 879 225 1.6563 -1.4367 -4.2916 -1.6221 -7.2662 23.7539 -1.603 13.2723
118 8 Car -1 -1 -10 804 175 870 203 1.5327 -1.4761 -3.613 -1.5889 -12.7471 40.9209 -10 0
118 7 Car -1 -1 -1.6884 619 174 642 192 1.5977 -1.4466 -3.79 -1.6317 -1.7464 62.3542 -1.6604 4.0452
119 10 Car -1 -1 -1.7366 676 179 735 223 1.5585 -1.484 -3.4223 -1.6627 -3.2942 25.5195 -1.6082 10.4167
119 9 Car -1 -1 -1.6778 646 172 692 209 1.6691 -1.6483 -3.9782 -1.5761 -2.822 35.1749 -1.5977 9.1696
119 11 Car -1 -1 -1.9 781 177 866 222 1.6354 -1.4497 -4.1196 -1.6327 -7.2772 24.7443 -1.6139 12.2783
119 8 Car -1 -1 -10 800 174 864 204 1.5327 -1.4761 -3.613 -1.5889 -12.7471 40.9209 -10 0
120 10 Car -1 -1 -1.7088 672 179 728 220 1.5226 -1.4568 -3.0597 -1.6091 -3.257 26.6501 -1.5871 10.8482
120 9 Car -1 -1 -1.6988 644 171 689 207 1.6665 -1.638 -3.9335 -1.6238 -2.7916 36.2683 -1.622 8.7546
120 11 Car -1 -1 -1.8785 772 177 856 220 1.6427 -1.4243 -4.2128 -1.6259 -7.2188 25.9266 -1.607 12.0018
120 8 Car -1 -1 -2.4677 799 175 866 203 1.5274 -1.4128 -3.4786 -1.6014 -12.6834 40.919 -2.1672 5.2712
121 8 Car -1 -1 -2.4308 801 176 866 202 1.5568 -1.4604 -3.6792 -1.6908 -12.6515 40.9878 -2.1314 5.9132
121 9 Car -1 -1 -1.6696 643 172 686 206 1.6771 -1.7013 -3.9827 -1.6925 -2.7843 37.6092 -1.5957 6.2712
121 11 Car -1 -1 -1.8743 765 177 843 219 1.649 -1.4457 -4.0542 -1.6248 -7.2013 26.9506 -1.6132 12.3884
121 10 Car -1 -1 -1.7167 669 178 723 218 1.5297 -1.4399 -3.2348 -1.6777 -3.2271 27.9069 -1.6016 10.8795
122 8 Car -1 -1 -2.4497 804 175 867 202 1.5484 -1.4319 -3.6773 -1.7229 -12.6249 40.9356 -2.1506 8.264
122 11 Car -1 -1 -1.8511 760 176 833 217 1.672 -1.5222 -4.3694 -1.6472 -7.1669 28.2266 -1.6025 10.7253
122 9 Car -1 -1 -1.7014 641 173 682 205 1.6406 -1.6516 -3.8031 -1.6094 -2.6986 38.7008 -1.6318 9.1761
122 10 Car -1 -1 -1.7309 667 178 717 215 1.5489 -1.4435 -3.2473 -1.6581 -3.189 29.1955 -1.6221 11.9067
123 8 Car -1 -1 -2.4713 805 175 867 202 1.5212 -1.4624 -3.3622 -1.7061 -12.6938 40.93 -2.1706 7.7713
123 11 Car -1 -1 -1.8509 754 177 824 215 1.6556 -1.4322 -4.0622 -1.6168 -7.1261 29.2575 -1.612 10.7836
123 10 Car -1 -1 -1.7233 664 178 712 214 1.5655 -1.4578 -3.3696 -1.6715 -3.1521 30.4975 -1.6203 9.4536
123 9 Car -1 -1 -1.6718 639 172 678 204 1.6697 -1.6661 -3.741 -1.6101 -2.6898 39.9932 -1.6046 7.2259
124 8 Car -1 -1 -2.4576 800 175 867 202 1.5107 -1.4509 -3.3641 -1.7243 -12.6452 40.9791 -2.1582 9.8908
124 11 Car -1 -1 -1.8596 748 178 814 213 1.63 -1.4296 -4.2012 -1.6418 -7.0759 30.3789 -1.6308 10.408
124 10 Car -1 -1 -1.7346 661 177 707 212 1.5265 -1.3758 -3.2329 -1.639 -3.1037 31.5556 -1.6365 10.7192
124 9 Car -1 -1 -1.6687 637 172 675 203 1.6386 -1.5836 -3.7853 -1.5857 -2.5768 41.304 -1.6064 7.5319
124 12 Car -1 -1 -2.3939 1103 90 1241 374 1.8353 -2.1005 -5.0284 -1.6339 -7.0927 6.584 -1.5713 4.7909
125 8 Car -1 -1 -2.4663 800 175 867 202 1.4768 -1.4108 -3.2833 -1.6832 -12.6752 40.9011 -2.1658 9.7669
125 11 Car -1 -1 -1.8324 743 177 804 212 1.645 -1.4604 -4.2571 -1.6095 -7.0386 31.4533 -1.6123 10.7792
125 9 Car -1 -1 -1.665 637 172 671 203 1.6481 -1.6238 -3.7837 -1.627 -2.5614 42.5473 -1.6049 7.1935
125 10 Car -1 -1 -1.7227 659 178 702 211 1.5382 -1.4069 -3.1763 -1.6883 -3.1009 32.7868 -1.6284 10.0229
125 12 Car -1 -1 -2.3468 1058 104 1241 374 1.8603 -2.1193 -4.6939 -1.6257 -7.0869 7.5751 -1.5947 7.7186
126 8 Car -1 -1 -2.4569 801 175 867 202 1.5016 -1.4185 -3.4299 -1.69 -12.6553 40.948 -2.1572 10.3632
126 11 Car -1 -1 -1.8342 737 176 796 210 1.6714 -1.4946 -4.1209 -1.642 -7.0538 32.6954 -1.6217 10.2752
126 9 Car -1 -1 -1.6352 635 172 668 202 1.6421 -1.6564 -3.7937 -1.6591 -2.5444 43.7909 -1.5772 5.9542
126 10 Car -1 -1 -1.6921 656 177 698 209 1.5296 -1.4342 -3.1259 -1.7155 -3.0739 34.0508 -1.6021 9.4913
126 12 Car -1 -1 -2.244 1030 124 1241 356 1.7821 -2.0676 -4.3057 -1.6383 -7.0871 8.6148 -1.5556 6.8401
127 8 Car -1 -1 -2.4596 800 175 867 202 1.5171 -1.4741 -3.4103 -1.7179 -12.6838 40.9425 -2.1591 9.8426
127 11 Car -1 -1 -1.8273 733 176 789 209 1.6566 -1.454 -4.1803 -1.6169 -6.9842 33.7923 -1.6235 10.0405
127 10 Car -1 -1 -1.6748 654 177 694 208 1.5259 -1.421 -3.2851 -1.6499 -3.0246 35.2157 -1.5892 9.5835
127 9 Car -1 -1 -1.6339 633 172 665 201 1.6149 -1.6544 -3.71 -1.6464 -2.5034 44.9905 -1.5783 5.447
127 12 Car -1 -1 -2.2161 980 129 1241 334 1.817 -2.0852 -4.5877 -1.6423 -7.0201 9.656 -1.5874 8.0869
128 8 Car -1 -1 -2.4469 800 175 867 202 1.518 -1.4783 -3.4212 -1.7244 -12.6512 40.9656 -2.1474 10.1231
128 11 Car -1 -1 -1.8411 728 175 782 208 1.6466 -1.455 -4.1502 -1.6095 -6.9456 34.9848 -1.6452 10.2386
128 10 Car -1 -1 -1.7072 652 177 690 207 1.5565 -1.4649 -3.3339 -1.6476 -2.9515 36.4793 -1.6265 8.2677
128 9 Car -1 -1 -10 632 172 664 200 1.6149 -1.6544 -3.71 -1.6464 -2.5034 44.9905 -10 0
128 12 Car -1 -1 -2.1596 955 136 1241 308 1.7781 -2.0166 -4.4155 -1.5883 -7.0122 10.6535 -1.5774 7.8304
129 11 Car -1 -1 -1.8041 724 176 774 207 1.6807 -1.4555 -4.3709 -1.6888 -6.9401 36.2353 -1.6149 8.6823
129 8 Car -1 -1 -2.4479 800 175 867 202 1.5333 -1.3885 -3.5798 -1.6851 -12.6625 40.9595 -2.1481 10.8739
129 10 Car -1 -1 -1.6909 650 177 687 206 1.5413 -1.4321 -3.2478 -1.6858 -2.9099 37.7143 -1.6139 8.2691
129 9 Car -1 -1 -1.6341 630 172 661 199 1.6363 -1.6124 -3.8507 -1.6239 -2.3276 47.5858 -1.5852 5.4058
129 12 Car -1 -1 -2.1345 927 148 1223 295 1.7944 -1.9109 -4.5139 -1.5988 -6.9975 11.6439 -1.5934 10.6556
130 8 Car -1 -1 -2.4683 800 175 867 202 1.5178 -1.4174 -3.482 -1.7222 -12.6774 40.95 -2.168 10.0155
130 10 Car -1 -1 -1.6966 647 177 684 205 1.5247 -1.4002 -3.1435 -1.708 -2.8956 38.7838 -1.622 7.6131
130 11 Car -1 -1 -1.8031 719 176 768 206 1.6452 -1.424 -4.133 -1.6419 -6.8506 37.286 -1.6214 9.7382
130 9 Car -1 -1 -1.5967 629 172 659 198 1.6307 -1.5693 -3.9149 -1.5302 -2.3061 48.9688 -1.5496 5.5254
130 12 Car -1 -1 -2.104 908 143 1161 283 1.7927 -2.0201 -4.34 -1.5999 -7.0241 12.6597 -1.5975 9.4031
131 11 Car -1 -1 -1.7879 716 176 763 205 1.6439 -1.4288 -4.1507 -1.6495 -6.8248 38.4415 -1.6122 8.3757
131 8 Car -1 -1 -2.4609 800 175 867 202 1.5166 -1.4244 -3.4279 -1.7007 -12.6851 40.9303 -2.1604 9.2371
131 10 Car -1 -1 -1.6859 646 177 681 204 1.5549 -1.3997 -3.3686 -1.7029 -2.8377 40.083 -1.6152 7.0995
131 9 Car -1 -1 -1.6483 628 172 657 197 1.6171 -1.5314 -3.7644 -1.4171 -2.2978 50.3239 -1.6027 5.0455
131 12 Car -1 -1 -2.0723 886 148 1107 272 1.8024 -1.9922 -4.294 -1.5993 -6.9911 13.7353 -1.6014 7.0219
132 8 Car -1 -1 -2.4628 800 175 867 202 1.5567 -1.4575 -3.4944 -1.7357 -12.714 40.9404 -2.1617 10.0821
132 11 Car -1 -1 -1.7962 710 176 757 204 1.6364 -1.4311 -4.1138 -1.6389 -6.7568 39.7472 -1.6278 8.4153
132 10 Car -1 -1 -1.6592 644 177 678 203 1.5746 -1.4133 -3.4068 -1.7048 -2.8363 41.4119 -1.5908 8.1492
132 9 Car -1 -1 -1.6536 626 172 655 197 1.6275 -1.6038 -3.823 -1.5076 -2.1491 51.6746 -1.6121 4.125
132 12 Car -1 -1 -2.0326 871 147 1070 265 1.8095 -2.049 -4.4033 -1.6025 -7.0259 14.7502 -1.5881 11.2124
133 8 Car -1 -1 -2.4573 800 175 865 202 1.5057 -1.4567 -3.4324 -1.6914 -12.6717 40.9543 -2.1573 9.5963
133 11 Car -1 -1 -1.7835 707 175 753 203 1.6409 -1.452 -4.0901 -1.6476 -6.7103 40.771 -1.6204 8.3315
133 10 Car -1 -1 -1.7339 642 177 675 202 1.5534 -1.3919 -3.2617 -1.7014 -2.7241 42.6696 -1.6702 5.8889
133 9 Car -1 -1 -1.6435 625 172 653 196 1.6514 -1.5972 -3.8596 -1.458 -2.0574 53.095 -1.6047 4.2544
133 12 Car -1 -1 -2.0072 852 149 1034 258 1.8165 -2.0503 -4.5207 -1.6112 -6.9964 15.8526 -1.5916 9.1547
134 11 Car -1 -1 -1.7991 704 175 747 202 1.6446 -1.4379 -4.0726 -1.6473 -6.6545 42.0219 -1.6421 9.4756
134 8 Car -1 -1 -2.4433 800 175 866 202 1.5211 -1.446 -3.5747 -1.7234 -12.6522 41.015 -2.1441 9.1761
134 10 Car -1 -1 -1.709 640 176 672 201 1.581 -1.4259 -3.5352 -1.6818 -2.6746 43.9685 -1.6483 6.4218
134 9 Car -1 -1 -10 625 172 652 195 1.6514 -1.5972 -3.8596 -1.458 -2.0574 53.095 -10 0
134 12 Car -1 -1 -1.9861 837 151 1000 251 1.8136 -2.0351 -4.4506 -1.6053 -6.9587 16.9373 -1.5963 8.2354
135 11 Car -1 -1 -1.7841 700 175 742 201 1.626 -1.4277 -4.0977 -1.637 -6.6513 43.2374 -1.6314 8.1153
135 8 Car -1 -1 -2.4771 800 175 865 201 1.5259 -1.5407 -3.5991 -1.7592 -12.7846 40.8081 -2.1735 5.0893
135 10 Car -1 -1 -1.642 639 176 669 200 1.5986 -1.4184 -3.6415 -1.6819 -2.6432 45.4634 -1.584 7.2661
135 9 Car -1 -1 -1.6005 624 172 650 195 1.6386 -1.6226 -3.8667 -1.5183 -2.0161 55.7683 -1.5644 5.0021
135 12 Car -1 -1 -1.9711 824 159 973 247 1.7739 -1.904 -4.4855 -1.6212 -6.9213 17.9557 -1.6032 9.2593
136 11 Car -1 -1 -1.7189 697 175 738 200 1.6595 -1.4496 -4.2794 -1.6626 -6.6062 44.5598 -1.5717 7.5743
136 8 Car -1 -1 -10 801 173 867 201 1.5259 -1.5407 -3.5991 -1.7592 -12.7846 40.8081 -10 0
136 10 Car -1 -1 -1.6541 638 176 667 199 1.5877 -1.4212 -3.5217 -1.6729 -2.6661 46.572 -1.5969 8.2568
136 12 Car -1 -1 -1.9272 814 158 951 244 1.8378 -1.9978 -4.6082 -1.659 -6.9432 19.0323 -1.5774 11.189
136 9 Car -1 -1 -1.609 624 170 646 189 1.6123 -1.4916 -3.769 -1.292 -1.9706 57.0407 -1.5744 4.6628
137 11 Car -1 -1 -1.7255 694 175 733 199 1.6316 -1.4472 -3.9936 -1.6587 -6.6327 45.6862 -1.5814 7.6358
137 10 Car -1 -1 -1.647 636 176 665 199 1.5888 -1.4633 -3.5416 -1.6219 -2.4336 47.8175 -1.5962 6.5179
137 12 Car -1 -1 -1.9169 801 159 926 238 1.8036 -1.9465 -4.6131 -1.6233 -6.8913 20.2503 -1.5889 9.6621
138 11 Car -1 -1 -1.7409 691 175 730 198 1.6663 -1.4713 -4.2462 -1.6709 -6.483 46.9979 -1.6038 7.6219
138 10 Car -1 -1 -1.614 635 176 663 198 1.5852 -1.426 -3.5804 -1.5701 -2.5008 49.3577 -1.5633 5.6317
138 12 Car -1 -1 -1.9125 793 159 908 234 1.8016 -1.9763 -4.4389 -1.6327 -6.8929 21.3132 -1.5997 10.2901
139 10 Car -1 -1 -1.6059 634 176 661 197 1.5966 -1.4289 -3.6575 -1.6601 -2.5636 50.6168 -1.5553 6.2334
139 11 Car -1 -1 -1.7095 688 175 725 198 1.6222 -1.4525 -3.8498 -1.6504 -6.4841 48.0602 -1.5754 6.9053
139 12 Car -1 -1 -1.8871 784 157 892 231 1.8368 -2.0612 -4.6135 -1.6244 -6.9045 22.4625 -1.5889 7.9077
140 11 Car -1 -1 -1.729 687 175 721 197 1.6444 -1.4442 -4.106 -1.7031 -6.2982 49.2471 -1.6018 6.3949
140 10 Car -1 -1 -1.6481 632 176 659 196 1.6011 -1.4427 -3.6957 -1.6164 -2.3925 51.8875 -1.602 4.8484
140 12 Car -1 -1 -1.8857 774 160 878 228 1.8572 -2.0088 -4.6699 -1.6332 -6.8756 23.5782 -1.6019 10.7403
141 11 Car -1 -1 -1.7109 683 175 717 197 1.6206 -1.4341 -3.8733 -1.6036 -6.366 50.6101 -1.5858 6.6398
141 10 Car -1 -1 -1.5907 631 176 657 196 1.5569 -1.4354 -3.4354 -1.5996 -2.3516 53.2281 -1.5466 4.2297
141 12 Car -1 -1 -1.8588 768 160 860 225 1.8182 -2.0002 -4.4322 -1.6259 -6.8151 24.7113 -1.5897 7.5232
142 8 Car -1 -1 -10 800 175 866 201 1.5259 -1.5407 -3.5991 -1.7592 -12.7846 40.8081 -10 0
142 11 Car -1 -1 -1.6892 681 175 714 196 1.6314 -1.4433 -4.0313 -1.7035 -6.2995 51.8296 -1.5683 5.3218
142 10 Car -1 -1 -1.5858 631 176 655 195 1.549 -1.4492 -3.2871 -1.5442 -2.4011 54.494 -1.5417 4.0193
142 12 Car -1 -1 -1.8589 761 162 849 223 1.8055 -1.9837 -4.5101 -1.6394 -6.8192 25.8441 -1.6009 10.884
143 8 Car -1 -1 -2.4495 801 176 866 202 1.5259 -1.4728 -3.4697 -1.7267 -12.7014 40.8662 -2.1482 5.0762
143 11 Car -1 -1 -1.6978 678 175 710 196 1.6102 -1.45 -3.8956 -1.7024 -6.2943 52.9745 -1.5796 4.7606
143 12 Car -1 -1 -1.8462 753 162 837 221 1.836 -2.0112 -4.6455 -1.6584 -6.7699 27.0767 -1.6012 9.9968
144 8 Car -1 -1 -2.46 802 175 866 202 1.5 -1.4744 -3.3469 -1.6853 -12.6909 40.9481 -2.1595 7.2659
144 11 Car -1 -1 -1.7127 676 175 708 195 1.6346 -1.4716 -4.0846 -1.686 -6.0956 54.1088 -1.6005 4.2696
144 12 Car -1 -1 -1.8439 746 163 826 219 1.819 -2.0081 -4.722 -1.6847 -6.7436 28.3192 -1.6102 9.7129
145 8 Car -1 -1 -2.4736 801 175 866 202 1.5335 -1.4453 -3.2657 -1.7052 -12.7162 40.9383 -2.1725 8.5144
145 11 Car -1 -1 -10 674 175 704 195 1.6346 -1.4716 -4.0846 -1.686 -6.0956 54.1088 -10 0
145 12 Car -1 -1 -1.8291 740 162 815 216 1.8552 -2.0467 -4.6375 -1.6627 -6.7207 29.552 -1.6055 8.7796
146 8 Car -1 -1 -2.4608 799 175 866 202 1.5119 -1.45 -3.2979 -1.6655 -12.6818 40.9018 -2.1601 9.4217
146 11 Car -1 -1 -10 671 175 702 194 1.6346 -1.4716 -4.0846 -1.686 -6.0956 54.1088 -10 0
146 12 Car -1 -1 -1.8041 737 163 804 215 1.8263 -2.0378 -4.4167 -1.673 -6.7004 30.6814 -1.5891 9.2876
147 8 Car -1 -1 -2.4507 800 175 867 202 1.5444 -1.4373 -3.5248 -1.6893 -12.6292 41.0232 -2.1521 10.7534
147 11 Car -1 -1 -10 670 175 699 194 1.6346 -1.4716 -4.0846 -1.686 -6.0956 54.1088 -10 0
147 12 Car -1 -1 -1.8203 729 165 797 213 1.8051 -1.9461 -4.6274 -1.6439 -6.6285 31.8627 -1.6152 10.2544
147 10 Car -1 -1 -1.5809 626 175 645 192 1.5968 -1.4494 -3.6935 -1.6464 -2.1563 61.7975 -1.546 4.5314
148 8 Car -1 -1 -2.451 799 175 866 202 1.5576 -1.4526 -3.5239 -1.7179 -12.6606 41.0302 -2.1517 9.9782
148 11 Car -1 -1 -10 668 174 696 193 1.6346 -1.4716 -4.0846 -1.686 -6.0956 54.1088 -10 0
148 12 Car -1 -1 -1.8072 725 164 789 212 1.8422 -2.0503 -4.606 -1.6843 -6.6289 33.1529 -1.6098 7.3814
149 8 Car -1 -1 -2.4515 798 175 865 202 1.5429 -1.4784 -3.4558 -1.7239 -12.6243 40.9917 -2.1528 8.5608
149 11 Car -1 -1 1.4176 666 174 693 192 1.6248 -1.4793 -4.1277 -1.3128 -5.8549 60.6811 1.5138 4.0594
149 12 Car -1 -1 -1.7971 720 165 782 209 1.8409 -1.9528 -4.7808 -1.6443 -6.6115 34.4098 -1.6073 8.0891
150 8 Car -1 -1 -2.4564 798 175 865 202 1.5211 -1.4368 -3.3898 -1.7166 -12.6039 41.0791 -2.1587 10.9057
150 11 Car -1 -1 -10 665 174 690 192 1.6248 -1.4793 -4.1277 -1.3128 -5.8549 60.6811 -10 0
150 12 Car -1 -1 -1.7898 716 163 774 208 1.8202 -2.0422 -4.6177 -1.6338 -6.5532 35.5435 -1.6075 9.8107
151 8 Car -1 -1 -2.4463 797 175 864 202 1.5068 -1.4616 -3.2513 -1.7048 -12.6311 41.0424 -2.1478 9.9897
151 11 Car -1 -1 -10 662 174 688 191 1.6248 -1.4793 -4.1277 -1.3128 -5.8549 60.6811 -10 0
151 12 Car -1 -1 -1.7898 713 165 767 206 1.7906 -1.9761 -4.4087 -1.628 -6.5176 36.6961 -1.614 8.873
152 8 Car -1 -1 -2.4398 796 175 863 202 1.5001 -1.4557 -3.3591 -1.6854 -12.5218 41.1493 -2.1444 10.161
152 11 Car -1 -1 -1.6813 661 174 686 191 1.6029 -1.4505 -3.8454 -1.5995 -5.719 64.6571 -1.5931 4.6085
152 12 Car -1 -1 -1.7613 711 167 761 205 1.8045 -1.8985 -4.3789 -1.6165 -6.5568 37.9862 -1.5903 8.1046
153 8 Car -1 -1 -2.4655 795 175 861 202 1.5074 -1.4366 -3.3382 -1.7178 -12.54 41.1747 -2.1698 10.8665
153 11 Car -1 -1 -10 658 174 684 190 1.6029 -1.4505 -3.8454 -1.5995 -5.719 64.6571 -10 0
153 12 Car -1 -1 -1.7735 705 164 756 204 1.8213 -2.0652 -4.6014 -1.6307 -6.4659 39.1701 -1.6099 7.0984
154 8 Car -1 -1 -2.4429 794 175 860 202 1.539 -1.4466 -3.5392 -1.7161 -12.4491 41.3123 -2.1503 11.3673
154 11 Car -1 -1 -10 658 174 681 190 1.6029 -1.4505 -3.8454 -1.5995 -5.719 64.6571 -10 0
154 12 Car -1 -1 -1.7541 702 166 748 203 1.78 -1.9557 -4.3525 -1.6241 -6.3826 40.4366 -1.5975 8.5361
155 8 Car -1 -1 -2.4417 793 175 859 202 1.5035 -1.4004 -3.3101 -1.6786 -12.4066 41.3732 -2.1503 10.7841
155 12 Car -1 -1 -1.7546 699 167 743 202 1.7593 -1.9054 -4.3679 -1.6133 -6.3233 41.5744 -1.6036 7.6351
156 8 Car -1 -1 -2.4346 792 175 858 202 1.52 -1.4679 -3.4223 -1.7065 -12.3291 41.4522 -2.1455 9.9545
156 12 Car -1 -1 -1.7606 697 168 740 200 1.7433 -1.8249 -4.1292 -1.5801 -6.3548 42.6668 -1.6127 7.111
157 8 Car -1 -1 -2.4314 790 175 855 202 1.5349 -1.4226 -3.5117 -1.6918 -12.2714 41.6005 -2.1445 10.5594
157 12 Car -1 -1 -1.7178 694 168 735 201 1.8134 -1.9424 -4.4787 -1.6857 -6.3332 44.1045 -1.5752 6.1834
158 8 Car -1 -1 -2.4214 788 175 853 202 1.5099 -1.44 -3.4275 -1.7043 -12.1621 41.699 -2.1376 10.8252
158 12 Car -1 -1 -1.7421 690 168 731 200 1.8093 -1.931 -4.5088 -1.6449 -6.2288 45.2663 -1.6054 6.9498
159 8 Car -1 -1 -2.4306 786 175 850 202 1.577 -1.437 -3.517 -1.6713 -12.0757 41.9155 -2.1501 9.7763
159 12 Car -1 -1 -1.7291 687 168 726 199 1.7804 -1.8845 -4.6338 -1.6068 -6.179 46.5238 -1.5971 7.291
160 8 Car -1 -1 -2.4202 785 175 848 202 1.5419 -1.4856 -3.5355 -1.6666 -11.9485 42.083 -2.1435 9.9218
160 12 Car -1 -1 -1.7166 686 170 723 199 1.7733 -1.849 -4.2849 -1.671 -6.1942 47.5778 -1.5871 6.6893
161 8 Car -1 -1 -2.4207 781 175 844 202 1.4778 -1.378 -3.2371 -1.673 -11.8806 42.1629 -2.146 10.5961
161 12 Car -1 -1 -1.7222 682 169 718 197 1.769 -1.8303 -4.5986 -1.625 -6.0635 48.9417 -1.5989 8.2479
162 8 Car -1 -1 -2.4159 779 175 841 201 1.5133 -1.4092 -3.4288 -1.6746 -11.7357 42.4161 -2.146 8.5123
162 12 Car -1 -1 -1.731 680 169 717 197 1.7809 -1.8078 -4.5961 -1.6168 -6.0928 50.1544 -1.6101 8.8441
163 8 Car -1 -1 -2.4287 776 175 838 201 1.5243 -1.3954 -3.4356 -1.6824 -11.6687 42.575 -2.1612 9.353
163 12 Car -1 -1 -1.7191 676 169 711 196 1.7742 -1.843 -4.568 -1.6402 -5.9051 51.3655 -1.6047 7.6655
164 8 Car -1 -1 -2.4174 773 175 834 201 1.5023 -1.4197 -3.3963 -1.671 -11.4548 42.8855 -2.1564 9.4958
164 12 Car -1 -1 -1.6972 676 170 709 195 1.7781 -1.7572 -4.6475 -1.5953 -5.9526 52.4939 -1.5843 6.9259
165 8 Car -1 -1 -2.3877 771 175 830 201 1.5473 -1.4232 -3.5724 -1.6595 -11.3493 43.1049 -2.1303 9.1447
165 12 Car -1 -1 -1.7352 673 170 706 194 1.7275 -1.7151 -4.5053 -1.5389 -5.8967 53.7502 -1.626 7.0619
166 8 Car -1 -1 -2.391 767 175 827 201 1.5347 -1.4014 -3.4271 -1.6766 -11.2188 43.3243 -2.1376 8.3543
166 12 Car -1 -1 -1.7213 670 168 702 194 1.7457 -1.8786 -4.5951 -1.5755 -5.7863 55.039 -1.6166 5.764
167 8 Car -1 -1 -2.3587 764 175 822 200 1.5696 -1.4237 -3.6593 -1.6817 -11.0318 43.6813 -2.1113 7.3871
167 12 Car -1 -1 -1.7171 667 169 699 195 1.8145 -1.9133 -4.726 -1.6894 -5.6864 56.3752 -1.6165 4.3768
168 8 Car -1 -1 -2.359 760 175 819 200 1.5263 -1.4443 -3.4825 -1.6878 -10.8309 43.9302 -2.1173 8.8387
169 8 Car -1 -1 -2.3332 756 175 814 200 1.5619 -1.4851 -3.5566 -1.7121 -10.7013 44.1977 -2.0957 8.3583
169 12 Car -1 -1 -1.7001 664 169 694 194 1.8157 -1.9191 -4.8262 -1.6848 -5.627 58.8285 -1.6048 4.2314
170 8 Car -1 -1 -2.347 753 175 809 200 1.5358 -1.4886 -3.4227 -1.6683 -10.6514 44.3458 -2.1113 8.2449
170 12 Car -1 -1 -1.7183 663 170 693 194 1.8071 -1.9038 -4.619 -1.7161 -5.5892 59.9132 -1.6253 5.1849
171 8 Car -1 -1 -2.301 749 175 806 200 1.5457 -1.4409 -3.4342 -1.6982 -10.3831 44.8768 -2.0736 7.5835
172 8 Car -1 -1 -2.2868 746 175 800 200 1.5601 -1.472 -3.5288 -1.7403 -10.2146 45.1917 -2.0645 8.2388
173 8 Car -1 -1 -2.2754 741 175 796 200 1.528 -1.4833 -3.4334 -1.7113 -10.0241 45.5803 -2.0589 9.5514
174 8 Car -1 -1 -2.2583 738 174 791 199 1.5193 -1.4528 -3.4017 -1.6757 -9.8751 45.9419 -2.0466 7.5696
175 8 Car -1 -1 -2.2278 734 174 786 199 1.5486 -1.4133 -3.5423 -1.6796 -9.6905 46.374 -2.0218 7.603
176 8 Car -1 -1 -2.1983 730 174 782 199 1.5297 -1.434 -3.4333 -1.7276 -9.4902 46.8075 -1.9982 9.1394
177 8 Car -1 -1 -2.1853 726 175 777 199 1.5204 -1.4597 -3.3821 -1.7017 -9.2683 47.2872 -1.9917 8.8853
178 8 Car -1 -1 -2.1723 723 175 772 198 1.5445 -1.4745 -3.4278 -1.7528 -9.1023 47.7576 -1.9839 8.0755
179 8 Car -1 -1 -2.1385 720 176 767 199 1.5429 -1.4428 -3.5218 -1.7513 -8.9653 48.2718 -1.9548 7.4917
180 8 Car -1 -1 -2.1602 717 176 763 199 1.5589 -1.4475 -3.5109 -1.7579 -8.7939 48.6667 -1.9815 5.7545
181 8 Car -1 -1 -2.1233 714 175 759 198 1.5836 -1.4646 -3.5827 -1.7568 -8.5818 49.2122 -1.9506 5.6984
182 8 Car -1 -1 1.0201 712 176 755 198 1.5768 -1.5198 -3.5451 -1.7207 -8.4993 49.6659 1.1896 4.0365
183 8 Car -1 -1 -10 709 175 751 198 1.5768 -1.5198 -3.5451 -1.7207 -8.4993 49.6659 -10 0
184 8 Car -1 -1 -10 706 176 746 197 1.5768 -1.5198 -3.5451 -1.7207 -8.4993 49.6659 -10 0
185 8 Car -1 -1 -10 703 176 742 198 1.5768 -1.5198 -3.5451 -1.7207 -8.4993 49.6659 -10 0
186 8 Car -1 -1 -10 701 177 739 198 1.5768 -1.5198 -3.5451 -1.7207 -8.4993 49.6659 -10 0
187 8 Car -1 -1 -10 698 178 735 199 1.5768 -1.5198 -3.5451 -1.7207 -8.4993 49.6659 -10 0
188 8 Car -1 -1 -1.869 695 180 731 200 1.5941 -1.4741 -3.6139 -2.0415 -7.6554 53.4582 -1.7268 5.1282
189 8 Car -1 -1 -1.865 693 181 728 201 1.6284 -1.4834 -3.9044 -2.1419 -7.4565 54.1739 -1.7282 6.0595
190 8 Car -1 -1 -1.8597 690 182 724 201 1.5835 -1.4193 -3.5509 -2.1545 -7.3655 54.5734 -1.7255 5.3662
191 8 Car -1 -1 -1.7812 686 181 720 202 1.6103 -1.4376 -3.8203 -2.1357 -7.2709 55.2611 -1.6504 6.0727
192 8 Car -1 -1 -1.859 683 181 716 201 1.5812 -1.4348 -3.5042 -2.0953 -6.9065 55.6716 -1.7356 4.6815
193 8 Car -1 -1 -1.8429 680 182 712 201 1.607 -1.4439 -3.765 -2.1488 -6.7232 56.497 -1.7244 5.3506
194 8 Car -1 -1 -1.7673 676 183 707 202 1.5965 -1.4417 -3.7594 -2.3172 -6.5193 57.0053 -1.6534 5.6244
195 8 Car -1 -1 -10 672 183 704 203 1.5965 -1.4417 -3.7594 -2.3172 -6.5193 57.0053 -10 0
196 8 Car -1 -1 -1.8313 669 184 699 203 1.6072 -1.4551 -3.6656 -2.3894 -5.9661 57.8829 -1.7286 5.87
197 8 Car -1 -1 -10 665 184 695 204 1.6072 -1.4551 -3.6656 -2.3894 -5.9661 57.8829 -10 0
198 8 Car -1 -1 -10 662 186 691 205 1.6072 -1.4551 -3.6656 -2.3894 -5.9661 57.8829 -10 0
199 8 Car -1 -1 -1.7752 659 186 687 206 1.588 -1.4947 -3.6222 -2.5847 -5.2028 59.3284 -1.6877 4.5737
200 8 Car -1 -1 -1.7866 655 187 683 205 1.5883 -1.5038 -3.5923 -2.7409 -4.7611 59.608 -1.7069 4.9574
201 8 Car -1 -1 -10 652 186 678 205 1.5883 -1.5038 -3.5923 -2.7409 -4.7611 59.608 -10 0
202 8 Car -1 -1 -10 648 185 675 204 1.5883 -1.5038 -3.5923 -2.7409 -4.7611 59.608 -10 0
203 8 Car -1 -1 -10 644 184 671 203 1.5883 -1.5038 -3.5923 -2.7409 -4.7611 59.608 -10 0
204 8 Car -1 -1 -10 641 183 667 202 1.5883 -1.5038 -3.5923 -2.7409 -4.7611 59.608 -10 0
205 8 Car -1 -1 -10 638 182 664 200 1.5883 -1.5038 -3.5923 -2.7409 -4.7611 59.608 -10 0
206 8 Car -1 -1 -10 637 181 662 199 1.5883 -1.5038 -3.5923 -2.7409 -4.7611 59.608 -10 0
207 8 Car -1 -1 -10 636 181 661 198 1.5883 -1.5038 -3.5923 -2.7409 -4.7611 59.608 -10 0
208 8 Car -1 -1 -10 635 180 661 198 1.5883 -1.5038 -3.5923 -2.7409 -4.7611 59.608 -10 0
209 8 Car -1 -1 -1.6441 638 180 661 196 1.5569 -1.4386 -3.4115 -2.0144 -3.4451 62.4779 -1.589 4.2284
210 8 Car -1 -1 -10 639 180 663 197 1.5569 -1.4386 -3.4115 -2.0144 -3.4451 62.4779 -10 0
211 8 Car -1 -1 -10 642 179 665 196 1.5569 -1.4386 -3.4115 -2.0144 -3.4451 62.4779 -10 0
211 13 Car -1 -1 1.7566 404 172 452 209 2.0976 -2.4275 -6.4662 -2.4019 12.7338 50.9633 1.5118 6.1579
212 8 Car -1 -1 -10 647 179 670 196 1.5569 -1.4386 -3.4115 -2.0144 -3.4451 62.4779 -10 0
213 8 Car -1 -1 -10 654 179 676 196 1.5569 -1.4386 -3.4115 -2.0144 -3.4451 62.4779 -10 0
214 8 Car -1 -1 -10 662 180 685 197 1.5569 -1.4386 -3.4115 -2.0144 -3.4451 62.4779 -10 0
215 8 Car -1 -1 -10 673 179 695 196 1.5569 -1.4386 -3.4115 -2.0144 -3.4451 62.4779 -10 0
216 8 Car -1 -1 -10 686 178 708 195 1.5569 -1.4386 -3.4115 -2.0144 -3.4451 62.4779 -10 0
217 8 Car -1 -1 -10 702 177 722 193 1.5569 -1.4386 -3.4115 -2.0144 -3.4451 62.4779 -10 0
218 8 Car -1 -1 -10 718 176 739 193 1.5569 -1.4386 -3.4115 -2.0144 -3.4451 62.4779 -10 0
219 8 Car -1 -1 -10 738 175 759 191 1.5569 -1.4386 -3.4115 -2.0144 -3.4451 62.4779 -10 0
220 8 Car -1 -1 -10 760 173 781 189 1.5569 -1.4386 -3.4115 -2.0144 -3.4451 62.4779 -10 0
221 8 Car -1 -1 -10 784 172 805 188 1.5569 -1.4386 -3.4115 -2.0144 -3.4451 62.4779 -10 0
222 8 Car -1 -1 -10 811 170 832 187 1.5569 -1.4386 -3.4115 -2.0144 -3.4451 62.4779 -10 0
223 8 Car -1 -1 -10 837 169 860 185 1.5569 -1.4386 -3.4115 -2.0144 -3.4451 62.4779 -10 0
224 8 Car -1 -1 -10 868 169 890 185 1.5569 -1.4386 -3.4115 -2.0144 -3.4451 62.4779 -10 0
227 8 Car -1 -1 -10 968 169 999 187 1.5569 -1.4386 -3.4115 -2.0144 -3.4451 62.4779 -10 0
228 8 Car -1 -1 -10 1009 170 1037 189 1.5569 -1.4386 -3.4115 -2.0144 -3.4451 62.4779 -10 0
229 8 Car -1 -1 -10 1051 168 1081 187 1.5569 -1.4386 -3.4115 -2.0144 -3.4451 62.4779 -10 0
230 8 Car -1 -1 -10 1098 164 1128 183 1.5569 -1.4386 -3.4115 -2.0144 -3.4451 62.4779 -10 0
231 8 Car -1 -1 -10 1147 160 1180 180 1.5569 -1.4386 -3.4115 -2.0144 -3.4451 62.4779 -10 0
232 8 Car -1 -1 -10 1201 157 1237 177 1.5569 -1.4386 -3.4115 -2.0144 -3.4451 62.4779 -10 0
238 14 Car -1 -1 1.7909 1126 150 1241 222 1.6083 -1.6621 -3.4978 -1.1401 -14.6656 18.4004 2.4639 5.249
244 14 Car -1 -1 -0.9619 1000 163 1128 210 1.7113 -1.6038 -4.4966 -1.2972 -16.5592 26.3465 -0.4008 4.094
245 14 Car -1 -1 -1.0243 1048 145 1185 208 1.7885 -2.0235 -4.5861 -1.1494 -17.631 25.1266 -0.4124 5.2875
255 15 Car -1 -1 -1.6121 638 173 662 195 1.5419 -1.5017 -3.3691 -1.5128 -2.7616 50.5882 -1.5575 4.6747
265 15 Car -1 -1 -1.6161 649 170 680 198 1.5689 -1.512 -3.5876 -1.3873 -3.0638 41.2432 -1.542 4.4509
269 16 Car -1 -1 -1.6287 649 152 686 184 1.6483 -1.5749 -4.0001 -0.5964 -2.9276 37.5347 -1.5508 4.8616
