0 0 Car -1 -1 2.0149 149 196 313 280 1.6285 -1.5005 -4.1865 -2.1115 8.2863 16.1333 1.5404 12.317
0 1 Car -1 -1 1.8204 381 182 446 226 1.706 -1.6983 -4.2326 -2.1357 8.4777 31.2826 1.5558 9.7748
0 2 Car -1 -1 -10 457 185 495 210 -1 -1 -1 -1000 -1000 -1000 -10 0
0 3 Car -1 -1 -10 613 181 632 196 -1 -1 -1 -1000 -1000 -1000 -10 0
0 4 Car -1 -1 1.6895 491 184 514 202 1.5792 -1.4751 -3.6608 -2.4948 9.1645 61.7983 1.5422 4.7599
1 0 Car -1 -1 2.1068 9 199 247 310 1.6329 -1.4774 -4.2138 -2.0321 8.2809 13.028 1.5406 12.7714
1 2 Car -1 -1 1.8071 444 184 485 212 1.634 -1.559 -3.9664 -2.313 9.0935 45.9359 1.6117 5.055
1 1 Car -1 -1 1.8352 352 181 429 231 1.7225 -1.726 -4.3326 -2.0943 8.5742 28.3656 1.5416 9.6146
1 4 Car -1 -1 1.7321 482 184 506 203 1.5827 -1.4596 -3.791 -2.3993 9.358 58.7857 1.5743 5.307
1 3 Car -1 -1 -10 610 181 628 195 -1 -1 -1 -1000 -1000 -1000 -10 0
2 2 Car -1 -1 -10 428 186 473 216 1.634 -1.559 -3.9664 -2.313 9.0935 45.9359 -10 0
2 0 Car -1 -1 2.2216 1 206 148 331 1.6065 -1.5146 -3.8582 -1.9508 8.2558 9.8999 1.5265 7.6672
2 4 Car -1 -1 1.7324 471 184 497 205 1.5609 -1.4356 -3.5775 -2.3874 9.6736 55.4676 1.5597 8.8488
2 3 Car -1 -1 -10 606 180 624 195 -1 -1 -1 -1000 -1000 -1000 -10 0
2 1 Car -1 -1 1.8641 314 182 403 239 1.7516 -1.7587 -4.4112 -2.1191 8.704 25.3146 1.5329 11.0182
3 2 Car -1 -1 -10 413 187 461 218 1.634 -1.559 -3.9664 -2.313 9.0935 45.9359 -10 0
3 4 Car -1 -1 1.7013 460 184 488 206 1.5232 -1.4378 -3.4005 -2.2608 9.8577 52.3936 1.5154 8.7208
3 3 Car -1 -1 -10 602 180 620 195 -1 -1 -1 -1000 -1000 -1000 -10 0
3 1 Car -1 -1 1.906 267 182 377 249 1.7438 -1.7842 -4.5395 -2.1114 8.7523 22.2689 1.5315 10.1069
4 2 Car -1 -1 1.822 393 187 447 223 1.6648 -1.4938 -4.0375 -2.2877 9.5682 36.7626 1.5674 5.4084
4 4 Car -1 -1 1.7406 448 184 479 209 1.6119 -1.455 -3.6049 -2.2122 9.9459 49.2654 1.5413 7.0954
4 3 Car -1 -1 -10 598 181 617 195 -1 -1 -1 -1000 -1000 -1000 -10 0
4 1 Car -1 -1 1.9506 203 182 341 257 1.7263 -1.684 -4.5553 -1.9822 8.7847 19.164 1.5208 11.3331
5 2 Car -1 -1 1.8595 371 188 431 226 1.6538 -1.4979 -4.1413 -2.2869 9.6726 33.8553 1.5812 6.4579
5 4 Car -1 -1 1.8062 435 185 469 211 1.5333 -1.4526 -3.4635 -2.2162 10.094 46.1493 1.5908 6.2934
5 3 Car -1 -1 -10 594 181 613 195 -1 -1 -1 -1000 -1000 -1000 -10 0
5 1 Car -1 -1 2.0177 117 183 292 278 1.7124 -1.7679 -4.197 -2.0454 8.8035 16.0581 1.5162 10.5411
6 2 Car -1 -1 1.9238 344 188 412 229 1.6288 -1.4786 -3.9945 -2.1733 9.7311 30.7073 1.6169 6.543
6 4 Car -1 -1 1.741 421 185 456 212 1.6596 -1.652 -4.0761 -2.3447 10.2633 43.5621 1.5097 4.7969
6 3 Car -1 -1 -10 590 180 608 194 -1 -1 -1 -1000 -1000 -1000 -10 0
6 1 Car -1 -1 2.1008 0 185 233 305 1.7299 -1.7028 -4.5077 -1.9697 8.7707 13.0051 1.5075 8.5334
7 4 Car -1 -1 1.7821 401 184 443 214 1.6012 -1.4528 -3.7859 -2.1406 10.4268 40.4511 1.5299 4.8915
7 2 Car -1 -1 1.9482 310 188 388 235 1.6205 -1.4643 -4.225 -2.1406 9.8153 27.742 1.6081 6.3623
7 3 Car -1 -1 -10 586 178 604 193 -1 -1 -1 -1000 -1000 -1000 -10 0
7 1 Car -1 -1 2.229 0 178 135 334 1.667 -1.6554 -4.3171 -1.7504 8.7798 10.0118 1.509 5.6929
8 2 Car -1 -1 1.8969 269 188 362 242 1.6619 -1.5219 -4.1449 -2.1717 9.872 24.6178 1.5155 7.3435
8 4 Car -1 -1 1.8103 383 186 429 219 1.6421 -1.5185 -3.7115 -2.2046 10.4876 37.2199 1.5356 7.8565
9 4 Car -1 -1 1.8494 360 186 412 223 1.5869 -1.5312 -3.5639 -2.1423 10.4747 33.8531 1.5493 6.4975
9 2 Car -1 -1 1.935 216 188 329 253 1.6644 -1.5407 -4.1437 -2.1303 9.9493 21.6106 1.5036 8.8185
9 3 Car -1 -1 -10 577 180 595 194 -1 -1 -1 -1000 -1000 -1000 -10 0
10 4 Car -1 -1 1.8491 334 188 391 226 1.5761 -1.4376 -3.4229 -2.0933 10.5172 30.814 1.5202 6.6698
10 2 Car -1 -1 2.021 143 190 290 267 1.6949 -1.6167 -4.3786 -2.1423 9.9726 18.5539 1.5278 9.6354
10 3 Car -1 -1 -10 573 181 590 195 -1 -1 -1 -1000 -1000 -1000 -10 0
11 2 Car -1 -1 2.0546 35 194 238 286 1.7302 -1.5526 -4.7 -2.0389 9.9429 15.6603 1.4889 9.6508
11 4 Car -1 -1 1.8763 302 190 368 232 1.5467 -1.4402 -3.5407 -2.1172 10.5271 27.8764 1.5152 5.2818
12 2 Car -1 -1 2.1555 5 194 157 306 1.6619 -1.5054 -4.3046 -1.9155 9.8689 12.5924 1.4908 6.3048
12 4 Car -1 -1 1.8906 261 190 341 240 1.5506 -1.5556 -3.5059 -2.1365 10.5268 24.9359 1.4911 7.2571
13 4 Car -1 -1 1.9438 213 192 307 252 1.5413 -1.47 -3.5939 -2.0454 10.4693 21.8343 1.4967 7.6317
14 4 Car -1 -1 2.0002 147 193 265 260 1.503 -1.4842 -3.3301 -2.0106 10.3981 18.8328 1.4958 8.6099
14 5 Car -1 -1 -10 558 182 575 195 -1 -1 -1 -1000 -1000 -1000 -10 0
15 4 Car -1 -1 2.0534 48 194 206 275 1.5872 -1.573 -3.6542 -2.087 10.3325 15.9056 1.4773 8.0304
16 4 Car -1 -1 2.1584 4 198 127 298 1.5291 -1.4123 -3.5674 -1.8792 10.2128 12.8629 1.4873 6.0324
16 5 Car -1 -1 -10 552 182 570 196 -1 -1 -1 -1000 -1000 -1000 -10 0
17 5 Car -1 -1 -10 550 181 567 195 -1 -1 -1 -1000 -1000 -1000 -10 0
19 5 Car -1 -1 -10 549 182 566 195 -1 -1 -1 -1000 -1000 -1000 -10 0
20 5 Car -1 -1 -10 549 182 566 196 -1 -1 -1 -1000 -1000 -1000 -10 0
21 5 Car -1 -1 -10 549 182 567 195 -1 -1 -1 -1000 -1000 -1000 -10 0
22 5 Car -1 -1 -10 550 182 568 196 -1 -1 -1 -1000 -1000 -1000 -10 0
23 5 Car -1 -1 -10 552 184 569 197 -1 -1 -1 -1000 -1000 -1000 -10 0
25 5 Car -1 -1 -10 553 186 571 200 -1 -1 -1 -1000 -1000 -1000 -10 0
26 5 Car -1 -1 -10 555 187 573 200 -1 -1 -1 -1000 -1000 -1000 -10 0
27 5 Car -1 -1 -10 557 186 575 200 -1 -1 -1 -1000 -1000 -1000 -10 0
28 5 Car -1 -1 -10 560 186 578 200 -1 -1 -1 -1000 -1000 -1000 -10 0
29 5 Car -1 -1 -10 561 186 579 200 -1 -1 -1 -1000 -1000 -1000 -10 0
31 5 Car -1 -1 -10 564 184 581 197 -1 -1 -1 -1000 -1000 -1000 -10 0
31 6 Car -1 -1 1.7324 450 172 496 211 2.0805 -2.4971 -6.2901 -2.4671 9.13 48.6952 1.5471 4.2228
32 5 Car -1 -1 -10 568 183 585 196 -1 -1 -1 -1000 -1000 -1000 -10 0
33 5 Car -1 -1 -10 568 182 585 196 -1 -1 -1 -1000 -1000 -1000 -10 0
34 6 Car -1 -1 1.7382 440 168 491 210 2.0497 -2.3969 -6.0794 -2.1263 8.7356 44.1536 1.5429 4.641
35 5 Car -1 -1 -10 571 180 588 194 -1 -1 -1 -1000 -1000 -1000 -10 0
35 6 Car -1 -1 1.7311 437 164 491 211 2.1273 -2.6096 -6.3399 -2.1276 8.5187 42.5459 1.5335 4.5642
38 6 Car -1 -1 1.7467 419 169 481 219 2.0642 -2.3655 -6.2906 -2.2224 8.2355 37.6187 1.5311 6.167
39 5 Car -1 -1 -10 575 184 592 197 -1 -1 -1 -1000 -1000 -1000 -10 0
40 6 Car -1 -1 1.7548 403 161 474 224 2.1625 -2.7328 -6.3064 -2.2286 8.0373 34.4596 1.5257 5.1711
41 5 Car -1 -1 -10 578 188 595 201 -1 -1 -1 -1000 -1000 -1000 -10 0
41 6 Car -1 -1 1.7663 395 170 469 227 2.0827 -2.3862 -6.2413 -2.2733 7.9738 32.9238 1.5287 7.9171
42 6 Car -1 -1 1.7716 381 168 464 233 2.1495 -2.5084 -6.5932 -2.3255 7.9221 31.1526 1.5226 8.9941
43 5 Car -1 -1 -10 579 188 596 202 -1 -1 -1 -1000 -1000 -1000 -10 0
43 6 Car -1 -1 1.7893 368 161 459 234 2.1785 -2.6613 -6.7254 -2.2412 7.8641 29.5717 1.5294 9.6556
44 6 Car -1 -1 1.8174 354 157 453 235 2.1488 -2.6369 -6.5102 -2.1198 7.7785 27.8762 1.5452 9.7377
45 5 Car -1 -1 -10 581 187 598 201 -1 -1 -1 -1000 -1000 -1000 -10 0
45 6 Car -1 -1 1.8248 337 162 442 237 2.0779 -2.3732 -6.3867 -2.0574 7.7817 26.2001 1.5361 5.8837
46 5 Car -1 -1 -10 583 187 599 200 -1 -1 -1 -1000 -1000 -1000 -10 0
46 6 Car -1 -1 1.8386 323 157 434 242 2.0674 -2.5394 -5.9187 -2.0794 7.6766 24.5415 1.5354 8.7091
47 5 Car -1 -1 -10 584 187 601 201 -1 -1 -1 -1000 -1000 -1000 -10 0
47 6 Car -1 -1 1.8553 297 151 429 250 2.1992 -2.715 -6.4628 -2.128 7.6085 22.9804 1.5356 11.7873
48 5 Car -1 -1 -10 586 185 603 198 -1 -1 -1 -1000 -1000 -1000 -10 0
48 6 Car -1 -1 1.8841 276 152 419 249 2.0866 -2.4548 -6.2835 -1.9325 7.4996 21.3625 1.5464 10.0368
49 6 Car -1 -1 1.9033 246 147 406 256 2.1075 -2.5153 -6.2309 -1.9341 7.4522 19.7477 1.5425 7.5343
50 5 Car -1 -1 -10 589 187 606 200 -1 -1 -1 -1000 -1000 -1000 -10 0
50 6 Car -1 -1 1.9288 211 142 390 269 2.0872 -2.6483 -5.9924 -2.0081 7.4296 18.0854 1.539 7.4905
51 5 Car -1 -1 -10 591 187 607 199 -1 -1 -1 -1000 -1000 -1000 -10 0
51 6 Car -1 -1 1.9839 159 132 380 278 2.1575 -2.701 -6.197 -1.954 7.3431 16.4812 1.5648 11.5917
52 6 Car -1 -1 2.0267 91 124 361 296 2.156 -2.77 -6.4155 -1.9905 7.3161 14.8069 1.5678 10.349
53 6 Car -1 -1 2.0705 18 118 329 306 2.0909 -2.6166 -5.9227 -1.8591 7.2979 13.0347 1.5601 10.2653
54 6 Car -1 -1 2.1241 0 106 296 319 2.0542 -2.5086 -5.8126 -1.7242 7.2682 11.4179 1.5573 10.2332
55 7 Car -1 -1 -10 590 179 607 192 -1 -1 -1 -1000 -1000 -1000 -10 0
55 6 Car -1 -1 2.1801 0 92 241 355 2.0163 -2.5885 -5.2574 -1.7988 7.309 9.7473 1.5367 8.71
56 7 Car -1 -1 -10 590 179 606 192 -1 -1 -1 -1000 -1000 -1000 -10 0
56 6 Car -1 -1 2.2912 0 84 186 374 2.0572 -2.3873 -5.6666 -1.7722 7.3174 7.8889 1.5433 4.9968
57 7 Car -1 -1 -10 588 183 605 196 -1 -1 -1 -1000 -1000 -1000 -10 0
59 7 Car -1 -1 -10 589 187 606 199 -1 -1 -1 -1000 -1000 -1000 -10 0
60 7 Car -1 -1 -10 589 186 606 199 -1 -1 -1 -1000 -1000 -1000 -10 0
63 7 Car -1 -1 -10 590 183 607 196 -1 -1 -1 -1000 -1000 -1000 -10 0
69 8 Car -1 -1 -10 591 179 607 192 -1 -1 -1 -1000 -1000 -1000 -10 0
70 8 Car -1 -1 -10 590 180 607 192 -1 -1 -1 -1000 -1000 -1000 -10 0
71 8 Car -1 -1 -10 589 182 606 195 -1 -1 -1 -1000 -1000 -1000 -10 0
75 9 Car -1 -1 -10 587 179 604 192 -1 -1 -1 -1000 -1000 -1000 -10 0
76 9 Car -1 -1 -10 587 179 603 192 -1 -1 -1 -1000 -1000 -1000 -10 0
77 9 Car -1 -1 -10 587 179 603 192 -1 -1 -1 -1000 -1000 -1000 -10 0
78 9 Car -1 -1 -10 587 179 603 192 -1 -1 -1 -1000 -1000 -1000 -10 0
79 7 Car -1 -1 -10 519 180 540 195 -1 -1 -1 -1000 -1000 -1000 -10 0
79 9 Car -1 -1 -10 587 179 603 192 -1 -1 -1 -1000 -1000 -1000 -10 0
80 7 Car -1 -1 -10 515 180 537 196 -1 -1 -1 -1000 -1000 -1000 -10 0
80 9 Car -1 -1 -10 587 179 603 193 -1 -1 -1 -1000 -1000 -1000 -10 0
81 7 Car -1 -1 -10 510 180 534 197 -1 -1 -1 -1000 -1000 -1000 -10 0
81 9 Car -1 -1 -10 587 179 603 192 -1 -1 -1 -1000 -1000 -1000 -10 0
82 7 Car -1 -1 -10 505 179 531 198 -1 -1 -1 -1000 -1000 -1000 -10 0
82 9 Car -1 -1 -10 587 179 603 191 -1 -1 -1 -1000 -1000 -1000 -10 0
83 7 Car -1 -1 -10 498 179 525 199 -1 -1 -1 -1000 -1000 -1000 -10 0
83 9 Car -1 -1 -10 587 179 603 191 -1 -1 -1 -1000 -1000 -1000 -10 0
84 7 Car -1 -1 -10 490 179 520 200 -1 -1 -1 -1000 -1000 -1000 -10 0
84 9 Car -1 -1 -10 586 179 603 191 -1 -1 -1 -1000 -1000 -1000 -10 0
85 7 Car -1 -1 -10 481 180 513 202 -1 -1 -1 -1000 -1000 -1000 -10 0
85 9 Car -1 -1 -10 585 179 602 191 -1 -1 -1 -1000 -1000 -1000 -10 0
86 7 Car -1 -1 1.7963 471 182 507 207 1.6309 -1.4579 -4.0729 -2.1215 7.9176 47.6195 1.6316 5.6373
86 10 Car -1 -1 -10 512 179 533 195 -1 -1 -1 -1000 -1000 -1000 -10 0
87 7 Car -1 -1 1.7724 459 183 499 210 1.6498 -1.4511 -4.1789 -2.1067 7.8945 44.1353 1.5954 5.5172
87 10 Car -1 -1 -10 507 180 530 197 -1 -1 -1 -1000 -1000 -1000 -10 0
88 7 Car -1 -1 1.7914 445 182 489 212 1.5646 -1.461 -3.6349 -1.987 7.9348 40.1996 1.5965 6.9145
88 10 Car -1 -1 -10 501 179 526 197 -1 -1 -1 -1000 -1000 -1000 -10 0
88 9 Car -1 -1 -10 584 179 600 192 -1 -1 -1 -1000 -1000 -1000 -10 0
89 7 Car -1 -1 1.8054 428 182 477 214 1.6347 -1.4346 -4.1903 -1.8848 8.027 37.0802 1.5923 9.1481
89 10 Car -1 -1 -10 495 178 520 197 -1 -1 -1 -1000 -1000 -1000 -10 0
89 9 Car -1 -1 -10 583 179 600 191 -1 -1 -1 -1000 -1000 -1000 -10 0
90 7 Car -1 -1 1.8192 407 182 464 217 1.627 -1.4612 -4.0916 -1.8155 7.9294 33.4381 1.5863 9.9164
90 10 Car -1 -1 -10 486 177 515 198 -1 -1 -1 -1000 -1000 -1000 -10 0
90 9 Car -1 -1 -10 582 178 599 191 -1 -1 -1 -1000 -1000 -1000 -10 0
91 7 Car -1 -1 1.8507 381 183 447 222 1.6116 -1.4328 -3.8698 -1.8547 7.975 29.7602 1.5889 9.8974
91 10 Car -1 -1 -10 478 178 509 200 -1 -1 -1 -1000 -1000 -1000 -10 0
91 9 Car -1 -1 -10 582 178 598 191 -1 -1 -1 -1000 -1000 -1000 -10 0
92 7 Car -1 -1 1.8845 348 184 426 230 1.6422 -1.4396 -4.2357 -1.8715 8.0368 26.4307 1.5893 10.2801
92 10 Car -1 -1 1.7748 468 179 502 203 1.6305 -1.4634 -3.9626 -1.9372 8.4771 48.7329 1.6026 5.9974
92 9 Car -1 -1 -10 581 179 598 191 -1 -1 -1 -1000 -1000 -1000 -10 0
93 7 Car -1 -1 1.9229 301 185 400 239 1.5907 -1.4015 -3.8894 -1.8576 8.0157 22.7043 1.5835 11.2588
93 10 Car -1 -1 -10 457 179 494 205 1.6305 -1.4634 -3.9626 -1.9372 8.4771 48.7329 -10 0
93 9 Car -1 -1 -10 581 178 598 191 -1 -1 -1 -1000 -1000 -1000 -10 0
94 7 Car -1 -1 1.9673 238 187 365 250 1.6695 -1.4358 -4.3657 -1.8052 8.056 19.3394 1.5726 11.8235
94 10 Car -1 -1 1.7736 443 178 486 206 1.6208 -1.4473 -4.0054 -1.8264 8.3149 41.5478 1.5761 10.1761
94 9 Car -1 -1 -10 581 176 598 189 -1 -1 -1 -1000 -1000 -1000 -10 0
95 10 Car -1 -1 1.774 427 179 476 212 1.6316 -1.5245 -4.0739 -1.836 8.2971 37.9467 1.5587 10.594
95 7 Car -1 -1 2.0392 139 189 317 270 1.6292 -1.4297 -4.3375 -1.8183 8.0327 15.7901 1.5686 14.4515
95 9 Car -1 -1 -10 581 178 598 190 -1 -1 -1 -1000 -1000 -1000 -10 0
96 7 Car -1 -1 2.1664 1 194 240 305 1.625 -1.391 -4.2417 -1.7976 8.0313 12.2672 1.5867 14.4677
96 10 Car -1 -1 1.8141 408 180 463 216 1.6148 -1.479 -3.9742 -1.8522 8.1775 34.2099 1.5795 10.6135
96 9 Car -1 -1 -10 582 178 599 191 -1 -1 -1 -1000 -1000 -1000 -10 0
97 10 Car -1 -1 1.8312 383 181 448 221 1.5941 -1.4161 -3.9136 -1.8232 8.1648 30.5651 1.5702 10.2495
97 7 Car -1 -1 2.3044 1 191 127 329 1.6435 -1.51 -4.2246 -1.8548 8.0537 8.7987 1.5632 9.4096
97 9 Car -1 -1 -10 582 177 599 190 -1 -1 -1 -1000 -1000 -1000 -10 0
98 10 Car -1 -1 1.8815 351 182 429 228 1.5983 -1.4509 -3.8409 -1.8394 8.0925 26.8339 1.5886 13.3577
98 9 Car -1 -1 -10 583 177 600 190 -1 -1 -1 -1000 -1000 -1000 -10 0
99 10 Car -1 -1 1.908 310 183 404 237 1.6367 -1.4641 -4.0795 -1.8428 8.0551 23.362 1.576 14.0581
99 9 Car -1 -1 -10 584 177 600 190 -1 -1 -1 -1000 -1000 -1000 -10 0
100 10 Car -1 -1 1.972 248 185 371 249 1.6358 -1.4449 -4.2362 -1.8645 8.0605 19.7618 1.5847 13.9977
100 9 Car -1 -1 -10 585 176 601 189 -1 -1 -1 -1000 -1000 -1000 -10 0
101 10 Car -1 -1 2.0309 153 186 324 269 1.6282 -1.427 -4.2752 -1.8277 8.0035 16.0866 1.5692 14.5392
101 11 Car -1 -1 -10 503 177 528 195 -1 -1 -1 -1000 -1000 -1000 -10 0
101 9 Car -1 -1 -10 585 177 602 190 -1 -1 -1 -1000 -1000 -1000 -10 0
102 10 Car -1 -1 2.1345 1 188 256 299 1.6476 -1.5056 -4.2018 -1.8385 8.0128 12.6347 1.5693 12.8382
102 11 Car -1 -1 -10 498 178 525 197 -1 -1 -1 -1000 -1000 -1000 -10 0
102 9 Car -1 -1 -10 585 177 602 190 -1 -1 -1 -1000 -1000 -1000 -10 0
103 10 Car -1 -1 2.2955 1 191 135 324 1.6083 -1.5268 -4.2856 -1.8068 7.994 9.0059 1.5696 10.2085
103 11 Car -1 -1 -10 493 178 521 199 -1 -1 -1 -1000 -1000 -1000 -10 0
103 9 Car -1 -1 -10 586 177 603 190 -1 -1 -1 -1000 -1000 -1000 -10 0
104 11 Car -1 -1 -10 486 179 516 201 -1 -1 -1 -1000 -1000 -1000 -10 0
104 9 Car -1 -1 -10 586 178 603 191 -1 -1 -1 -1000 -1000 -1000 -10 0
105 11 Car -1 -1 1.758 477 179 511 203 1.5987 -1.4649 -3.7652 -1.8634 7.7272 48.5091 1.6 6.9054
105 9 Car -1 -1 -10 586 178 603 191 -1 -1 -1 -1000 -1000 -1000 -10 0
106 11 Car -1 -1 1.7453 467 178 504 204 1.6 -1.4593 -3.7954 -1.8549 7.6824 45.1931 1.5769 8.3884
106 9 Car -1 -1 -10 586 178 603 191 -1 -1 -1 -1000 -1000 -1000 -10 0
107 11 Car -1 -1 1.726 455 179 496 207 1.6509 -1.5219 -3.7476 -1.8006 7.7422 41.7784 1.5427 8.1849
107 9 Car -1 -1 -10 585 178 602 191 -1 -1 -1 -1000 -1000 -1000 -10 0
108 11 Car -1 -1 1.7718 440 179 485 210 1.6157 -1.4611 -3.909 -1.8591 7.7561 38.3295 1.5722 6.9356
108 9 Car -1 -1 -10 585 177 601 191 -1 -1 -1 -1000 -1000 -1000 -10 0
109 11 Car -1 -1 1.8142 423 179 475 213 1.5762 -1.4266 -3.7632 -1.7574 7.6987 34.9859 1.5976 9.5797
109 9 Car -1 -1 -10 584 177 601 190 -1 -1 -1 -1000 -1000 -1000 -10 0
110 11 Car -1 -1 1.8119 400 180 461 217 1.6717 -1.4539 -4.3793 -1.7184 7.8004 31.6606 1.5704 11.3336
110 9 Car -1 -1 -10 583 177 600 190 -1 -1 -1 -1000 -1000 -1000 -10 0
111 11 Car -1 -1 1.8403 373 181 444 223 1.5987 -1.4609 -3.9473 -1.7422 7.7513 28.2286 1.5723 10.838
111 12 Car -1 -1 -10 506 176 530 194 -1 -1 -1 -1000 -1000 -1000 -10 0
111 9 Car -1 -1 -10 583 176 600 190 -1 -1 -1 -1000 -1000 -1000 -10 0
112 11 Car -1 -1 1.8647 339 180 424 229 1.6303 -1.4161 -4.2808 -1.7367 7.7827 24.8306 1.561 11.9997
112 12 Car -1 -1 -10 502 175 527 194 -1 -1 -1 -1000 -1000 -1000 -10 0
112 9 Car -1 -1 -10 582 175 600 188 -1 -1 -1 -1000 -1000 -1000 -10 0
113 11 Car -1 -1 1.9172 291 181 398 238 1.6259 -1.4742 -4.2068 -1.7304 7.7826 21.4213 1.5687 12.8724
113 12 Car -1 -1 -10 496 174 523 195 -1 -1 -1 -1000 -1000 -1000 -10 0
113 9 Car -1 -1 -10 582 174 600 188 -1 -1 -1 -1000 -1000 -1000 -10 0
113 13 Car -1 -1 -1.4098 807 157 840 178 1.641 -1.4729 -4.2356 -0.3906 -15.6596 52.7516 -1.1213 4.2655
114 11 Car -1 -1 1.9582 220 181 362 251 1.6352 -1.4768 -4.2138 -1.7252 7.7675 18.027 1.5514 13.5322
114 12 Car -1 -1 -10 489 175 518 197 -1 -1 -1 -1000 -1000 -1000 -10 0
114 9 Car -1 -1 -10 581 174 599 188 -1 -1 -1 -1000 -1000 -1000 -10 0
115 11 Car -1 -1 2.0555 113 185 309 273 1.6014 -1.474 -4.1112 -1.7037 7.7693 14.5706 1.5656 13.2043
115 12 Car -1 -1 -10 482 175 513 199 -1 -1 -1 -1000 -1000 -1000 -10 0
115 9 Car -1 -1 -10 581 175 599 189 -1 -1 -1 -1000 -1000 -1000 -10 0
116 11 Car -1 -1 2.1679 2 188 228 307 1.6019 -1.4337 -3.9903 -1.6982 7.741 11.2048 1.5633 12.8752
116 12 Car -1 -1 -10 473 177 508 202 -1 -1 -1 -1000 -1000 -1000 -10 0
116 9 Car -1 -1 -10 581 177 599 190 -1 -1 -1 -1000 -1000 -1000 -10 0
117 12 Car -1 -1 1.7453 464 178 502 205 1.6139 -1.4655 -3.8962 -1.8044 7.5147 43.0187 1.5724 4.953
117 11 Car -1 -1 2.3439 1 187 91 324 1.6579 -1.4804 -4.2416 -1.7632 7.7867 7.8186 1.5606 8.8319
117 9 Car -1 -1 -10 581 177 599 191 -1 -1 -1 -1000 -1000 -1000 -10 0
118 12 Car -1 -1 1.7351 452 178 494 207 1.5921 -1.4612 -3.8287 -1.7594 7.4853 39.759 1.549 6.4989
118 9 Car -1 -1 -10 581 176 599 190 -1 -1 -1 -1000 -1000 -1000 -10 0
119 12 Car -1 -1 1.79 439 178 485 211 1.6165 -1.4773 -3.8108 -1.7172 7.3714 36.3065 1.5897 7.2072
119 9 Car -1 -1 -10 581 175 599 189 -1 -1 -1 -1000 -1000 -1000 -10 0
120 12 Car -1 -1 1.7809 423 179 476 215 1.6616 -1.5049 -4.0783 -1.7839 7.3346 33.2906 1.564 8.7716
120 9 Car -1 -1 -10 581 175 599 189 -1 -1 -1 -1000 -1000 -1000 -10 0
121 12 Car -1 -1 1.7961 401 180 462 220 1.6252 -1.4963 -3.9397 -1.757 7.3428 29.9632 1.5558 7.6575
121 9 Car -1 -1 -1.533 581 176 599 190 1.5559 -1.4254 -3.3947 -1.7202 1.7484 67.0059 -1.5591 4.1527
122 12 Car -1 -1 1.8351 375 181 447 226 1.6691 -1.5022 -3.9297 -1.7549 7.3078 26.5167 1.5662 7.2361
122 9 Car -1 -1 -10 581 176 599 190 1.5559 -1.4254 -3.3947 -1.7202 1.7484 67.0059 -10 0
123 12 Car -1 -1 1.8603 340 182 427 235 1.6188 -1.4674 -3.9407 -1.7737 7.252 23.325 1.5589 9.3569
123 9 Car -1 -1 -10 581 175 600 190 1.5559 -1.4254 -3.3947 -1.7202 1.7484 67.0059 -10 0
124 12 Car -1 -1 1.9117 293 182 400 245 1.6253 -1.5188 -3.8259 -1.7495 7.1384 20.0163 1.5691 10.1912
124 9 Car -1 -1 -10 581 175 600 189 1.5559 -1.4254 -3.3947 -1.7202 1.7484 67.0059 -10 0
125 12 Car -1 -1 1.9795 223 185 365 259 1.615 -1.5013 -3.971 -1.7686 7.1068 16.769 1.5787 10.96
125 9 Car -1 -1 -10 582 175 600 190 1.5559 -1.4254 -3.3947 -1.7202 1.7484 67.0059 -10 0
126 12 Car -1 -1 2.0382 112 187 312 283 1.6569 -1.5577 -4.0583 -1.781 7.1298 13.5349 1.5533 11.5369
126 9 Car -1 -1 -10 582 176 600 190 1.5559 -1.4254 -3.3947 -1.7202 1.7484 67.0059 -10 0
127 12 Car -1 -1 2.181 1 192 231 324 1.6148 -1.5005 -3.7954 -1.7579 7.0873 10.3084 1.5787 12.4054
127 9 Car -1 -1 -10 582 175 600 190 1.5559 -1.4254 -3.3947 -1.7202 1.7484 67.0059 -10 0
128 12 Car -1 -1 -10 1 184 96 339 1.6148 -1.5005 -3.7954 -1.7579 7.0873 10.3084 -10 0
128 9 Car -1 -1 -10 582 175 601 190 1.5559 -1.4254 -3.3947 -1.7202 1.7484 67.0059 -10 0
129 9 Car -1 -1 -10 582 175 601 189 1.5559 -1.4254 -3.3947 -1.7202 1.7484 67.0059 -10 0
129 14 Car -1 -1 -10 559 172 576 186 -1 -1 -1 -1000 -1000 -1000 -10 0
130 9 Car -1 -1 -10 582 174 602 189 1.5559 -1.4254 -3.3947 -1.7202 1.7484 67.0059 -10 0
130 14 Car -1 -1 -10 559 172 576 186 -1 -1 -1 -1000 -1000 -1000 -10 0
131 9 Car -1 -1 -10 582 174 602 189 1.5559 -1.4254 -3.3947 -1.7202 1.7484 67.0059 -10 0
131 14 Car -1 -1 -10 559 172 576 186 -1 -1 -1 -1000 -1000 -1000 -10 0
132 14 Car -1 -1 -10 559 172 576 186 -1 -1 -1 -1000 -1000 -1000 -10 0
132 9 Car -1 -1 -10 582 174 602 188 1.5559 -1.4254 -3.3947 -1.7202 1.7484 67.0059 -10 0
133 9 Car -1 -1 -10 583 173 602 188 1.5559 -1.4254 -3.3947 -1.7202 1.7484 67.0059 -10 0
134 9 Car -1 -1 -10 583 172 603 188 1.5559 -1.4254 -3.3947 -1.7202 1.7484 67.0059 -10 0
135 9 Car -1 -1 -10 583 172 603 187 1.5559 -1.4254 -3.3947 -1.7202 1.7484 67.0059 -10 0
136 9 Car -1 -1 -10 585 172 605 188 1.5559 -1.4254 -3.3947 -1.7202 1.7484 67.0059 -10 0
136 14 Car -1 -1 -10 560 169 579 185 -1 -1 -1 -1000 -1000 -1000 -10 0
137 9 Car -1 -1 -10 585 172 606 188 1.5559 -1.4254 -3.3947 -1.7202 1.7484 67.0059 -10 0
137 14 Car -1 -1 1.6595 561 170 579 186 1.6455 -1.4786 -3.9718 -0.7808 3.8361 70.9287 1.6054 5.8878
138 9 Car -1 -1 -10 586 174 607 190 1.5559 -1.4254 -3.3947 -1.7202 1.7484 67.0059 -10 0
138 14 Car -1 -1 -10 561 173 580 188 1.6455 -1.4786 -3.9718 -0.7808 3.8361 70.9287 -10 0
139 9 Car -1 -1 -1.5505 587 175 607 191 1.6374 -1.5056 -4.0173 -1.6684 1.0503 58.4294 -1.5685 4.0972
139 14 Car -1 -1 -10 562 173 580 188 1.6455 -1.4786 -3.9718 -0.7808 3.8361 70.9287 -10 0
140 9 Car -1 -1 -1.5102 587 175 608 191 1.6157 -1.472 -3.8057 -1.593 0.9516 57.4578 -1.5268 4.563
140 14 Car -1 -1 -10 562 173 580 189 1.6455 -1.4786 -3.9718 -0.7808 3.8361 70.9287 -10 0
141 9 Car -1 -1 -10 586 172 608 189 1.6157 -1.472 -3.8057 -1.593 0.9516 57.4578 -10 0
141 14 Car -1 -1 -10 562 171 581 186 1.6455 -1.4786 -3.9718 -0.7808 3.8361 70.9287 -10 0
142 9 Car -1 -1 -10 586 170 607 187 1.6157 -1.472 -3.8057 -1.593 0.9516 57.4578 -10 0
142 14 Car -1 -1 -10 560 168 580 184 1.6455 -1.4786 -3.9718 -0.7808 3.8361 70.9287 -10 0
143 9 Car -1 -1 -10 585 169 607 186 1.6157 -1.472 -3.8057 -1.593 0.9516 57.4578 -10 0
143 14 Car -1 -1 -10 559 167 579 183 1.6455 -1.4786 -3.9718 -0.7808 3.8361 70.9287 -10 0
144 9 Car -1 -1 -10 584 170 607 188 1.6157 -1.472 -3.8057 -1.593 0.9516 57.4578 -10 0
144 14 Car -1 -1 -10 557 168 577 185 1.6455 -1.4786 -3.9718 -0.7808 3.8361 70.9287 -10 0
145 9 Car -1 -1 -10 582 172 605 190 1.6157 -1.472 -3.8057 -1.593 0.9516 57.4578 -10 0
145 14 Car -1 -1 -10 556 170 576 186 1.6455 -1.4786 -3.9718 -0.7808 3.8361 70.9287 -10 0
146 9 Car -1 -1 -10 581 174 604 192 1.6157 -1.472 -3.8057 -1.593 0.9516 57.4578 -10 0
146 14 Car -1 -1 -10 554 172 575 189 1.6455 -1.4786 -3.9718 -0.7808 3.8361 70.9287 -10 0
147 9 Car -1 -1 -10 580 175 603 193 1.6157 -1.472 -3.8057 -1.593 0.9516 57.4578 -10 0
147 14 Car -1 -1 -10 552 172 574 189 1.6455 -1.4786 -3.9718 -0.7808 3.8361 70.9287 -10 0
148 14 Car -1 -1 -10 551 172 572 189 1.6455 -1.4786 -3.9718 -0.7808 3.8361 70.9287 -10 0
148 9 Car -1 -1 -10 579 174 602 193 1.6157 -1.472 -3.8057 -1.593 0.9516 57.4578 -10 0
149 9 Car -1 -1 -10 577 174 601 192 1.6157 -1.472 -3.8057 -1.593 0.9516 57.4578 -10 0
149 14 Car -1 -1 -1.43 550 172 571 189 1.6359 -1.5117 -4.0268 -1.3475 4.1609 61.9327 -1.4971 4.8097
150 9 Car -1 -1 -10 577 174 601 193 1.6157 -1.472 -3.8057 -1.593 0.9516 57.4578 -10 0
150 14 Car -1 -1 -10 548 171 571 189 1.6359 -1.5117 -4.0268 -1.3475 4.1609 61.9327 -10 0
151 9 Car -1 -1 -1.5691 577 174 601 193 1.6048 -1.4334 -3.671 -1.4368 1.4966 49.8109 -1.5992 5.2753
151 14 Car -1 -1 -10 547 172 570 189 1.6359 -1.5117 -4.0268 -1.3475 4.1609 61.9327 -10 0
152 9 Car -1 -1 -10 576 174 601 193 1.6048 -1.4334 -3.671 -1.4368 1.4966 49.8109 -10 0
152 14 Car -1 -1 -1.5176 547 172 570 190 1.6109 -1.4624 -4.0164 -1.3049 4.2517 59.4569 -1.589 4.9357
153 9 Car -1 -1 -10 576 174 601 193 1.6048 -1.4334 -3.671 -1.4368 1.4966 49.8109 -10 0
153 14 Car -1 -1 -10 547 171 570 189 1.6109 -1.4624 -4.0164 -1.3049 4.2517 59.4569 -10 0
154 9 Car -1 -1 1.5426 576 172 602 192 1.6573 -1.4876 -4.0317 -1.2627 1.5992 47.5705 1.509 4.9608
154 14 Car -1 -1 -10 546 169 570 188 1.6109 -1.4624 -4.0164 -1.3049 4.2517 59.4569 -10 0
155 9 Car -1 -1 -1.5464 576 170 602 190 1.5988 -1.441 -3.7419 -1.1592 1.4412 47.0349 -1.577 5.1519
155 14 Car -1 -1 -1.4712 546 167 570 185 1.5968 -1.4373 -3.7921 -0.9366 4.0677 57.0281 -1.5424 5.4082
156 9 Car -1 -1 -1.5257 576 171 602 191 1.6163 -1.4366 -3.8066 -1.1898 1.3676 46.3608 -1.5552 6.3754
156 14 Car -1 -1 1.645 545 168 569 187 1.6445 -1.5624 -4.1804 -0.8414 4.1154 56.2556 1.572 6.0049
157 9 Car -1 -1 -1.5438 576 175 602 195 1.6064 -1.4366 -3.7377 -1.4078 1.294 45.7505 -1.5721 7.48
157 14 Car -1 -1 -1.523 545 172 569 190 1.5905 -1.4644 -3.6334 -1.2041 4.011 55.2762 -1.5955 4.4195
158 14 Car -1 -1 -10 545 174 569 193 1.5905 -1.4644 -3.6334 -1.2041 4.011 55.2762 -10 0
158 9 Car -1 -1 -1.5372 577 177 603 198 1.6302 -1.4489 -3.9567 -1.5732 1.3198 45.2719 -1.5664 5.0955
159 9 Car -1 -1 -1.5557 577 180 604 201 1.5921 -1.4196 -3.7019 -1.6957 1.2662 44.437 -1.5842 6.5968
159 14 Car -1 -1 -10 545 177 570 196 1.5905 -1.4644 -3.6334 -1.2041 4.011 55.2762 -10 0
160 9 Car -1 -1 -1.5461 577 180 605 201 1.6133 -1.4758 -3.7199 -1.699 1.1769 44.0097 -1.5728 5.4123
160 14 Car -1 -1 -1.4947 545 176 570 196 1.5996 -1.4384 -3.6668 -1.7695 3.8832 53.2668 -1.5675 5.0478
161 14 Car -1 -1 -1.4736 544 170 569 189 1.5921 -1.4211 -3.6393 -1.1569 3.9054 52.3545 -1.548 6.335
161 9 Car -1 -1 -1.5792 577 172 605 194 1.5948 -1.4355 -3.7541 -1.2828 1.2178 43.2946 -1.6073 4.6953
162 9 Car -1 -1 -1.5476 578 167 606 190 1.5968 -1.4236 -3.7081 -0.8733 1.0771 42.6416 -1.5729 5.1631
162 14 Car -1 -1 -1.4917 544 164 570 184 1.607 -1.4344 -3.7139 -0.7773 3.751 51.5647 -1.5643 6.1086
163 9 Car -1 -1 -1.5455 578 167 606 190 1.5977 -1.434 -3.7175 -0.9884 1.0767 42.0572 -1.5711 5.64
163 14 Car -1 -1 1.6338 544 164 569 185 1.6576 -1.4882 -4.1812 -0.6436 3.8402 51.1075 1.5588 7.1699
164 14 Car -1 -1 -1.4986 543 167 570 188 1.6409 -1.4362 -3.9878 -0.9909 3.7832 50.5325 -1.5734 6.9906
164 9 Car -1 -1 -1.5476 578 168 607 191 1.5896 -1.4394 -3.6842 -1.0303 1.0688 41.6666 -1.5733 5.5654
165 9 Car -1 -1 -1.5766 579 174 607 198 1.6422 -1.5097 -3.8976 -1.3431 1.0337 41.3264 -1.6016 6.37
165 14 Car -1 -1 -1.4971 543 172 570 193 1.582 -1.4375 -3.6375 -1.2868 3.7088 49.7937 -1.5715 6.1665
166 9 Car -1 -1 -1.5632 579 174 609 198 1.5936 -1.4137 -3.5612 -1.4054 0.9897 40.4022 -1.5877 6.8951
166 14 Car -1 -1 -1.5004 542 172 570 194 1.6175 -1.4675 -3.714 -1.351 3.6684 49.0705 -1.575 4.6393
167 14 Car -1 -1 -1.4937 541 170 569 191 1.573 -1.4352 -3.58 -1.2244 3.6881 48.4419 -1.5697 4.3055
167 9 Car -1 -1 -1.5588 579 171 609 195 1.6081 -1.4469 -3.7057 -1.2162 0.9398 40.0115 -1.5823 4.2518
168 9 Car -1 -1 -1.5527 580 173 609 198 1.6374 -1.4517 -4.0545 -1.3387 0.9023 39.8893 -1.5754 6.6291
168 14 Car -1 -1 -1.5075 541 171 569 193 1.6185 -1.4326 -3.7338 -1.275 3.6629 48.0214 -1.5836 7.6402
169 14 Car -1 -1 -1.4766 541 172 570 194 1.6343 -1.5034 -3.9034 -1.4188 3.45 47.581 -1.549 4.2914
169 9 Car -1 -1 -1.5872 579 174 610 199 1.6228 -1.4277 -3.8303 -1.3845 0.9217 39.3099 -1.6107 6.7583
170 14 Car -1 -1 -1.544 541 176 571 198 1.6565 -1.5138 -4.1297 -1.4839 3.6443 47.0361 -1.6214 4.4452
170 9 Car -1 -1 -1.5643 580 178 611 203 1.611 -1.481 -3.8614 -1.5175 0.7919 38.8022 -1.5847 5.1533
171 9 Car -1 -1 -1.5555 580 182 612 208 1.6152 -1.4346 -3.7799 -1.7633 0.7395 38.3137 -1.5748 6.7927
171 14 Car -1 -1 -1.53 541 181 570 204 1.5907 -1.4269 -3.7423 -1.7781 3.5259 46.3602 -1.6059 6.3885
172 14 Car -1 -1 -1.5302 540 182 570 205 1.6285 -1.4894 -3.7411 -1.9472 3.5067 45.8287 -1.6065 6.378
172 9 Car -1 -1 -1.5561 580 184 613 210 1.6365 -1.5129 -3.8895 -1.8993 0.677 37.9496 -1.5739 6.0766
173 9 Car -1 -1 -1.5427 580 181 613 207 1.6132 -1.442 -3.856 -1.7009 0.6443 37.5896 -1.5598 6.7663
173 14 Car -1 -1 -1.5227 540 179 570 202 1.6244 -1.5613 -3.6185 -1.7837 3.4289 45.2659 -1.5983 6.4508
174 9 Car -1 -1 -1.5981 581 179 614 206 1.5992 -1.456 -3.7028 -1.583 0.6502 37.0767 -1.6156 4.9648
174 14 Car -1 -1 -1.5312 540 178 570 201 1.5995 -1.4541 -3.6005 -1.6254 3.4127 44.6516 -1.6075 7.23
175 9 Car -1 -1 -1.5613 582 179 615 206 1.5989 -1.4728 -3.6777 -1.6179 0.64 36.5971 -1.5787 8.3644
175 14 Car -1 -1 -1.4493 540 178 571 202 1.616 -1.5141 -3.6096 -1.6611 3.3234 44.1178 -1.5245 5.4725
176 9 Car -1 -1 -1.5647 582 179 616 206 1.6314 -1.4936 -3.8011 -1.6976 0.5435 36.2136 -1.5797 6.7151
176 14 Car -1 -1 -1.5093 539 178 571 202 1.617 -1.4776 -3.629 -1.6441 3.2935 43.5833 -1.5847 7.8561
177 9 Car -1 -1 -1.5484 583 180 617 207 1.6246 -1.4787 -3.7192 -1.655 0.524 35.6157 -1.5632 7.7632
177 14 Car -1 -1 -1.5406 539 179 571 203 1.6502 -1.4832 -3.9282 -1.7019 3.3692 43.317 -1.6182 8.6432
178 9 Car -1 -1 -1.5508 584 180 618 208 1.6329 -1.542 -3.7926 -1.6744 0.501 35.2641 -1.565 7.1459
178 14 Car -1 -1 -1.4909 538 179 571 204 1.6137 -1.5204 -3.5904 -1.7211 3.2192 42.5078 -1.5664 7.263
179 9 Car -1 -1 -1.5421 584 181 619 209 1.5968 -1.4899 -3.6689 -1.693 0.4083 34.8195 -1.5539 9.3474
179 14 Car -1 -1 -1.4812 538 180 571 205 1.616 -1.4653 -3.6386 -1.7758 3.1635 42.0437 -1.5563 7.5774
179 15 Car -1 -1 -1.5855 608 167 630 193 1.8988 -2.1591 -5.1 -1.7391 -0.7681 64.1406 -1.5735 4.9976
180 9 Car -1 -1 -1.5402 585 181 620 210 1.6282 -1.4964 -3.7012 -1.7318 0.3503 34.3246 -1.5504 9.5562
180 14 Car -1 -1 -1.5191 538 180 571 206 1.6006 -1.4114 -3.6329 -1.727 3.1495 41.4797 -1.5949 7.5899
181 9 Car -1 -1 -1.5519 585 181 621 210 1.6096 -1.4598 -3.7121 -1.7413 0.3107 33.946 -1.5611 6.2992
181 14 Car -1 -1 -1.4917 538 181 571 206 1.5653 -1.4594 -3.4993 -1.7637 3.1195 40.8881 -1.5679 8.4689
182 9 Car -1 -1 -1.5623 585 181 621 210 1.6195 -1.4155 -3.7841 -1.6758 0.3111 33.5814 -1.5715 9.0196
182 14 Car -1 -1 -1.4729 537 180 571 205 1.5634 -1.4377 -3.4852 -1.7118 3.0392 40.396 -1.548 7.4788
183 9 Car -1 -1 -1.5379 585 181 622 211 1.5755 -1.4343 -3.5326 -1.6867 0.2855 32.9542 -1.5466 6.7384
183 14 Car -1 -1 -1.4696 536 180 571 206 1.5866 -1.4376 -3.5061 -1.7215 3.0577 39.8439 -1.5462 8.1904
184 9 Car -1 -1 -1.5489 585 182 623 212 1.6276 -1.4786 -3.7355 -1.7133 0.2547 32.5493 -1.5567 8.8432
184 14 Car -1 -1 -1.4749 535 182 571 208 1.6027 -1.5207 -3.5187 -1.8308 3.0469 39.5116 -1.5519 9.7293
185 9 Car -1 -1 -1.557 585 182 624 213 1.6202 -1.4371 -3.7888 -1.7674 0.2172 32.2096 -1.5638 7.3553
185 14 Car -1 -1 -1.4902 534 182 571 209 1.5693 -1.5047 -3.5584 -1.8167 3.0559 38.9965 -1.5685 7.8928
186 9 Car -1 -1 -1.5258 585 183 624 214 1.6111 -1.5245 -3.4909 -1.7962 0.2309 31.6821 -1.5331 8.907
186 14 Car -1 -1 -1.4915 533 182 570 210 1.6255 -1.4792 -3.7506 -1.82 3.1391 38.6648 -1.5725 8.2814
187 9 Car -1 -1 -1.5735 585 183 624 215 1.5939 -1.4776 -3.5732 -1.7818 0.2845 31.2627 -1.5826 8.1033
187 14 Car -1 -1 -1.4661 532 182 570 210 1.5874 -1.4091 -3.6294 -1.8514 3.0823 38.0768 -1.5468 9.0826
187 16 Car -1 -1 -10 462 178 485 196 -1 -1 -1 -1000 -1000 -1000 -10 0
188 9 Car -1 -1 -1.5545 585 183 625 215 1.5985 -1.4956 -3.5954 -1.757 0.2 30.9368 -1.561 8.5416
188 14 Car -1 -1 -1.4584 530 182 569 210 1.5904 -1.4512 -3.6309 -1.8403 3.0651 37.7399 -1.5395 9.1283
188 16 Car -1 -1 -10 457 178 480 197 -1 -1 -1 -1000 -1000 -1000 -10 0
189 14 Car -1 -1 -1.4973 529 181 568 210 1.6044 -1.5164 -3.6422 -1.7721 3.1342 37.3517 -1.581 8.6587
189 9 Car -1 -1 -1.5618 584 182 625 215 1.603 -1.4571 -3.6866 -1.7273 0.2568 30.5956 -1.5702 8.9701
189 16 Car -1 -1 -10 450 177 475 197 -1 -1 -1 -1000 -1000 -1000 -10 0
190 14 Car -1 -1 -1.5132 527 180 567 208 1.5919 -1.4424 -3.5466 -1.6817 3.1872 36.9457 -1.5992 9.2269
190 9 Car -1 -1 -1.5498 584 181 624 214 1.6114 -1.4681 -3.6897 -1.6248 0.3106 30.2123 -1.5601 10.1303
190 16 Car -1 -1 -10 444 175 469 196 -1 -1 -1 -1000 -1000 -1000 -10 0
191 9 Car -1 -1 -1.5701 583 180 624 214 1.6007 -1.4487 -3.5679 -1.6608 0.301 29.7749 -1.5802 7.532
191 14 Car -1 -1 -1.4922 526 179 566 208 1.5926 -1.4481 -3.6815 -1.6566 3.277 36.6199 -1.5815 9.6481
191 16 Car -1 -1 -10 436 175 462 197 -1 -1 -1 -1000 -1000 -1000 -10 0
192 9 Car -1 -1 -1.5451 582 181 624 215 1.6159 -1.4943 -3.6749 -1.6545 0.2606 29.4393 -1.554 8.6839
192 14 Car -1 -1 -1.4806 524 180 566 210 1.5652 -1.4657 -3.7264 -1.7302 3.2479 36.2996 -1.5699 8.2266
192 16 Car -1 -1 -10 427 178 455 199 -1 -1 -1 -1000 -1000 -1000 -10 0
193 9 Car -1 -1 -1.5354 582 182 624 217 1.5458 -1.4002 -3.2653 -1.6971 0.2299 28.9273 -1.5433 9.141
193 14 Car -1 -1 -1.4869 522 180 564 211 1.5675 -1.4706 -3.5721 -1.7713 3.3272 35.8376 -1.5795 9.193
193 16 Car -1 -1 -10 418 179 448 202 -1 -1 -1 -1000 -1000 -1000 -10 0
194 9 Car -1 -1 -1.5638 581 183 624 218 1.6178 -1.4789 -3.6944 -1.7267 0.3173 28.7733 -1.5748 11.0321
194 14 Car -1 -1 -1.4893 521 181 563 212 1.5999 -1.502 -3.4836 -1.7775 3.3439 35.5092 -1.5832 9.1206
194 16 Car -1 -1 1.7922 405 179 441 203 1.5926 -1.4567 -3.6715 -1.9202 12.1118 46.5656 1.5378 5.4843
195 9 Car -1 -1 -1.5584 580 183 624 218 1.6191 -1.487 -3.6857 -1.7124 0.3532 28.4363 -1.5708 10.0495
195 14 Car -1 -1 -1.4287 520 181 562 212 1.5819 -1.4415 -3.5421 -1.705 3.324 35.1911 -1.5228 9.0397
195 16 Car -1 -1 1.7491 393 179 432 205 1.5781 -1.4499 -3.7888 -1.8893 12.077 44.0209 1.4813 5.8016
196 9 Car -1 -1 -1.558 580 183 624 218 1.5804 -1.4236 -3.633 -1.7242 0.3619 28.1241 -1.5709 9.1507
196 16 Car -1 -1 1.8005 379 180 421 207 1.6125 -1.5017 -3.7434 -1.9418 12.1194 41.5181 1.5165 5.8718
196 14 Car -1 -1 -1.4397 518 180 561 212 1.5738 -1.4225 -3.5266 -1.728 3.3569 34.9397 -1.5355 9.5228
197 9 Car -1 -1 -1.5699 579 182 623 219 1.6271 -1.4468 -3.8436 -1.7068 0.3602 27.8354 -1.5829 9.3142
197 14 Car -1 -1 -1.4504 517 181 560 212 1.5751 -1.4664 -3.5499 -1.7211 3.3323 34.6609 -1.5462 10.0553
197 16 Car -1 -1 1.824 364 180 410 209 1.568 -1.5185 -3.6755 -1.8515 12.0009 39.209 1.527 7.9503
198 16 Car -1 -1 1.8102 348 180 397 210 1.5883 -1.4676 -3.7774 -1.8066 12.0887 36.7041 1.492 7.5844
198 9 Car -1 -1 -1.559 578 182 623 218 1.5808 -1.4213 -3.5595 -1.6929 0.3518 27.4755 -1.5718 11.6567
198 14 Car -1 -1 -1.4506 515 180 560 211 1.5596 -1.4656 -3.3583 -1.7017 3.4114 34.3471 -1.5496 9.8458
198 17 Car -1 -1 -10 444 178 468 194 -1 -1 -1 -1000 -1000 -1000 -10 0
199 9 Car -1 -1 -1.5565 577 182 623 219 1.5899 -1.4237 -3.6504 -1.6712 0.3105 27.0997 -1.5679 9.5271
199 16 Car -1 -1 1.8477 327 180 385 213 1.6066 -1.4599 -3.8858 -1.7656 12.0501 34.2272 1.5092 7.6389
199 14 Car -1 -1 -1.4344 514 180 558 212 1.5737 -1.4647 -3.6144 -1.6765 3.4491 34.2119 -1.5349 9.2319
199 17 Car -1 -1 -10 434 178 462 195 -1 -1 -1 -1000 -1000 -1000 -10 0
200 9 Car -1 -1 -1.5718 576 183 623 220 1.6065 -1.4185 -3.7475 -1.7034 0.3878 26.8013 -1.5862 10.302
200 16 Car -1 -1 1.89 304 180 369 216 1.6232 -1.4804 -4.1264 -1.7334 11.9746 31.9254 1.5311 7.3514
200 14 Car -1 -1 -1.4405 513 181 558 212 1.5641 -1.4614 -3.331 -1.6913 3.4825 33.9182 -1.5429 8.2576
200 17 Car -1 -1 -10 427 178 457 196 -1 -1 -1 -1000 -1000 -1000 -10 0
201 9 Car -1 -1 -1.5967 575 184 623 221 1.6259 -1.4812 -3.6894 -1.7033 0.4597 26.4987 -1.6141 8.8391
201 16 Car -1 -1 1.9182 277 179 349 220 1.6033 -1.4241 -3.8863 -1.7289 11.9666 29.3313 1.5309 8.917
201 14 Car -1 -1 -1.429 511 180 557 212 1.5563 -1.4366 -3.5447 -1.6832 3.4637 33.7351 -1.5313 10.3499
201 17 Car -1 -1 -10 420 178 450 197 -1 -1 -1 -1000 -1000 -1000 -10 0
202 9 Car -1 -1 -1.5783 574 184 623 221 1.5892 -1.4352 -3.6365 -1.705 0.4962 26.2181 -1.5972 9.9398
202 14 Car -1 -1 -1.4154 510 180 556 212 1.5518 -1.4248 -3.5253 -1.6534 3.4927 33.5949 -1.519 9.9002
202 16 Car -1 -1 1.9539 241 180 331 225 1.6152 -1.51 -3.9544 -1.7329 11.9085 26.8204 1.536 9.0212
202 17 Car -1 -1 -10 412 178 444 198 -1 -1 -1 -1000 -1000 -1000 -10 0
203 14 Car -1 -1 -1.446 509 181 555 213 1.5708 -1.4589 -3.5478 -1.6861 3.5218 33.4752 -1.5509 8.9276
203 9 Car -1 -1 -1.5481 574 185 622 223 1.6342 -1.4845 -3.8343 -1.7452 0.4692 26.0099 -1.5662 8.0067
203 16 Car -1 -1 1.9695 200 179 305 230 1.5937 -1.5065 -3.9114 -1.7119 11.8805 24.2767 1.5144 10.4788
203 17 Car -1 -1 -10 403 179 436 200 -1 -1 -1 -1000 -1000 -1000 -10 0
203 15 Car -1 -1 -1.5749 597 162 625 193 1.9457 -2.1913 -5.5444 -1.4741 -0.0746 53.3044 -1.5735 4.6382
204 14 Car -1 -1 -1.4609 508 183 555 215 1.5748 -1.4928 -3.5246 -1.8119 3.6466 33.2367 -1.5702 9.348
204 9 Car -1 -1 -1.5547 573 187 621 226 1.6041 -1.4356 -3.8213 -1.7976 0.4281 25.8542 -1.5712 10.0342
204 16 Car -1 -1 2.006 147 183 271 240 1.6362 -1.4765 -4.2076 -1.771 11.8576 21.8246 1.5084 12.0916
204 17 Car -1 -1 -10 392 182 428 204 -1 -1 -1 -1000 -1000 -1000 -10 0
205 14 Car -1 -1 -1.4397 508 185 554 218 1.6012 -1.4829 -3.6148 -1.9163 3.5979 33.1965 -1.5477 9.1764
205 9 Car -1 -1 -1.553 572 189 621 229 1.5911 -1.4612 -3.404 -1.8913 0.5223 25.4569 -1.5735 11.2903
205 16 Car -1 -1 2.0485 83 188 233 252 1.6153 -1.4958 -4.0695 -1.8842 11.7799 19.2636 1.4997 12.5714
205 17 Car -1 -1 1.8126 381 185 420 208 1.615 -1.4483 -3.7697 -2.1229 13.1246 45.4204 1.5313 7.2014
206 9 Car -1 -1 -1.542 571 189 621 230 1.5984 -1.3977 -3.5924 -1.8967 0.4673 25.2519 -1.5605 10.3345
206 14 Car -1 -1 -1.4457 507 185 554 218 1.5806 -1.4897 -3.4787 -1.9503 3.6139 33.0446 -1.5546 10.3652
206 17 Car -1 -1 -10 369 186 410 210 1.615 -1.4483 -3.7697 -2.1229 13.1246 45.4204 -10 0
206 16 Car -1 -1 2.1209 6 190 189 267 1.6131 -1.4984 -4.09 -1.8308 11.7588 16.7251 1.5081 12.0435
207 9 Car -1 -1 -1.5396 570 186 620 226 1.5983 -1.4351 -3.5737 -1.736 0.4967 25.0092 -1.5595 10.7108
207 14 Car -1 -1 -1.4358 506 182 553 215 1.5775 -1.5508 -3.5729 -1.757 3.6432 32.918 -1.546 9.6876
207 17 Car -1 -1 1.8084 354 183 400 208 1.6042 -1.4613 -3.7811 -1.9602 13.1126 40.7413 1.497 5.0902
207 16 Car -1 -1 2.1985 2 188 122 277 1.6066 -1.442 -4.1686 -1.8245 11.6743 14.2693 1.5128 10.2523
208 17 Car -1 -1 -10 339 180 388 207 1.6042 -1.4613 -3.7811 -1.9602 13.1126 40.7413 -10 0
208 9 Car -1 -1 -1.5673 570 182 620 223 1.5983 -1.4744 -3.5682 -1.6543 0.5197 24.7765 -1.5882 10.204
208 14 Car -1 -1 -1.4214 506 178 553 211 1.5414 -1.4647 -3.4811 -1.5733 3.6433 32.8321 -1.5319 10.3478
209 17 Car -1 -1 1.8878 321 179 377 208 1.5998 -1.463 -3.8277 -1.6506 13.0034 36.2032 1.543 4.082
209 14 Car -1 -1 -1.4238 506 176 553 209 1.5636 -1.4659 -3.5225 -1.5407 3.6256 32.7402 -1.5341 9.6744
209 9 Car -1 -1 -1.5635 569 180 620 222 1.6192 -1.4322 -3.8034 -1.5995 0.5423 24.6848 -1.5854 9.7571
209 18 Car -1 -1 -10 438 170 460 187 -1 -1 -1 -1000 -1000 -1000 -10 0
210 17 Car -1 -1 1.9022 301 180 363 212 1.5867 -1.4525 -3.7923 -1.6702 12.9301 33.8755 1.5375 6.5846
210 9 Car -1 -1 -1.5619 569 181 621 223 1.5482 -1.4276 -3.3919 -1.586 0.5553 24.3575 -1.5847 10.5773
210 14 Car -1 -1 -1.4438 506 177 553 210 1.577 -1.4552 -3.6786 -1.5405 3.6363 32.6797 -1.5546 9.28
210 18 Car -1 -1 -10 433 170 457 188 -1 -1 -1 -1000 -1000 -1000 -10 0
210 19 Car -1 -1 -1.5764 592 161 620 194 1.956 -2.2625 -5.5496 -1.5052 0.3061 51.9183 -1.5822 7.9715
211 17 Car -1 -1 1.9181 279 182 347 216 1.6424 -1.4673 -3.898 -1.7957 12.8779 31.6097 1.5312 5.1664
211 9 Car -1 -1 -1.5658 569 183 621 225 1.6166 -1.4931 -3.6407 -1.6586 0.5394 24.3395 -1.588 10.5064
211 14 Car -1 -1 -1.4337 506 179 553 212 1.5891 -1.4565 -3.7477 -1.6294 3.6224 32.6433 -1.5443 10.2177
211 18 Car -1 -1 -10 427 172 453 191 -1 -1 -1 -1000 -1000 -1000 -10 0
212 14 Car -1 -1 -1.4243 506 180 554 213 1.6008 -1.4833 -3.785 -1.6881 3.5984 32.62 -1.5342 10.2562
212 17 Car -1 -1 1.9317 252 184 329 222 1.6176 -1.4592 -3.9921 -1.8361 12.7309 29.1029 1.5193 6.9964
212 9 Car -1 -1 -1.5675 569 184 621 225 1.5893 -1.4659 -3.5489 -1.654 0.6038 24.1117 -1.5925 11.0007
212 18 Car -1 -1 -10 420 172 448 193 -1 -1 -1 -1000 -1000 -1000 -10 0
213 14 Car -1 -1 -1.4303 506 181 553 214 1.5942 -1.4197 -3.8336 -1.7199 3.5308 32.6983 -1.5378 8.8878
213 9 Car -1 -1 -1.552 569 184 621 226 1.601 -1.4473 -3.7034 -1.6935 0.5251 24.0765 -1.5738 9.9084
213 17 Car -1 -1 1.9557 220 187 308 227 1.596 -1.4499 -3.8871 -1.835 12.6313 26.8375 1.5158 6.772
213 18 Car -1 -1 -10 414 174 443 195 -1 -1 -1 -1000 -1000 -1000 -10 0
213 19 Car -1 -1 -1.6106 589 162 619 195 1.9212 -2.2521 -5.1394 -1.527 0.4559 51.1591 -1.6196 4.7064
214 9 Car -1 -1 -1.5645 569 185 621 227 1.5935 -1.4585 -3.591 -1.6888 0.5658 23.9062 -1.5882 9.7445
214 14 Car -1 -1 -1.427 507 181 553 215 1.5875 -1.455 -3.7218 -1.7499 3.5769 32.6252 -1.5362 9.4937
214 17 Car -1 -1 1.9768 185 189 284 233 1.6103 -1.4316 -3.9181 -1.8756 12.5504 24.4087 1.5018 9.4777
214 18 Car -1 -1 -10 409 175 439 196 -1 -1 -1 -1000 -1000 -1000 -10 0
215 9 Car -1 -1 -1.5456 569 184 621 227 1.6134 -1.4588 -3.6234 -1.7173 0.5002 23.7433 -1.5666 10.6419
215 14 Car -1 -1 -1.4413 507 181 553 215 1.5611 -1.4734 -3.5891 -1.7406 3.5495 32.5549 -1.5499 9.8505
215 17 Car -1 -1 2.0119 137 190 254 240 1.6045 -1.4451 -4.0323 -1.9008 12.4986 22.1533 1.4983 7.7064
215 18 Car -1 -1 -10 400 174 433 197 -1 -1 -1 -1000 -1000 -1000 -10 0
216 9 Car -1 -1 -1.5745 569 184 621 227 1.6135 -1.4874 -3.6636 -1.7171 0.5433 23.7378 -1.5974 9.8676
216 14 Car -1 -1 -1.4402 507 180 554 214 1.5452 -1.4877 -3.4922 -1.7539 3.5439 32.5059 -1.5488 9.9999
216 17 Car -1 -1 2.0621 75 192 217 250 1.6231 -1.4373 -4.0625 -1.8764 12.4282 19.7853 1.5013 8.2743
216 18 Car -1 -1 -10 393 173 427 198 -1 -1 -1 -1000 -1000 -1000 -10 0
216 20 Car -1 -1 -10 430 177 450 192 -1 -1 -1 -1000 -1000 -1000 -10 0
217 9 Car -1 -1 -1.539 568 184 621 227 1.608 -1.4691 -3.5997 -1.6947 0.4845 23.7012 -1.5595 6.8371
217 17 Car -1 -1 2.1272 7 192 176 259 1.5886 -1.4314 -3.9018 -1.8457 12.2678 17.2956 1.5102 9.4089
217 14 Car -1 -1 -1.4369 507 180 554 213 1.581 -1.4878 -3.7502 -1.673 3.4908 32.6295 -1.5434 8.9068
217 18 Car -1 -1 -10 385 173 420 198 -1 -1 -1 -1000 -1000 -1000 -10 0
217 20 Car -1 -1 -10 425 176 447 192 -1 -1 -1 -1000 -1000 -1000 -10 0
218 9 Car -1 -1 -1.5518 568 183 621 226 1.5742 -1.4426 -3.3861 -1.67 0.5473 23.474 -1.5751 9.4195
218 14 Car -1 -1 -1.432 507 179 553 212 1.5975 -1.5306 -3.5214 -1.6549 3.5589 32.5658 -1.5409 8.8839
218 17 Car -1 -1 2.1788 1 195 120 271 1.5877 -1.4084 -3.7443 -1.8434 12.2345 15.1391 1.4991 9.1771
218 18 Car -1 -1 -10 376 173 413 199 -1 -1 -1 -1000 -1000 -1000 -10 0
218 20 Car -1 -1 -10 419 176 441 192 -1 -1 -1 -1000 -1000 -1000 -10 0
219 9 Car -1 -1 -1.5386 568 182 621 226 1.6081 -1.5185 -3.5494 -1.6346 0.4883 23.5251 -1.5594 10.4271
219 14 Car -1 -1 -1.4336 507 178 554 211 1.5588 -1.4432 -3.5319 -1.5454 3.5392 32.6593 -1.5416 10.3368
219 18 Car -1 -1 -10 366 173 405 199 -1 -1 -1 -1000 -1000 -1000 -10 0
219 20 Car -1 -1 -10 413 176 437 192 -1 -1 -1 -1000 -1000 -1000 -10 0
219 17 Car -1 -1 -10 3 195 48 265 1.5877 -1.4084 -3.7443 -1.8434 12.2345 15.1391 -10 0
220 9 Car -1 -1 -1.5751 567 181 621 224 1.6229 -1.4884 -3.6739 -1.5596 0.5464 23.4265 -1.5985 9.9903
220 14 Car -1 -1 -1.4624 508 177 554 210 1.5852 -1.4629 -3.8281 -1.5326 3.5777 32.8441 -1.5709 9.5729
220 18 Car -1 -1 -10 353 172 396 200 -1 -1 -1 -1000 -1000 -1000 -10 0
220 20 Car -1 -1 -10 405 174 432 192 -1 -1 -1 -1000 -1000 -1000 -10 0
221 9 Car -1 -1 -1.6017 567 181 621 225 1.5802 -1.4348 -3.4381 -1.5691 0.5638 23.3467 -1.6258 9.5267
221 14 Car -1 -1 -1.4458 508 177 554 210 1.5399 -1.5069 -3.4235 -1.5613 3.5492 32.7893 -1.5537 9.5429
221 18 Car -1 -1 1.8266 338 173 386 202 1.6622 -1.6605 -4.093 -1.7154 14.6591 43.415 1.501 6.2385
221 20 Car -1 -1 -10 398 176 426 195 -1 -1 -1 -1000 -1000 -1000 -10 0
222 18 Car -1 -1 1.8499 325 174 376 205 1.6488 -1.5627 -4.0856 -1.7757 14.5401 40.8413 1.5079 5.0541
222 9 Car -1 -1 -1.563 567 181 621 225 1.6307 -1.4493 -3.9 -1.5944 0.5374 23.5795 -1.5858 10.72
222 14 Car -1 -1 -1.4539 507 177 554 211 1.5776 -1.4635 -3.692 -1.5854 3.5723 32.9003 -1.562 10.0677
222 20 Car -1 -1 -10 391 176 420 196 -1 -1 -1 -1000 -1000 -1000 -10 0
223 9 Car -1 -1 -1.5623 566 180 620 224 1.567 -1.4382 -3.4721 -1.5693 0.5983 23.4175 -1.5878 10.5217
223 14 Car -1 -1 -1.4595 507 177 553 210 1.5927 -1.4961 -3.4581 -1.581 3.6028 32.9431 -1.5685 9.6754
223 18 Car -1 -1 1.8471 309 175 363 208 1.6586 -1.6286 -4.1793 -1.7305 14.476 38.5439 1.4878 5.5556
223 20 Car -1 -1 -10 383 176 413 197 -1 -1 -1 -1000 -1000 -1000 -10 0
224 18 Car -1 -1 1.8813 289 175 350 211 1.6514 -1.6866 -3.8911 -1.8218 14.4046 36.0795 1.5014 7.2408
224 9 Car -1 -1 -1.562 566 180 619 224 1.5773 -1.3962 -3.503 -1.4913 0.6365 23.5052 -1.5891 11.0402
224 14 Car -1 -1 -1.4758 507 177 553 210 1.5671 -1.4638 -3.5532 -1.5741 3.6603 33.1677 -1.5857 8.6129
224 20 Car -1 -1 -10 373 177 406 198 -1 -1 -1 -1000 -1000 -1000 -10 0
225 9 Car -1 -1 -1.5878 565 181 618 224 1.6024 -1.4844 -3.635 -1.5462 0.6484 23.4666 -1.6154 12.4456
225 18 Car -1 -1 1.8855 266 177 334 214 1.6658 -1.5933 -4.0679 -1.8471 14.3377 33.7775 1.4841 10.3105
225 14 Car -1 -1 -1.4638 507 178 552 211 1.6011 -1.4891 -3.8798 -1.575 3.6765 33.2817 -1.5738 8.62
225 20 Car -1 -1 -10 363 178 398 200 -1 -1 -1 -1000 -1000 -1000 -10 0
226 9 Car -1 -1 -1.5596 564 182 617 227 1.6127 -1.4674 -3.7122 -1.6368 0.6684 23.5878 -1.588 10.7732
226 14 Car -1 -1 -1.449 507 179 551 212 1.5842 -1.4759 -3.4351 -1.671 3.7383 33.2355 -1.5611 10.3995
226 18 Car -1 -1 1.914 242 179 319 221 1.6786 -1.592 -4.2548 -1.8951 14.2442 31.5586 1.49 11.9849
226 20 Car -1 -1 -10 351 180 389 203 -1 -1 -1 -1000 -1000 -1000 -10 0
227 9 Car -1 -1 -1.5528 563 184 616 228 1.6141 -1.5092 -3.6134 -1.675 0.642 23.6717 -1.5799 10.9201
227 20 Car -1 -1 -10 339 183 379 207 -1 -1 -1 -1000 -1000 -1000 -10 0
227 14 Car -1 -1 -1.4652 505 182 550 214 1.595 -1.4704 -3.5779 -1.8079 3.7053 33.5123 -1.5754 9.4392
227 18 Car -1 -1 1.9352 211 180 296 227 1.6874 -1.6267 -4.2451 -2.0103 14.2394 29.1752 1.4811 11.31
228 9 Car -1 -1 -1.5861 562 184 614 227 1.6017 -1.4841 -3.563 -1.6944 0.771 23.6044 -1.6188 9.0013
228 20 Car -1 -1 -10 325 183 368 209 -1 -1 -1 -1000 -1000 -1000 -10 0
228 14 Car -1 -1 -1.4889 505 182 549 214 1.5558 -1.4291 -3.416 -1.8294 3.8328 33.6156 -1.6025 9.5113
228 18 Car -1 -1 1.9755 177 180 272 232 1.6756 -1.6201 -4.161 -2.0125 14.1239 26.839 1.4911 11.9521
229 20 Car -1 -1 -10 310 183 357 210 -1 -1 -1 -1000 -1000 -1000 -10 0
229 9 Car -1 -1 -1.5828 560 185 612 227 1.5879 -1.472 -3.608 -1.709 0.747 23.7787 -1.6142 9.2754
229 18 Car -1 -1 2.0081 133 180 246 238 1.6956 -1.6481 -4.2189 -1.9513 14.0509 24.4743 1.4869 12.2037
229 14 Car -1 -1 -1.4631 504 182 548 214 1.5954 -1.5365 -3.6639 -1.8167 3.9027 33.8332 -1.5779 9.6962
230 9 Car -1 -1 -1.554 560 185 611 227 1.6023 -1.4554 -3.4554 -1.6881 0.8062 23.7378 -1.5879 9.7225
230 20 Car -1 -1 -10 293 184 342 213 -1 -1 -1 -1000 -1000 -1000 -10 0
230 18 Car -1 -1 2.0381 82 181 212 244 1.6893 -1.6553 -4.3056 -1.9265 13.9335 22.1685 1.477 11.9685
230 14 Car -1 -1 -1.4797 503 182 546 214 1.5938 -1.4779 -3.839 -1.8511 4.0103 34.1003 -1.5967 8.6657
230 21 Car -1 -1 1.3321 831 185 859 203 1.5415 -1.4512 -3.5704 -2.5759 -20.3044 62.4075 1.6467 4.0838
231 20 Car -1 -1 -10 274 184 328 214 -1 -1 -1 -1000 -1000 -1000 -10 0
231 9 Car -1 -1 -1.5494 557 184 609 226 1.5858 -1.4997 -3.3701 -1.713 0.8746 23.948 -1.5859 10.2018
231 18 Car -1 -1 2.0823 14 180 174 252 1.678 -1.6566 -4.2632 -1.9171 13.8508 19.8466 1.473 12.0781
231 14 Car -1 -1 -1.4742 502 181 544 213 1.5947 -1.5036 -3.7186 -1.7954 4.0878 34.2309 -1.5931 8.7414
231 22 Car -1 -1 -1.6074 564 163 594 197 1.8939 -2.1896 -5.0391 -1.5952 2.1789 49.9662 -1.651 4.7855
232 9 Car -1 -1 -1.5849 556 182 608 224 1.6069 -1.4735 -3.6148 -1.5837 1.0033 24.0918 -1.6265 11.3005
232 20 Car -1 -1 1.8671 251 183 312 215 1.5598 -1.4821 -3.5612 -1.9583 15.6339 34.5464 1.4421 6.4078
232 18 Car -1 -1 2.1349 2 180 125 261 1.6659 -1.6405 -4.3548 -1.8482 13.7474 17.4608 1.4679 11.7339
232 14 Car -1 -1 -1.4889 500 180 543 212 1.5614 -1.4502 -3.3661 -1.6805 4.1925 34.272 -1.6106 9.8627
233 20 Car -1 -1 1.9494 225 185 292 219 1.6265 -1.5945 -3.7669 -1.9005 15.5178 32.2359 1.5007 4.2887
233 9 Car -1 -1 -1.583 554 181 605 224 1.5899 -1.4536 -3.5783 -1.5847 1.0807 24.2451 -1.6276 11.2683
233 14 Car -1 -1 -1.475 499 179 541 211 1.5918 -1.4764 -3.5493 -1.6594 4.27 34.5283 -1.598 10.2006
233 18 Car -1 -1 2.2155 1 182 60 267 1.6896 -1.7012 -4.2789 -1.8805 13.6797 15.2129 1.4831 9.0098
234 9 Car -1 -1 -1.5294 553 183 604 224 1.6162 -1.486 -3.6067 -1.6813 1.0565 24.3191 -1.5728 11.0403
234 20 Car -1 -1 1.9559 194 186 270 225 1.5698 -1.413 -3.6401 -1.9986 15.3652 29.713 1.4787 8.8264
234 14 Car -1 -1 -1.4745 497 181 538 213 1.5793 -1.4912 -3.4714 -1.7445 4.3513 34.6983 -1.5993 9.5694
235 9 Car -1 -1 -1.5545 551 185 601 226 1.5889 -1.4644 -3.5224 -1.7048 1.1223 24.506 -1.6003 10.0673
235 14 Car -1 -1 -1.4842 496 182 537 214 1.5846 -1.4853 -3.4747 -1.8456 4.5201 34.882 -1.6131 8.1744
235 20 Car -1 -1 1.9925 159 189 246 231 1.5531 -1.4266 -3.6372 -2.0229 15.2636 27.258 1.4821 7.4004
236 9 Car -1 -1 -1.5483 549 186 599 226 1.5477 -1.4094 -3.3446 -1.7263 1.272 24.6385 -1.5999 10.531
236 14 Car -1 -1 -1.4994 494 183 534 214 1.5772 -1.4744 -3.526 -1.9005 4.671 35.2444 -1.6311 6.991
236 20 Car -1 -1 2.0272 117 188 215 236 1.5552 -1.4308 -3.5553 -1.9558 15.1235 24.9579 1.4824 7.5635
237 9 Car -1 -1 -1.5746 547 186 597 226 1.5746 -1.411 -3.3519 -1.7606 1.3551 24.8397 -1.6291 11.5123
237 14 Car -1 -1 -1.5182 492 183 533 214 1.5918 -1.4437 -3.5082 -1.9287 4.8487 35.4387 -1.6542 8.04
237 20 Car -1 -1 2.0653 66 190 180 241 1.5857 -1.4984 -3.7318 -1.9776 15.0333 22.6454 1.4793 9.9687
237 23 Car -1 -1 -10 731 184 786 203 -1 -1 -1 -1000 -1000 -1000 -10 0
237 21 Car -1 -1 -0.9792 823 188 898 221 1.6118 -1.4597 -3.8568 -2.2904 -12.3126 35.4696 -0.645 4.9638
238 9 Car -1 -1 -1.5514 546 186 595 226 1.5849 -1.4499 -3.4908 -1.7922 1.3545 25.0174 -1.6055 11.8576
238 14 Car -1 -1 -1.5068 490 183 530 214 1.5905 -1.4529 -3.5127 -1.8837 4.9083 35.6846 -1.6435 8.8533
238 20 Car -1 -1 2.1187 4 189 137 248 1.5657 -1.4667 -3.5729 -1.9191 14.9369 20.1993 1.482 12.3251
238 23 Car -1 -1 -10 734 184 789 205 -1 -1 -1 -1000 -1000 -1000 -10 0
238 21 Car -1 -1 -10 840 186 895 208 1.6118 -1.4597 -3.8568 -2.2904 -12.3126 35.4696 -10 0
239 9 Car -1 -1 -1.5754 545 186 594 226 1.6145 -1.4192 -3.7585 -1.8129 1.4531 25.3879 -1.6326 10.4996
239 14 Car -1 -1 -1.502 489 183 529 214 1.5846 -1.4276 -3.5076 -1.8748 5.0206 35.8997 -1.641 8.4888
239 20 Car -1 -1 2.1416 1 190 87 258 1.5948 -1.4808 -3.5992 -1.9273 14.8014 18.045 1.4547 7.8874
239 23 Car -1 -1 -10 737 185 793 206 -1 -1 -1 -1000 -1000 -1000 -10 0
239 21 Car -1 -1 -10 845 187 903 210 1.6118 -1.4597 -3.8568 -2.2904 -12.3126 35.4696 -10 0
240 9 Car -1 -1 -1.5576 544 186 593 225 1.5514 -1.3828 -3.4636 -1.7877 1.4739 25.5079 -1.6153 10.8144
240 14 Car -1 -1 -1.5151 489 183 528 213 1.5836 -1.4984 -3.5425 -1.8771 5.1473 36.2471 -1.6562 8.844
240 23 Car -1 -1 -10 740 185 798 207 -1 -1 -1 -1000 -1000 -1000 -10 0
240 21 Car -1 -1 -10 849 188 912 210 1.6118 -1.4597 -3.8568 -2.2904 -12.3126 35.4696 -10 0
241 14 Car -1 -1 -1.5187 489 182 527 212 1.5941 -1.467 -3.5139 -1.8481 5.1798 36.4665 -1.6598 9.0199
241 9 Car -1 -1 -1.5675 543 185 592 224 1.561 -1.488 -3.3378 -1.7718 1.526 25.6687 -1.6269 9.0242
241 23 Car -1 -1 -10 745 184 804 206 -1 -1 -1 -1000 -1000 -1000 -10 0
241 21 Car -1 -1 2.3254 853 186 918 210 1.6596 -1.5555 -4.1239 -2.4644 -18.8213 49.4455 2.6891 4.6723
241 24 Car -1 -1 -1.0189 856 189 941 228 1.6139 -1.4743 -3.9499 -2.2566 -12.5279 31.2971 -0.6381 4.0057
242 14 Car -1 -1 -1.5073 489 181 527 210 1.6035 -1.4825 -3.6133 -1.7676 5.1761 36.8847 -1.6467 8.7088
242 9 Car -1 -1 -1.5554 544 184 592 223 1.5651 -1.4309 -3.3928 -1.6997 1.5206 25.7362 -1.6144 8.6072
242 23 Car -1 -1 -10 749 182 811 206 -1 -1 -1 -1000 -1000 -1000 -10 0
242 21 Car -1 -1 -0.8449 858 184 921 210 1.6532 -1.5545 -4.0648 -2.5351 -18.6794 48.4205 -0.4767 5.4132
243 9 Car -1 -1 -1.5903 544 183 593 222 1.5999 -1.4503 -3.6666 -1.6592 1.5589 26.1293 -1.6499 10.3635
243 14 Car -1 -1 -1.5006 490 180 528 209 1.6272 -1.5428 -3.646 -1.7565 5.2007 37.103 -1.6398 9.9309
243 23 Car -1 -1 -10 755 182 818 206 -1 -1 -1 -1000 -1000 -1000 -10 0
243 21 Car -1 -1 2.3078 863 183 930 210 1.6422 -1.5572 -4.0224 -2.4004 -18.7764 47.0531 2.6875 7.4237
244 14 Car -1 -1 -1.487 491 181 529 210 1.5943 -1.4556 -3.4268 -1.7628 5.0867 37.292 -1.6226 8.1809
244 9 Car -1 -1 -1.5678 546 185 594 223 1.6189 -1.4588 -3.72 -1.7067 1.487 26.3406 -1.6242 9.123
244 23 Car -1 -1 -10 762 183 826 209 -1 -1 -1 -1000 -1000 -1000 -10 0
244 21 Car -1 -1 2.3118 872 185 938 212 1.6487 -1.5075 -4.1026 -2.3769 -18.8716 45.8735 2.7021 6.7604
245 14 Car -1 -1 -1.4901 493 183 530 212 1.6069 -1.4681 -3.6825 -1.918 5.1534 37.6511 -1.6261 8.4367
245 9 Car -1 -1 -1.5816 547 185 594 225 1.5702 -1.402 -3.4565 -1.7745 1.4845 26.4974 -1.6376 10.3987
245 23 Car -1 -1 -10 770 186 835 212 -1 -1 -1 -1000 -1000 -1000 -10 0
245 21 Car -1 -1 -10 873 186 954 214 1.6487 -1.5075 -4.1026 -2.3769 -18.8716 45.8735 -10 0
246 9 Car -1 -1 -1.5626 548 188 595 226 1.5813 -1.4568 -3.5356 -1.8499 1.4667 26.7444 -1.6174 10.4497
246 14 Car -1 -1 -1.4819 494 186 531 214 1.621 -1.4603 -3.6675 -2.0529 5.1283 37.9298 -1.6163 7.9399
246 23 Car -1 -1 -10 777 188 845 216 -1 -1 -1 -1000 -1000 -1000 -10 0
246 21 Car -1 -1 -0.875 885 190 959 218 1.6462 -1.4981 -4.0211 -2.792 -18.8445 43.4237 -0.4656 4.838
247 9 Car -1 -1 -1.5684 549 189 596 227 1.6056 -1.4575 -3.5565 -1.9319 1.4008 26.8868 -1.6204 9.48
247 14 Car -1 -1 -1.5221 495 187 532 215 1.5835 -1.443 -3.4856 -2.1294 5.087 38.1681 -1.6546 7.3412
247 23 Car -1 -1 -0.665 785 190 853 218 1.5677 -1.4511 -3.6396 -2.5135 -11.3021 39.3572 -0.3854 4.2006
247 21 Car -1 -1 -10 897 191 976 220 1.6462 -1.4981 -4.0211 -2.792 -18.8445 43.4237 -10 0
248 9 Car -1 -1 -1.5637 550 189 596 226 1.5894 -1.4405 -3.6168 -1.9663 1.4502 27.1594 -1.6171 10.0738
248 21 Car -1 -1 2.2791 905 192 980 221 1.6183 -1.5452 -3.9966 -2.8105 -18.9938 40.9881 2.713 6.4227
248 14 Car -1 -1 -1.5059 497 187 533 215 1.5864 -1.4398 -3.5904 -2.1392 5.0937 38.487 -1.6375 7.9644
248 23 Car -1 -1 -10 792 191 862 219 1.5677 -1.4511 -3.6396 -2.5135 -11.3021 39.3572 -10 0
249 9 Car -1 -1 -1.5776 551 189 597 226 1.5837 -1.4599 -3.481 -1.9832 1.4329 27.2674 -1.6301 7.9049
249 14 Car -1 -1 -1.4972 498 187 534 214 1.6161 -1.4495 -3.8433 -2.0827 5.1174 38.8817 -1.6281 6.9375
249 23 Car -1 -1 2.5208 800 191 872 220 1.4879 -1.4347 -3.4714 -2.4922 -11.7347 36.9641 2.8282 5.6531
249 21 Car -1 -1 2.2774 913 192 993 223 1.6632 -1.5923 -4.1111 -2.8024 -18.969 39.6932 2.7232 5.0397
250 9 Car -1 -1 -1.5717 551 187 597 225 1.5937 -1.4429 -3.632 -1.8975 1.4353 27.5799 -1.6237 10.6592
250 14 Car -1 -1 -1.5156 498 185 535 212 1.5917 -1.4361 -3.5151 -2.0069 5.1188 39.0534 -1.646 9.4811
250 23 Car -1 -1 -0.6726 809 190 883 220 1.5877 -1.529 -3.621 -2.3929 -11.7414 35.8936 -0.3564 4.2879
250 21 Car -1 -1 2.2656 924 192 1006 223 1.6112 -1.5929 -3.9616 -2.6678 -18.8767 38.4341 2.7221 8.0124
251 9 Car -1 -1 -1.5781 552 183 597 220 1.6051 -1.4633 -3.5682 -1.7181 1.4514 27.7394 -1.6303 11.2085
251 14 Car -1 -1 -1.4969 500 182 535 209 1.6414 -1.5213 -3.7946 -1.8278 5.0902 39.352 -1.6256 5.9702
251 23 Car -1 -1 -10 818 188 894 218 1.5877 -1.529 -3.621 -2.3929 -11.7414 35.8936 -10 0
251 21 Car -1 -1 2.2554 934 189 1017 220 1.6548 -1.612 -3.9869 -2.5432 -18.9082 37.2946 2.7246 6.1912
252 9 Car -1 -1 -1.5602 553 181 597 218 1.5803 -1.4638 -3.4053 -1.6995 1.3942 27.9279 -1.6101 10.6569
252 14 Car -1 -1 -1.5097 500 180 535 207 1.5869 -1.456 -3.5421 -1.7622 5.0656 39.5486 -1.6371 8.2958
252 23 Car -1 -1 2.5096 827 186 906 218 1.6093 -1.4627 -3.853 -2.2107 -11.8981 33.6747 2.8492 4.5694
252 21 Car -1 -1 2.2599 945 188 1036 222 1.6135 -1.5744 -3.9061 -2.4321 -18.8179 35.9834 2.7417 8.2611
253 9 Car -1 -1 -1.5856 554 183 597 219 1.6099 -1.4643 -3.7194 -1.7644 1.3677 28.2725 -1.634 9.5938
253 14 Car -1 -1 -1.5177 502 182 537 209 1.5998 -1.4388 -3.5328 -1.8337 5.058 39.8458 -1.6439 8.4726
253 23 Car -1 -1 2.4962 836 190 919 223 1.5594 -1.4462 -3.5727 -2.2187 -12.0195 32.4213 2.8512 5.6135
253 21 Car -1 -1 2.2308 958 191 1047 227 1.635 -1.5122 -4.0623 -2.4657 -19.0703 34.8704 2.7312 6.2463
254 9 Car -1 -1 -1.5954 555 186 598 222 1.5662 -1.4526 -3.3669 -1.9147 1.4209 28.1933 -1.6457 7.9965
254 14 Car -1 -1 -1.5019 502 185 538 212 1.6098 -1.4703 -3.5585 -2.0347 5.0105 40.1408 -1.6261 8.9326
254 21 Car -1 -1 2.2314 971 195 1065 233 1.6581 -1.5985 -4.049 -2.7568 -18.9897 33.6135 2.7457 6.1232
254 23 Car -1 -1 2.471 846 194 934 230 1.5577 -1.4968 -3.6394 -2.4709 -12.2215 31.29 2.8434 5.6042
255 9 Car -1 -1 -1.5865 556 187 598 222 1.5841 -1.4182 -3.5471 -1.9301 1.3569 28.4425 -1.6342 9.3868
255 14 Car -1 -1 -1.5053 504 186 538 212 1.6005 -1.4766 -3.5488 -2.0603 5.0104 40.2824 -1.629 7.6202
255 23 Car -1 -1 2.4932 858 195 949 232 1.5815 -1.4539 -3.7924 -2.4924 -12.1294 30.0783 2.8765 5.009
255 21 Car -1 -1 2.2005 986 198 1083 237 1.647 -1.6068 -4.1197 -2.7991 -18.912 32.3602 2.7294 8.5176
256 9 Car -1 -1 -1.5998 556 186 599 221 1.6108 -1.4243 -3.6385 -1.8776 1.3793 28.6869 -1.6478 8.7088
256 14 Car -1 -1 -1.5269 504 185 539 211 1.584 -1.435 -3.5475 -2.0302 4.927 40.4998 -1.6479 7.9553
256 23 Car -1 -1 -10 870 196 965 234 1.5815 -1.4539 -3.7924 -2.4924 -12.1294 30.0783 -10 0
256 21 Car -1 -1 2.1921 1003 198 1102 238 1.6246 -1.5418 -4.0372 -2.655 -18.9955 31.1114 2.7402 7.3151
257 9 Car -1 -1 -1.5852 556 185 599 221 1.5994 -1.4439 -3.4988 -1.853 1.3333 28.8619 -1.6314 8.5938
257 14 Car -1 -1 -1.5393 505 184 539 210 1.5645 -1.4114 -3.4361 -1.9579 4.9546 40.7476 -1.6603 6.465
257 21 Car -1 -1 2.1829 1016 197 1121 241 1.6221 -1.5733 -4.0678 -2.7072 -18.9984 29.8392 2.7499 8.4012
257 23 Car -1 -1 2.4296 883 196 981 235 1.5577 -1.4928 -3.7034 -2.3611 -12.4193 27.676 2.8515 5.4405
258 9 Car -1 -1 -1.5509 556 184 599 219 1.5836 -1.4419 -3.4619 -1.8083 1.3564 28.9836 -1.5977 8.9276
258 14 Car -1 -1 -1.5057 506 183 540 208 1.5989 -1.4439 -3.5773 -1.9072 5.043 40.8721 -1.6285 7.9563
258 21 Car -1 -1 2.1501 1036 197 1145 241 1.6056 -1.6241 -3.8262 -2.5785 -18.9874 28.6163 2.7359 7.4186
258 23 Car -1 -1 2.3975 896 195 1002 236 1.5163 -1.4654 -3.4264 -2.2977 -12.3626 26.355 2.8361 5.8249
259 9 Car -1 -1 -1.5602 557 182 599 217 1.5363 -1.4241 -3.2098 -1.7083 1.3612 29.173 -1.6068 10.094
259 14 Car -1 -1 -1.4983 507 181 540 207 1.5768 -1.4552 -3.5576 -1.8075 5.0107 41.23 -1.6192 8.5378
259 21 Car -1 -1 2.1304 1055 195 1172 241 1.6518 -1.5454 -4.0793 -2.4137 -18.9995 27.3975 2.7367 7.9
259 23 Car -1 -1 2.423 911 193 1024 236 1.6044 -1.5311 -3.8858 -2.2149 -12.5954 25.146 2.8874 5.8497
260 9 Car -1 -1 -1.593 557 181 599 215 1.6321 -1.5436 -3.6898 -1.6995 1.3471 29.4357 -1.6387 7.069
260 21 Car -1 -1 2.1086 1074 194 1199 241 1.6435 -1.5862 -4.0626 -2.3657 -19.0858 26.1576 2.7389 7.7883
260 23 Car -1 -1 2.3797 927 193 1046 238 1.5928 -1.5036 -3.7237 -2.1266 -12.5522 24.0636 2.8605 5.694
260 14 Car -1 -1 -1.4999 507 180 540 205 1.6014 -1.4464 -3.7342 -1.7604 4.9958 41.5165 -1.6197 6.7679
261 9 Car -1 -1 -1.5748 558 181 600 214 1.5962 -1.4702 -3.525 -1.6371 1.3305 29.5926 -1.6197 8.6589
261 23 Car -1 -1 2.388 947 193 1074 241 1.5898 -1.4956 -3.8912 -2.1131 -12.801 22.8614 2.8984 4.043
261 21 Car -1 -1 2.1033 1101 194 1231 244 1.6765 -1.6342 -4.211 -2.4316 -19.1115 24.9265 2.7574 7.5083
261 14 Car -1 -1 -1.4726 509 179 542 205 1.6344 -1.4467 -3.9688 -1.662 4.8807 42.0152 -1.5882 6.5818
262 9 Car -1 -1 -1.5698 558 181 600 214 1.5866 -1.4693 -3.5611 -1.6431 1.3323 29.8771 -1.6144 9.0457
262 21 Car -1 -1 2.0548 1128 194 1242 246 1.6179 -1.586 -3.9412 -2.321 -19.1559 23.6309 2.736 8.144
262 23 Car -1 -1 2.3263 968 195 1102 246 1.6287 -1.4762 -3.8687 -2.1236 -12.8992 21.5968 2.8647 6.6504
262 14 Car -1 -1 -1.4973 509 180 542 205 1.5659 -1.406 -3.4126 -1.7237 4.8669 41.659 -1.6136 7.134
263 9 Car -1 -1 -1.5877 559 182 600 216 1.6185 -1.4765 -3.7494 -1.7356 1.3172 30.2075 -1.6313 8.405
263 23 Car -1 -1 2.2888 992 196 1132 250 1.6235 -1.5114 -3.8002 -2.1431 -12.7562 20.318 2.8494 7.1932
263 14 Car -1 -1 -1.5295 510 180 543 206 1.6456 -1.463 -4.0609 -1.7868 4.9689 42.2749 -1.6465 5.2981
263 21 Car -1 -1 2.0236 1158 197 1241 252 1.6761 -1.687 -4.1754 -2.3651 -19.2344 22.3494 2.7342 5.6243
263 25 Car -1 -1 -1.61 565 164 591 189 1.7355 -1.8132 -4.4393 -1.1793 2.423 54.3438 -1.6545 4.6167
264 9 Car -1 -1 -1.549 559 184 600 217 1.5702 -1.4088 -3.5613 -1.7867 1.2773 30.3023 -1.5912 10.1034
264 23 Car -1 -1 2.2653 1019 199 1170 256 1.6312 -1.5564 -3.8628 -2.115 -13.158 19.2708 2.8644 4.5763
264 14 Car -1 -1 -1.5144 510 182 543 208 1.6071 -1.4445 -3.6149 -1.892 4.8577 42.2212 -1.629 7.6771
264 21 Car -1 -1 -10 1191 198 1242 253 1.6761 -1.687 -4.1754 -2.3651 -19.2344 22.3494 -10 0
265 9 Car -1 -1 -1.553 560 184 600 217 1.5896 -1.4106 -3.5496 -1.8403 1.2728 30.5451 -1.5947 9.2024
265 23 Car -1 -1 2.2597 1048 200 1213 261 1.5936 -1.4403 -3.7911 -2.053 -12.897 17.9087 2.8838 8.5539
265 14 Car -1 -1 -1.5047 511 183 544 208 1.5961 -1.5051 -3.6376 -1.9905 4.8475 42.4893 -1.6183 6.5013
266 9 Car -1 -1 -1.5726 561 185 600 218 1.589 -1.408 -3.6034 -1.8872 1.2607 30.7498 -1.6136 8.6806
266 23 Car -1 -1 2.2298 1081 200 1239 268 1.6102 -1.5535 -3.8177 -2.0548 -12.9237 16.6135 2.8909 7.9254
266 14 Car -1 -1 -1.5396 513 185 544 210 1.5722 -1.4268 -3.5624 -1.9948 4.8522 42.6837 -1.6528 5.7812
267 9 Car -1 -1 -1.5791 561 186 601 219 1.5948 -1.4603 -3.5171 -1.9243 1.3263 30.9247 -1.622 7.2815
267 23 Car -1 -1 -10 1120 201 1240 273 1.6102 -1.5535 -3.8177 -2.0548 -12.9237 16.6135 -10 0
267 14 Car -1 -1 -1.5266 514 186 546 211 1.6054 -1.4453 -3.842 -2.0811 4.8 42.9969 -1.6378 5.5406
268 9 Car -1 -1 -1.5503 563 186 602 218 1.5833 -1.4645 -3.549 -1.9397 1.2212 31.2383 -1.5894 9.0274
268 14 Car -1 -1 -1.5276 515 186 547 211 1.5905 -1.4385 -3.8052 -2.1029 4.7547 43.1742 -1.6373 5.8267
268 23 Car -1 -1 -10 1164 201 1243 277 1.6102 -1.5535 -3.8177 -2.0548 -12.9237 16.6135 -10 0
269 9 Car -1 -1 -1.5677 564 184 603 216 1.5909 -1.4278 -3.4286 -1.8429 1.2348 31.3502 -1.6071 10.1506
269 14 Car -1 -1 -1.4815 517 183 548 208 1.6194 -1.5227 -3.586 -1.9705 4.6217 43.1912 -1.5881 6.4118
270 9 Car -1 -1 -1.5766 565 184 604 216 1.5875 -1.4848 -3.4234 -1.8324 1.2328 31.5973 -1.6156 9.6146
270 14 Car -1 -1 -1.5097 518 184 550 209 1.5641 -1.4673 -3.3682 -1.9797 4.5341 43.3509 -1.6139 7.8124
271 9 Car -1 -1 -1.5959 567 188 605 219 1.5804 -1.4711 -3.466 -2.0098 1.1807 31.9165 -1.6329 8.4942
271 14 Car -1 -1 -1.5107 520 187 551 211 1.5712 -1.4812 -3.4979 -2.231 4.4808 43.5909 -1.6131 7.8279
272 9 Car -1 -1 -1.57 567 193 606 224 1.6134 -1.4376 -3.6739 -2.2066 1.0778 32.2058 -1.6035 8.9341
272 14 Car -1 -1 -1.5082 520 191 551 215 1.5801 -1.4244 -3.5194 -2.4553 4.4993 43.747 -1.6107 8.3977
272 25 Car -1 -1 -1.5773 575 175 600 201 1.8359 -1.9685 -4.8287 -2.1442 1.7556 56.1659 -1.6086 4.4033
273 9 Car -1 -1 -1.58 568 194 605 226 1.5929 -1.4769 -3.5772 -2.2773 1.1201 32.4041 -1.6145 5.5232
273 14 Car -1 -1 -1.5653 521 192 552 217 1.6048 -1.4791 -3.5438 -2.5887 4.5016 43.9678 -1.6674 7.7247
274 9 Car -1 -1 -1.5741 568 193 606 225 1.5709 -1.412 -3.5984 -2.2916 1.1614 32.6252 -1.6097 7.3385
274 14 Car -1 -1 -1.4995 521 191 552 215 1.5511 -1.4314 -3.3751 -2.4924 4.4152 44.029 -1.5994 6.719
275 9 Car -1 -1 -1.5848 568 189 605 220 1.5939 -1.4538 -3.8357 -2.1131 1.1839 33.0705 -1.6206 8.721
275 14 Car -1 -1 -1.4788 521 187 552 211 1.5791 -1.4259 -3.38 -2.2883 4.5107 44.1107 -1.5807 5.5063
276 9 Car -1 -1 -1.5689 567 185 604 215 1.6001 -1.4181 -3.6699 -1.9166 1.1161 33.2218 -1.6025 7.2956
276 14 Car -1 -1 -1.5011 521 183 552 207 1.5599 -1.4189 -3.4427 -2.0092 4.5032 44.437 -1.6021 6.3296
277 9 Car -1 -1 -1.5534 568 181 604 210 1.6113 -1.4929 -3.6325 -1.7142 1.1137 33.5899 -1.5865 8.8077
277 14 Car -1 -1 -1.5333 521 178 552 202 1.5618 -1.4412 -3.5287 -1.7091 4.5816 44.5869 -1.6357 6.5221
278 9 Car -1 -1 -1.5599 568 177 604 206 1.6 -1.4975 -3.6947 -1.5226 1.2219 33.6945 -1.5961 6.4114
278 14 Car -1 -1 -1.5134 522 175 552 199 1.6131 -1.4555 -3.7904 -1.5224 4.5334 44.73 -1.6144 6.8331
279 9 Car -1 -1 -1.5373 568 176 604 206 1.6077 -1.4547 -3.7919 -1.4477 1.1989 33.9046 -1.5726 5.7909
279 14 Car -1 -1 -1.5021 522 176 553 199 1.5915 -1.4259 -3.6022 -1.4909 4.5282 44.9791 -1.6025 6.5352
280 9 Car -1 -1 -1.5229 569 181 604 210 1.5932 -1.4539 -3.442 -1.7133 1.0922 34.1098 -1.5549 7.9286
280 14 Car -1 -1 -1.5326 523 181 553 205 1.6209 -1.4632 -3.7613 -1.7952 4.5183 45.06 -1.6325 6.704
281 9 Car -1 -1 -1.5574 569 186 604 215 1.5939 -1.4233 -3.7422 -1.9704 1.1671 34.4662 -1.5913 5.7506
281 14 Car -1 -1 -1.491 523 186 553 209 1.5601 -1.4159 -3.422 -2.1321 4.3959 45.1406 -1.5881 5.9382
282 9 Car -1 -1 -1.5497 569 188 604 217 1.5588 -1.4663 -3.5554 -2.0827 1.1464 34.6198 -1.5828 8.0967
282 14 Car -1 -1 -1.4938 524 187 554 211 1.5907 -1.4401 -3.6481 -2.319 4.4967 45.2671 -1.5928 5.2535
283 9 Car -1 -1 -1.5613 569 188 604 216 1.589 -1.4447 -3.6107 -2.0736 1.116 34.784 -1.5934 7.9397
283 14 Car -1 -1 1.6548 524 187 554 210 1.6486 -1.7153 -3.8477 -2.2205 4.3726 45.3599 1.5587 4.6291
284 9 Car -1 -1 -1.5756 569 186 605 214 1.621 -1.5004 -3.7841 -2.0438 1.1954 35.1357 -1.6096 5.5006
284 14 Car -1 -1 -1.4649 524 186 554 209 1.5992 -1.456 -3.7161 -2.1658 4.4377 45.6253 -1.5619 5.0635
285 9 Car -1 -1 -1.5802 570 185 605 213 1.6317 -1.4944 -3.7502 -1.9311 1.1434 35.2826 -1.6126 8.1911
285 14 Car -1 -1 1.7122 525 184 555 207 1.6377 -1.6563 -3.9013 -1.9466 4.4579 45.482 1.6145 4.8513
286 9 Car -1 -1 -1.5588 572 184 606 212 1.5948 -1.4484 -3.5583 -1.8644 1.0493 35.6003 -1.5883 8.0393
286 14 Car -1 -1 -1.5528 525 183 555 206 1.6195 -1.4336 -3.814 -1.9676 4.5268 45.8974 -1.6511 5.2025
287 9 Car -1 -1 -1.5763 573 186 607 214 1.6091 -1.4492 -3.6793 -1.9733 1.0706 35.6369 -1.6063 7.1119
287 14 Car -1 -1 -1.4685 526 185 557 208 1.6278 -1.4992 -3.9247 -1.9911 4.2861 45.9809 -1.5615 4.1798
288 9 Car -1 -1 -1.5985 574 186 608 214 1.6063 -1.4281 -3.7322 -2.0061 0.9838 35.8916 -1.6259 8.2035
288 14 Car -1 -1 -10 527 185 557 208 1.6278 -1.4992 -3.9247 -1.9911 4.2861 45.9809 -10 0
289 9 Car -1 -1 -1.5592 575 185 609 212 1.6132 -1.4977 -3.7264 -1.8891 0.9405 36.2319 -1.5851 6.9718
289 14 Car -1 -1 -1.4977 528 183 558 206 1.6114 -1.4855 -3.681 -1.9625 4.3163 45.9511 -1.5914 6.2992
289 26 Car -1 -1 -10 434 179 456 194 -1 -1 -1 -1000 -1000 -1000 -10 0
290 9 Car -1 -1 -1.5587 576 183 610 210 1.5904 -1.4639 -3.5282 -1.8182 0.7134 36.2881 -1.5783 5.8769
290 14 Car -1 -1 -1.4877 529 181 559 205 1.6029 -1.4299 -3.6196 -1.8727 4.1829 45.9828 -1.5784 7.0109
290 26 Car -1 -1 -10 428 177 451 193 -1 -1 -1 -1000 -1000 -1000 -10 0
291 9 Car -1 -1 -1.5692 578 182 611 210 1.6313 -1.5082 -3.7741 -1.8161 0.7913 36.5157 -1.5908 8.3166
291 14 Car -1 -1 -1.5135 530 182 560 204 1.5979 -1.4529 -3.62 -1.8691 4.0729 46.0081 -1.6018 6.703
291 26 Car -1 -1 -10 421 178 446 195 -1 -1 -1 -1000 -1000 -1000 -10 0
292 9 Car -1 -1 -1.5697 579 184 612 211 1.5938 -1.4147 -3.6937 -1.885 0.673 36.5973 -1.5881 7.0964
292 14 Car -1 -1 -1.508 531 184 561 206 1.6385 -1.4343 -3.9167 -2.0032 4.0495 46.1624 -1.5955 7.3586
292 26 Car -1 -1 -10 414 181 440 198 -1 -1 -1 -1000 -1000 -1000 -10 0
293 9 Car -1 -1 -1.5637 580 184 614 211 1.6267 -1.4511 -3.8258 -1.9079 0.6723 36.9273 -1.5819 6.5676
293 14 Car -1 -1 -1.5049 533 184 562 206 1.5887 -1.4406 -3.6233 -2.0174 4.0461 46.1432 -1.5923 4.0815
293 26 Car -1 -1 -10 406 182 434 200 -1 -1 -1 -1000 -1000 -1000 -10 0
294 26 Car -1 -1 -10 396 180 426 200 -1 -1 -1 -1000 -1000 -1000 -10 0
294 14 Car -1 -1 -1.5207 533 183 563 205 1.6072 -1.4396 -3.7756 -1.9588 3.9601 46.1807 -1.6062 6.3909
294 9 Car -1 -1 -1.5703 582 183 615 210 1.6144 -1.4575 -3.7412 -1.8377 0.5942 36.9329 -1.5864 5.7124
295 9 Car -1 -1 -1.5337 583 182 616 209 1.6239 -1.4955 -3.7115 -1.802 0.5081 37.0771 -1.5474 7.5882
295 26 Car -1 -1 -10 385 180 417 199 -1 -1 -1 -1000 -1000 -1000 -10 0
295 14 Car -1 -1 -1.5041 534 181 564 205 1.6316 -1.4603 -3.8019 -1.8598 3.9567 46.3061 -1.5893 6.2166
296 14 Car -1 -1 -1.4357 534 182 564 205 1.5826 -1.45 -3.6043 -1.9244 3.8615 46.0998 -1.5193 4.9704
296 9 Car -1 -1 -1.5808 583 183 616 210 1.6299 -1.4978 -3.8304 -1.8085 0.5561 37.1847 -1.5958 7.2258
296 26 Car -1 -1 -10 371 181 408 202 -1 -1 -1 -1000 -1000 -1000 -10 0
297 9 Car -1 -1 -1.5493 584 187 617 213 1.6292 -1.4421 -3.7017 -2.0376 0.4812 37.2933 -1.5622 8.5333
297 14 Car -1 -1 -1.5514 534 186 564 209 1.6005 -1.4937 -3.7002 -2.0065 3.9498 46.2039 -1.6367 4.9979
297 26 Car -1 -1 -10 357 185 395 206 -1 -1 -1 -1000 -1000 -1000 -10 0
298 26 Car -1 -1 -10 340 187 382 210 -1 -1 -1 -1000 -1000 -1000 -10 0
298 9 Car -1 -1 -1.5529 584 189 617 216 1.5921 -1.4418 -3.7079 -2.152 0.4825 37.4391 -1.5658 6.8825
298 14 Car -1 -1 1.6444 533 187 564 211 1.6647 -1.6205 -4.0432 -2.1809 3.9527 46.0225 1.5587 6.5947
299 26 Car -1 -1 1.9764 319 185 367 211 1.5608 -1.4452 -3.6379 -2.1924 16.1032 43.7824 1.624 4.6579
299 14 Car -1 -1 -1.5115 533 187 563 210 1.5916 -1.4355 -3.6052 -2.2337 3.8595 46.111 -1.5951 7.6235
299 9 Car -1 -1 -1.5976 584 189 617 215 1.6169 -1.4371 -3.6907 -2.1198 0.5235 37.6174 -1.6115 6.9766
300 26 Car -1 -1 1.9215 297 182 348 209 1.4838 -1.4414 -3.2832 -1.9913 16.0215 40.6413 1.546 5.6451
300 9 Car -1 -1 -1.5881 585 187 617 214 1.5987 -1.4509 -3.8669 -2.0779 0.5371 37.5953 -1.6024 8.2289
300 14 Car -1 -1 -1.5036 533 185 563 208 1.6089 -1.4541 -3.8197 -2.0276 3.9381 46.3021 -1.5885 4.782
301 26 Car -1 -1 1.9648 269 179 328 210 1.5718 -1.4436 -3.7584 -1.8779 16.1535 37.7203 1.5602 5.399
301 9 Car -1 -1 -1.5464 584 185 617 212 1.6198 -1.4432 -3.7887 -1.9583 0.4476 37.772 -1.5583 8.262
301 14 Car -1 -1 -1.4947 533 183 563 206 1.6289 -1.4276 -3.9591 -2.0469 3.9621 46.2851 -1.5801 8.564
302 26 Car -1 -1 2.0074 237 180 303 212 1.5554 -1.4473 -3.6594 -1.7496 16.1293 34.6396 1.5716 4.9398
302 14 Car -1 -1 -1.5261 532 182 562 205 1.6205 -1.4464 -4.0153 -1.923 4.102 46.2928 -1.6145 6.3466
302 9 Car -1 -1 -1.5648 585 185 617 211 1.6012 -1.4378 -3.8665 -1.9403 0.5183 38.0691 -1.5784 5.9861
303 26 Car -1 -1 2.0391 198 181 276 218 1.5373 -1.4322 -3.6329 -1.7967 16.0545 31.478 1.5675 8.4463
303 14 Car -1 -1 -1.4921 532 184 563 206 1.584 -1.4008 -3.5981 -2.0236 3.9484 46.0462 -1.5777 7.8291
303 9 Car -1 -1 -1.5628 585 185 618 211 1.6151 -1.4388 -3.8682 -1.9792 0.4939 38.1068 -1.5758 7.3209
304 26 Car -1 -1 2.0869 150 181 241 222 1.5498 -1.485 -3.5713 -1.7741 16.0329 28.3584 1.5723 9.8261
304 9 Car -1 -1 -1.5821 586 182 618 209 1.6138 -1.4232 -3.7558 -1.8159 0.4366 38.2309 -1.5935 7.374
304 14 Car -1 -1 -1.4672 532 180 563 204 1.5611 -1.4215 -3.4868 -1.8528 3.9351 45.9798 -1.5526 5.2267
305 26 Car -1 -1 2.1253 90 178 199 224 1.5548 -1.4225 -3.7943 -1.6055 16.0256 25.2002 1.5589 9.5744
305 14 Car -1 -1 -1.4764 532 178 562 201 1.596 -1.4328 -3.6243 -1.6462 3.9782 45.9863 -1.5627 5.9964
305 9 Car -1 -1 -1.5651 587 179 618 205 1.6415 -1.4931 -3.8418 -1.6429 0.4346 38.3941 -1.5765 7.7484
306 26 Car -1 -1 2.1882 10 177 143 230 1.5961 -1.3997 -3.8434 -1.5675 15.9956 22.0192 1.56 11.758
306 9 Car -1 -1 -1.5413 587 178 619 203 1.6217 -1.4622 -3.7379 -1.6173 0.3808 38.4979 -1.5512 7.2649
306 14 Car -1 -1 -1.471 532 176 562 200 1.6274 -1.456 -3.8413 -1.5603 3.9131 45.9785 -1.5559 6.4065
307 14 Car -1 -1 -1.4264 532 178 562 201 1.5814 -1.4379 -3.5905 -1.7147 3.953 45.8875 -1.5123 6.9459
307 9 Car -1 -1 -1.5462 587 181 618 206 1.595 -1.4377 -3.6993 -1.6497 0.3972 38.6246 -1.5564 6.0395
307 26 Car -1 -1 2.2654 1 180 74 239 1.5502 -1.4347 -3.5682 -1.6049 15.9383 18.904 1.5649 8.1996
308 14 Car -1 -1 -1.5212 532 180 562 203 1.5665 -1.4208 -3.485 -1.7835 4.0445 45.8136 -1.6092 8.5088
308 9 Car -1 -1 -1.5453 587 181 620 207 1.5915 -1.4389 -3.7269 -1.7246 0.3744 38.7624 -1.5549 6.4383
309 14 Car -1 -1 -1.4667 531 181 562 205 1.6309 -1.4669 -3.7274 -1.8737 4.0144 45.8345 -1.5541 6.9059
309 9 Car -1 -1 -1.5396 587 183 619 209 1.5906 -1.5031 -3.6728 -1.8775 0.3366 38.7801 -1.5483 5.7932
310 14 Car -1 -1 -1.5057 530 181 561 205 1.6239 -1.4301 -3.8627 -1.8968 4.1352 45.8911 -1.5956 6.8314
310 9 Car -1 -1 -10 587 184 618 209 1.5906 -1.5031 -3.6728 -1.8775 0.3366 38.7801 -10 0
311 9 Car -1 -1 -1.5356 586 182 618 207 1.6388 -1.4889 -4.1476 -1.7329 0.4333 39.2778 -1.5467 6.4139
311 14 Car -1 -1 -1.4917 529 180 560 203 1.5702 -1.422 -3.5131 -1.7865 4.0804 45.6913 -1.5807 7.1565
312 9 Car -1 -1 -1.5487 586 182 617 207 1.6117 -1.5081 -3.7655 -1.776 0.3945 39.2312 -1.5587 5.7143
312 14 Car -1 -1 -1.5014 529 180 559 203 1.5872 -1.4669 -3.3657 -1.7674 4.2065 45.6153 -1.5933 7.6637
313 14 Car -1 -1 -1.4972 527 183 558 206 1.6206 -1.4439 -3.7623 -1.9482 4.2161 45.6267 -1.5893 7.2495
313 9 Car -1 -1 -1.5584 587 186 617 210 1.6175 -1.433 -3.8962 -1.9707 0.5122 39.5056 -1.5713 7.1511
314 14 Car -1 -1 -1.4742 526 183 557 207 1.6369 -1.4857 -4.0055 -2.0359 4.2235 45.8614 -1.5661 5.7042
314 9 Car -1 -1 -1.5518 586 187 616 211 1.6039 -1.4235 -3.73 -2.1215 0.4144 39.5012 -1.5623 6.6741
315 14 Car -1 -1 -1.499 525 182 556 206 1.6331 -1.4316 -3.9341 -1.9557 4.3786 45.5643 -1.5948 7.7929
315 9 Car -1 -1 -1.5841 586 186 616 210 1.6124 -1.4606 -3.673 -1.989 0.6016 39.6435 -1.5993 8.0799
316 9 Car -1 -1 -1.5684 585 183 616 207 1.6159 -1.4822 -3.7092 -1.8914 0.5436 39.7462 -1.582 6.148
316 14 Car -1 -1 -1.4909 524 179 555 203 1.5918 -1.4528 -3.5505 -1.8082 4.4464 45.3455 -1.5886 6.8517
317 14 Car -1 -1 -1.4961 524 179 555 202 1.5827 -1.4657 -3.4646 -1.7104 4.4008 45.1263 -1.5933 6.5958
317 9 Car -1 -1 -1.5561 586 181 616 206 1.6119 -1.4643 -3.7218 -1.7392 0.5802 40.1306 -1.5705 8.3283
318 14 Car -1 -1 -1.4893 523 178 554 202 1.5947 -1.4464 -3.6064 -1.6786 4.4791 45.1447 -1.5882 5.5968
318 9 Car -1 -1 -1.5624 586 181 615 206 1.5966 -1.4732 -3.7727 -1.7144 0.5689 40.1861 -1.5766 7.4841
319 14 Car -1 -1 -1.4676 522 178 553 202 1.6142 -1.5015 -3.552 -1.6514 4.4886 44.9845 -1.5671 6.0384
319 9 Car -1 -1 -1.5654 586 179 616 204 1.6165 -1.488 -3.7808 -1.7051 0.5625 40.3201 -1.5793 6.37
319 27 Car -1 -1 -10 1 212 92 374 -1 -1 -1 -1000 -1000 -1000 -10 0
320 14 Car -1 -1 -1.4561 522 178 553 202 1.5975 -1.4252 -3.6325 -1.7029 4.4592 44.8911 -1.5551 6.8665
320 9 Car -1 -1 -1.5444 587 182 617 206 1.6014 -1.4568 -3.7573 -1.7259 0.4506 40.5749 -1.5555 6.4296
320 27 Car -1 -1 -0.721 3 189 147 374 1.5596 -1.4893 -3.8776 -1.6445 3.5625 2.4899 -1.6818 5.0061
321 14 Car -1 -1 -1.4978 522 182 553 206 1.6094 -1.5058 -3.6464 -1.9413 4.5727 45.02 -1.599 5.194
321 9 Car -1 -1 -1.5602 589 185 618 209 1.6044 -1.427 -3.7805 -1.9813 0.4341 40.7612 -1.5708 6.4941
321 27 Car -1 -1 -0.9204 2 184 188 373 1.5712 -1.4823 -3.7155 -1.5814 3.4649 2.851 -1.8027 4.7474
322 27 Car -1 -1 -10 4 187 225 372 1.5712 -1.4823 -3.7155 -1.5814 3.4649 2.851 -10 0
322 14 Car -1 -1 -1.5174 522 181 552 205 1.606 -1.4684 -3.6203 -1.9234 4.4986 44.793 -1.6175 5.5753
322 9 Car -1 -1 -10 589 184 618 209 1.6044 -1.427 -3.7805 -1.9813 0.4341 40.7612 -10 0
323 27 Car -1 -1 -0.8148 1 193 247 374 1.5855 -1.4643 -3.9099 -1.7159 3.6461 3.7356 -1.5881 8.701
323 9 Car -1 -1 -1.5525 590 181 619 206 1.6502 -1.5169 -3.9172 -1.7649 0.3268 41.0977 -1.5604 6.8268
323 14 Car -1 -1 -1.5171 521 179 553 203 1.6155 -1.4861 -3.6655 -1.7426 4.5678 44.7369 -1.6189 7.6558
324 27 Car -1 -1 -0.8189 2 184 276 375 1.6096 -1.4797 -3.9978 -1.689 3.6492 3.9338 -1.5668 9.9924
324 9 Car -1 -1 -1.5895 590 178 620 203 1.6081 -1.4463 -3.6653 -1.6477 0.3409 41.1857 -1.5978 6.7279
324 14 Car -1 -1 -1.5038 521 177 552 201 1.6028 -1.4547 -3.6231 -1.6597 4.5395 44.5528 -1.6054 6.5884
325 27 Car -1 -1 -0.8753 3 191 303 375 1.5825 -1.4998 -4.0061 -1.7075 3.6203 4.1881 -1.5881 9.6747
325 14 Car -1 -1 -1.5157 520 179 551 202 1.589 -1.4442 -3.6897 -1.7482 4.6271 44.4737 -1.6193 4.7314
325 9 Car -1 -1 -1.5625 591 180 620 204 1.5897 -1.4377 -3.7492 -1.6925 0.3581 41.3951 -1.5711 4.591
326 27 Car -1 -1 -0.9054 6 186 317 375 1.5941 -1.4601 -4.046 -1.7365 3.638 4.5709 -1.5776 9.4699
326 9 Car -1 -1 -10 591 182 620 206 1.5897 -1.4377 -3.7492 -1.6925 0.3581 41.3951 -10 0
326 14 Car -1 -1 -1.4999 519 180 550 205 1.5889 -1.4328 -3.4386 -1.7835 4.5888 44.2658 -1.6032 7.1537
326 28 Car -1 -1 2.3028 0 177 88 231 1.6635 -1.5971 -4.0358 -1.7631 19.4495 23.6121 1.6138 5.3442
327 27 Car -1 -1 -0.9551 10 187 330 375 1.6039 -1.5036 -3.7661 -1.7666 3.6436 5.0761 -1.5776 10.7532
327 14 Car -1 -1 -1.5217 517 182 549 207 1.5763 -1.4041 -3.5551 -2.0081 4.7398 44.005 -1.629 7.5956
327 9 Car -1 -1 -1.5381 590 184 619 208 1.6288 -1.4914 -3.7752 -1.9779 0.2018 41.6534 -1.543 6.0132
328 27 Car -1 -1 -0.9875 10 188 337 375 1.6427 -1.5652 -3.9765 -1.7852 3.6528 5.4527 -1.5777 10.7187
328 9 Car -1 -1 -1.5785 590 185 618 209 1.6133 -1.4363 -3.7401 -1.9998 0.4073 41.9737 -1.5883 6.3042
328 14 Car -1 -1 -1.5416 515 184 547 209 1.6284 -1.4858 -3.8277 -2.0237 4.8546 43.8421 -1.6519 4.6541
329 27 Car -1 -1 -1.007 10 189 351 375 1.5947 -1.4696 -3.8159 -1.7332 3.635 5.8595 -1.5623 12.0619
329 9 Car -1 -1 -1.5841 588 185 617 209 1.6008 -1.4282 -3.7072 -2.0145 0.535 42.0353 -1.5968 6.6056
329 14 Car -1 -1 -1.5106 511 184 544 209 1.6061 -1.4786 -3.7797 -2.0198 5.0148 43.6917 -1.6249 5.976
330 27 Car -1 -1 -1.0451 10 189 362 375 1.6172 -1.4946 -3.9094 -1.766 3.6457 6.2081 -1.5761 12.0211
330 9 Car -1 -1 -1.5785 586 184 615 207 1.6322 -1.4789 -3.8654 -1.962 0.6145 42.1965 -1.5931 4.9138
330 14 Car -1 -1 -1.4973 508 183 542 209 1.5822 -1.4756 -3.6096 -2.0207 5.0897 43.4479 -1.6139 6.861
331 27 Car -1 -1 -1.0697 12 189 371 375 1.6197 -1.5115 -4.0328 -1.7162 3.6545 6.5914 -1.5759 12.3044
331 9 Car -1 -1 -1.5791 585 183 613 207 1.6298 -1.4565 -4.0236 -1.9512 0.7427 42.6246 -1.5966 6.5956
331 14 Car -1 -1 -1.4756 506 182 538 208 1.568 -1.481 -3.4718 -1.9634 5.199 43.1339 -1.5955 7.3589
332 27 Car -1 -1 -1.0882 13 185 377 375 1.6219 -1.5206 -3.9932 -1.7286 3.6913 6.9129 -1.5786 12.0222
332 9 Car -1 -1 -1.5623 583 182 611 206 1.6113 -1.4572 -3.6748 -1.86 0.809 42.5809 -1.5813 6.2256
332 14 Car -1 -1 -1.4792 502 181 535 207 1.6095 -1.4329 -3.7125 -1.8665 5.4281 43.0536 -1.6046 5.3842
332 29 Car -1 -1 -10 464 176 493 190 -1 -1 -1 -1000 -1000 -1000 -10 0
333 27 Car -1 -1 -1.0949 25 183 386 376 1.6163 -1.4729 -3.9855 -1.6259 3.6885 7.2308 -1.5666 13.2811
333 14 Car -1 -1 -1.5124 499 179 533 205 1.5759 -1.4803 -3.5179 -1.7571 5.562 42.6509 -1.6421 7.7302
333 9 Car -1 -1 -1.5806 581 180 609 203 1.5907 -1.4303 -3.6823 -1.7641 1.0087 42.7769 -1.6042 6.4092
333 29 Car -1 -1 -10 460 173 487 189 -1 -1 -1 -1000 -1000 -1000 -10 0
334 27 Car -1 -1 -1.1163 60 179 397 373 1.6176 -1.4635 -3.9204 -1.6085 3.6813 7.6596 -1.5643 12.911
334 9 Car -1 -1 -10 579 179 607 202 1.5907 -1.4303 -3.6823 -1.7641 1.0087 42.7769 -10 0
334 14 Car -1 -1 -1.4944 496 177 530 204 1.5857 -1.4828 -3.5784 -1.7243 5.722 42.3744 -1.6287 8.8056
334 29 Car -1 -1 -10 452 172 480 187 -1 -1 -1 -1000 -1000 -1000 -10 0
335 27 Car -1 -1 -1.1456 83 174 401 366 1.6233 -1.4785 -3.9584 -1.6204 3.6916 8.033 -1.5763 14.0379
335 14 Car -1 -1 -1.455 493 176 527 202 1.5979 -1.4392 -3.6389 -1.5851 5.8083 42.1439 -1.5919 6.7354
335 9 Car -1 -1 -1.58 576 178 605 201 1.5991 -1.4452 -3.7053 -1.6293 1.2572 43.1742 -1.6091 6.1917
335 29 Car -1 -1 -10 447 170 472 188 -1 -1 -1 -1000 -1000 -1000 -10 0
336 27 Car -1 -1 -1.1516 114 175 410 358 1.5711 -1.464 -3.7006 -1.5874 3.7141 8.3484 -1.5702 13.0711
336 14 Car -1 -1 -1.4698 489 177 524 203 1.6003 -1.4931 -3.6141 -1.5766 5.9342 41.7514 -1.611 6.5498
336 9 Car -1 -1 -1.5733 574 178 602 201 1.5802 -1.5043 -3.6508 -1.625 1.3684 43.4549 -1.6047 7.2704
336 29 Car -1 -1 -10 437 171 465 189 -1 -1 -1 -1000 -1000 -1000 -10 0
337 14 Car -1 -1 -1.4828 486 178 522 204 1.5851 -1.4985 -3.5292 -1.7325 6.1231 41.4745 -1.6294 8.1868
337 27 Car -1 -1 -1.1729 140 176 415 346 1.5964 -1.4934 -3.8944 -1.645 3.7488 8.7111 -1.5793 13.0207
337 9 Car -1 -1 -1.5669 572 179 600 201 1.6124 -1.4751 -3.6515 -1.672 1.5022 43.625 -1.6014 8.1401
337 29 Car -1 -1 1.8433 430 172 459 193 1.6051 -1.4976 -3.9508 -1.6681 13.9045 61.1296 1.6196 4.3408
338 27 Car -1 -1 -1.1899 159 180 420 340 1.6111 -1.5088 -3.945 -1.6523 3.7614 9.1479 -1.58 12.6781
338 14 Car -1 -1 -1.4911 483 180 519 206 1.6232 -1.4532 -3.6792 -1.8231 6.2989 41.2942 -1.6425 8.257
338 9 Car -1 -1 -1.577 570 180 598 202 1.609 -1.4403 -3.8155 -1.7695 1.678 43.9305 -1.6152 5.2229
338 29 Car -1 -1 -10 419 175 451 196 1.6051 -1.4976 -3.9508 -1.6681 13.9045 61.1296 -10 0
339 27 Car -1 -1 -1.1928 180 185 427 334 1.5739 -1.493 -3.6827 -1.7206 3.7619 9.4675 -1.571 13.5233
339 14 Car -1 -1 -1.4625 481 183 517 209 1.6246 -1.5414 -3.6903 -1.9444 6.3427 40.9936 -1.616 8.416
339 9 Car -1 -1 -1.5908 568 182 596 204 1.5836 -1.4318 -3.5523 -1.8302 1.8352 43.9436 -1.6326 5.2818
339 29 Car -1 -1 1.6947 408 177 442 200 1.7084 -1.6826 -4.456 -1.9831 14.1661 54.6373 1.441 4.4792
340 27 Car -1 -1 -1.2216 198 186 430 329 1.6071 -1.4831 -3.888 -1.6859 3.8051 9.8194 -1.5913 13.1228
340 14 Car -1 -1 -1.467 478 183 515 209 1.5496 -1.4439 -3.5252 -1.9321 6.3374 40.4459 -1.6225 7.8952
340 9 Car -1 -1 -1.5941 567 183 594 204 1.599 -1.4457 -3.6188 -1.8634 1.8761 44.3002 -1.6364 5.0435
340 29 Car -1 -1 1.8133 396 177 431 202 1.5917 -1.5111 -3.9206 -1.8979 13.7681 51.0467 1.5499 6.0384
341 27 Car -1 -1 -1.2132 211 185 436 324 1.6162 -1.4648 -3.8581 -1.699 3.8034 10.2544 -1.5684 15.1783
341 14 Car -1 -1 -1.4489 476 183 513 210 1.603 -1.5024 -3.6675 -2.0144 6.3678 40.1908 -1.606 8.4001
341 29 Car -1 -1 1.8425 379 178 420 204 1.5962 -1.4507 -3.7199 -1.9736 13.6871 47.396 1.5614 8.1901
341 9 Car -1 -1 -1.5852 565 182 592 204 1.6071 -1.4496 -3.6155 -1.8503 2.0102 44.471 -1.6304 5.8813
342 14 Car -1 -1 -1.4269 473 185 512 213 1.6088 -1.4524 -3.7473 -2.0351 6.4237 39.7909 -1.587 7.0497
342 27 Car -1 -1 -1.2235 232 184 442 317 1.5879 -1.5063 -3.847 -1.725 3.764 10.5629 -1.5658 13.7717
342 9 Car -1 -1 -1.5748 564 183 591 205 1.5893 -1.4307 -3.6071 -1.9458 2.0616 44.7516 -1.6208 5.5359
342 29 Car -1 -1 1.8439 361 178 412 207 1.651 -1.5829 -4.0605 -2.0633 13.6956 44.2467 1.5437 8.7565
343 14 Car -1 -1 -1.4594 471 189 510 216 1.589 -1.4699 -3.4551 -2.2433 6.5087 39.3552 -1.6233 6.8141
343 27 Car -1 -1 -1.2449 246 187 446 313 1.5857 -1.477 -3.9056 -1.7159 3.8014 10.9549 -1.5789 14.0094
343 9 Car -1 -1 -1.5816 562 187 589 209 1.5706 -1.4302 -3.4462 -2.1719 2.1221 44.8144 -1.6289 4.8724
343 29 Car -1 -1 1.8625 343 183 393 211 1.6131 -1.433 -4.0099 -2.0905 13.6598 40.9543 1.5406 6.4081
344 27 Car -1 -1 -1.249 264 187 450 310 1.6177 -1.4844 -3.9212 -1.7657 3.8043 11.2952 -1.5739 13.8208
344 14 Car -1 -1 -1.4401 469 188 508 216 1.5926 -1.4795 -3.5461 -2.2017 6.5342 38.9479 -1.6063 7.4573
344 9 Car -1 -1 -10 560 186 587 208 1.5706 -1.4302 -3.4462 -2.1719 2.1221 44.8144 -10 0
344 29 Car -1 -1 1.8806 322 182 376 212 1.6043 -1.4317 -3.7567 -1.9449 13.512 37.5238 1.5349 5.6016
345 27 Car -1 -1 -1.2674 276 185 453 299 1.6024 -1.4351 -3.9534 -1.6878 3.8104 11.7639 -1.5806 12.9369
345 14 Car -1 -1 -1.4214 466 185 506 213 1.558 -1.4665 -3.4861 -2.0169 6.5477 38.5583 -1.5896 9.4891
345 9 Car -1 -1 -1.5448 559 183 586 204 1.5593 -1.476 -3.3738 -1.8921 2.3309 45.3844 -1.5961 5.1844
345 29 Car -1 -1 1.9144 290 181 358 217 1.6506 -1.6356 -3.9408 -2.0645 13.4564 33.9974 1.5375 9.3814
346 27 Car -1 -1 -1.2695 288 185 457 294 1.6031 -1.5212 -3.8605 -1.7436 3.7768 12.0614 -1.5729 13.3011
346 14 Car -1 -1 -1.4365 464 183 504 212 1.5845 -1.4635 -3.5762 -1.9041 6.6463 38.1168 -1.6091 9.0819
346 9 Car -1 -1 -1.5626 557 180 584 201 1.5767 -1.4605 -3.4386 -1.7624 2.4738 45.6837 -1.6167 5.6583
346 29 Car -1 -1 1.9591 254 180 336 224 1.6417 -1.6295 -3.97 -1.9014 13.3566 30.6866 1.5486 11.7605
347 27 Car -1 -1 -1.281 298 185 464 293 1.6127 -1.4983 -3.8588 -1.7457 3.7886 12.4454 -1.5765 14.6572
347 14 Car -1 -1 -1.4439 460 184 502 214 1.5826 -1.4241 -3.7177 -1.9462 6.6894 37.6982 -1.6195 9.0375
347 29 Car -1 -1 1.9893 208 183 300 232 1.6518 -1.6279 -3.947 -2.0126 13.3135 27.2673 1.5351 12.5657
347 9 Car -1 -1 -1.5726 555 183 582 204 1.6284 -1.4569 -3.8806 -1.8695 2.7247 46.2163 -1.6314 5.6588
347 30 Car -1 -1 1.9425 279 184 338 213 1.6564 -1.4656 -4.2892 -2.1085 16.4324 39.7852 1.5508 4.6225
348 30 Car -1 -1 1.9842 248 189 316 221 1.6468 -1.4618 -4.1598 -2.2809 16.4531 36.4366 1.5601 8.6905
348 29 Car -1 -1 2.0493 147 188 259 244 1.6202 -1.6162 -3.8478 -2.0487 13.2354 23.8233 1.5422 13.6162
348 27 Car -1 -1 -1.2737 309 188 467 294 1.5871 -1.4574 -3.7916 -1.7681 3.821 12.8236 -1.5633 13.9448
348 14 Car -1 -1 -1.4469 458 187 499 217 1.54 -1.4561 -3.4367 -2.1042 6.7611 37.2029 -1.6267 9.6442
348 9 Car -1 -1 -10 553 185 580 206 1.6284 -1.4569 -3.8806 -1.8695 2.7247 46.2163 -10 0
349 30 Car -1 -1 2.0019 207 192 290 228 1.6381 -1.4504 -4.1892 -2.3228 16.3871 33.0565 1.5417 9.0917
349 27 Car -1 -1 -1.2773 318 191 470 292 1.5928 -1.51 -3.7396 -1.8661 3.8059 13.1903 -1.5582 13.7977
349 29 Car -1 -1 2.1205 62 190 207 257 1.6304 -1.5643 -4.0467 -2.0771 13.1704 20.4457 1.5482 14.5028
349 14 Car -1 -1 -1.4179 455 188 497 219 1.5904 -1.4589 -3.794 -2.2285 6.8036 36.9298 -1.6001 8.8168
349 9 Car -1 -1 -1.5914 551 187 578 208 1.6091 -1.4577 -3.7644 -2.2477 3.0316 46.4786 -1.6565 4.2388
350 27 Car -1 -1 -1.3163 327 190 473 287 1.5845 -1.4487 -3.748 -1.8076 3.7827 13.5703 -1.5882 15.1057
350 29 Car -1 -1 2.193 2 190 135 271 1.6156 -1.5551 -3.8094 -2.0059 13.1552 17.1608 1.539 13.5398
350 14 Car -1 -1 -1.4108 450 188 493 218 1.5941 -1.5433 -3.5517 -2.1985 6.9392 36.3297 -1.5995 8.6014
350 30 Car -1 -1 2.0538 159 191 256 232 1.6075 -1.4501 -4.0391 -2.2387 16.2552 29.7215 1.5533 8.1074
350 9 Car -1 -1 -10 548 186 576 207 1.6091 -1.4577 -3.7644 -2.2477 3.0316 46.4786 -10 0
350 28 Car -1 -1 0.119 0 168 57 204 1.643 -1.4908 -4.1569 -1.317 26.77 31.4219 -0.5866 5.9868
351 30 Car -1 -1 2.093 94 187 216 236 1.6046 -1.4383 -4.1278 -2.0428 16.3044 26.3081 1.5382 8.9229
351 27 Car -1 -1 -1.3158 335 186 476 280 1.5835 -1.4209 -3.836 -1.7674 3.8099 13.9096 -1.5832 12.1673
351 14 Car -1 -1 -1.4307 447 183 490 216 1.587 -1.4243 -3.6624 -1.9399 7.0055 35.8617 -1.6236 8.3454
351 9 Car -1 -1 -1.5431 546 183 573 204 1.6181 -1.4414 -3.8624 -2.0081 3.3616 47.2239 -1.6141 5.2642
351 29 Car -1 -1 2.2964 0 187 51 295 1.6815 -1.6296 -4.1623 -1.9602 13.0105 13.6348 1.5344 7.5137
352 30 Car -1 -1 2.1495 9 185 161 239 1.6826 -1.4663 -4.4662 -1.8521 16.3229 23.0965 1.5343 10.5984
352 27 Car -1 -1 -1.309 343 183 479 274 1.5981 -1.4639 -3.7467 -1.7484 3.8258 14.2816 -1.5708 13.1236
352 14 Car -1 -1 -1.4037 442 181 486 213 1.5658 -1.4993 -3.7103 -1.8292 7.0475 35.3298 -1.6006 9.5533
352 9 Car -1 -1 -10 543 181 570 201 1.6181 -1.4414 -3.8624 -2.0081 3.3616 47.2239 -10 0
352 31 Car -1 -1 -10 353 180 389 199 -1 -1 -1 -1000 -1000 -1000 -10 0
353 27 Car -1 -1 -1.3231 349 182 482 270 1.6238 -1.5351 -3.826 -1.7259 3.842 14.7129 -1.5786 12.653
353 9 Car -1 -1 -1.5806 541 181 566 201 1.617 -1.4526 -3.6996 -1.876 3.8107 47.4723 -1.6607 5.6826
353 14 Car -1 -1 -1.4306 438 180 484 213 1.545 -1.4677 -3.6039 -1.8027 7.1327 34.7834 -1.6328 8.2537
353 30 Car -1 -1 2.2226 2 182 91 242 1.5851 -1.4343 -3.7637 -1.7694 16.2286 19.6981 1.5335 8.5784
353 31 Car -1 -1 1.8978 336 176 377 198 1.6784 -1.4754 -4.0368 -1.7843 17.5288 50.4619 1.5635 4.4607
354 27 Car -1 -1 -1.326 357 183 484 270 1.6067 -1.4298 -4.0695 -1.7101 3.8593 15.0457 -1.5771 13.0999
354 31 Car -1 -1 1.8818 320 178 360 201 1.623 -1.5045 -3.8207 -1.7986 17.5305 47.1604 1.5259 4.1594
354 9 Car -1 -1 -1.564 538 182 564 202 1.6212 -1.4466 -3.8535 -1.8568 3.9456 47.8965 -1.6462 4.683
354 14 Car -1 -1 -1.4082 432 181 479 216 1.5628 -1.455 -3.7774 -1.8014 7.2441 34.2676 -1.6166 7.7338
355 27 Car -1 -1 -1.3495 363 183 488 267 1.6093 -1.437 -4.1368 -1.7717 3.921 15.5391 -1.5966 12.3016
355 31 Car -1 -1 1.9671 297 180 344 204 1.6314 -1.4762 -4.1009 -1.9021 17.5038 43.9741 1.5882 4.3377
355 9 Car -1 -1 -1.5646 536 183 562 203 1.6195 -1.4442 -3.8177 -2.0855 4.1262 47.9328 -1.6505 4.9198
355 14 Car -1 -1 1.7138 430 176 477 213 1.6175 -1.6476 -3.8491 -1.8078 7.2596 33.7931 1.5022 4.6576
356 31 Car -1 -1 1.9015 272 183 326 209 1.5958 -1.4929 -3.728 -2.0155 17.231 40.406 1.4984 4.9014
356 27 Car -1 -1 -1.3457 368 185 490 266 1.6435 -1.4411 -4.2353 -1.7891 3.9094 15.9436 -1.5862 11.3629
356 9 Car -1 -1 -1.574 534 185 560 205 1.5774 -1.5102 -3.4342 -2.1319 4.2239 48.0651 -1.6617 4.4761
357 31 Car -1 -1 1.9609 241 183 304 213 1.624 -1.464 -3.8616 -1.9641 17.1076 36.8803 1.5266 7.3482
357 27 Car -1 -1 -1.3511 374 186 492 263 1.6192 -1.5136 -3.7607 -1.8317 3.8823 16.1676 -1.5867 12.6898
357 9 Car -1 -1 -1.5512 534 185 559 205 1.6125 -1.4997 -3.86 -2.1598 4.2799 48.4474 -1.6394 5.5394
357 32 Car -1 -1 -1.5647 565 172 588 198 1.8686 -2.1398 -4.8997 -2.1249 2.8368 62.0948 -1.6104 4.8818
358 31 Car -1 -1 2.0009 204 184 276 216 1.5838 -1.4753 -3.7946 -1.9154 17.0086 33.5728 1.532 9.0756
358 27 Car -1 -1 -1.3508 380 184 495 260 1.6233 -1.4639 -3.9098 -1.842 3.8458 16.4752 -1.5801 11.4379
358 9 Car -1 -1 -1.5689 533 185 558 204 1.6056 -1.4403 -3.675 -2.158 4.4031 48.5004 -1.6595 5.508
358 32 Car -1 -1 -1.5439 564 171 589 199 1.9871 -2.3343 -5.5858 -2.2183 2.7915 62.2993 -1.5887 5.5673
359 31 Car -1 -1 2.0676 159 183 247 220 1.5623 -1.4815 -3.7192 -1.7718 16.8615 30.2338 1.5589 9.2187
359 27 Car -1 -1 -1.3498 387 180 497 256 1.615 -1.4598 -3.9716 -1.7369 3.8353 16.8882 -1.5732 13.3004
359 9 Car -1 -1 -1.5515 532 182 557 203 1.638 -1.4505 -4.0838 -1.9539 4.4914 48.9905 -1.6429 5.3062
360 27 Car -1 -1 -1.3624 395 179 498 253 1.5894 -1.4248 -3.8422 -1.6948 3.815 17.1436 -1.5813 12.1193
360 9 Car -1 -1 -1.5618 532 181 557 201 1.5775 -1.4438 -3.5156 -1.8818 4.5194 48.8134 -1.6541 5.7665
360 31 Car -1 -1 2.0939 100 181 205 223 1.6007 -1.444 -4.0646 -1.754 16.7547 27.0966 1.5402 10.3943
361 31 Car -1 -1 2.1611 26 182 158 233 1.5322 -1.4168 -3.591 -1.7568 16.5493 23.5134 1.5478 11.2181
361 27 Car -1 -1 -1.3756 400 181 502 253 1.6017 -1.4572 -3.8766 -1.6605 3.781 17.4706 -1.5887 13.2249
361 9 Car -1 -1 -1.5395 533 183 557 203 1.6354 -1.4427 -4.0065 -2.0431 4.4596 49.3585 -1.6296 5.8756
362 27 Car -1 -1 -1.3666 406 180 505 251 1.6245 -1.464 -3.9692 -1.7063 3.7419 17.8486 -1.5732 11.9404
362 9 Car -1 -1 -1.5803 533 183 558 203 1.6402 -1.4623 -4.1458 -1.9867 4.6912 49.7016 -1.6744 4.0163
362 31 Car -1 -1 2.2282 1 184 92 242 1.5499 -1.4357 -3.7363 -1.7678 16.4762 20.1701 1.5432 9.8719
362 32 Car -1 -1 -1.5487 569 172 593 199 1.9285 -2.2292 -5.2324 -2.2131 2.4268 62.1538 -1.5878 4.7038
363 27 Car -1 -1 -1.3745 410 179 509 248 1.6025 -1.4893 -3.7062 -1.6797 3.6571 17.9144 -1.5758 11.3731
363 9 Car -1 -1 -1.5458 534 182 559 201 1.622 -1.4603 -3.7812 -1.9673 4.3948 49.6377 -1.6341 4.8306
363 14 Car -1 -1 -1.2975 401 182 464 221 1.5527 -1.471 -3.4489 -1.819 7.0539 28.6758 -1.5387 5.052
364 27 Car -1 -1 -1.3705 414 179 513 248 1.5971 -1.4989 -3.749 -1.7075 3.6491 18.3682 -1.5666 12.0699
364 9 Car -1 -1 -1.5367 535 181 560 201 1.5971 -1.4577 -3.5841 -1.9239 4.3974 49.7064 -1.625 6.4843
364 14 Car -1 -1 -1.2853 399 182 462 221 1.5135 -1.4306 -3.253 -1.8006 7.087 28.0309 -1.533 6.7352
365 27 Car -1 -1 -1.3823 421 180 514 248 1.6212 -1.4653 -3.9328 -1.7054 3.6073 18.5884 -1.574 11.965
365 9 Car -1 -1 -1.5406 536 181 561 201 1.6069 -1.4503 -3.7763 -2.0136 4.2937 50.1918 -1.626 5.4548
365 14 Car -1 -1 -1.3317 394 183 460 224 1.5481 -1.4131 -3.4805 -1.7752 7.0183 27.4396 -1.5821 8.6213
366 27 Car -1 -1 -1.3967 426 182 517 248 1.6069 -1.5036 -3.7558 -1.7844 3.5637 18.9768 -1.5823 12.4666
366 14 Car -1 -1 -1.2978 389 184 456 226 1.5963 -1.4202 -3.61 -1.8213 6.941 26.8322 -1.551 8.7237
366 9 Car -1 -1 -1.5275 537 183 561 203 1.6415 -1.4624 -4.1848 -2.043 4.3204 50.3 -1.6131 4.1335
367 27 Car -1 -1 -1.3938 430 183 520 249 1.6147 -1.4717 -3.9471 -1.8331 3.522 19.3436 -1.5739 12.9435
367 14 Car -1 -1 -1.4087 384 186 451 229 1.5771 -1.3909 -3.6128 -1.8499 6.9515 26.1612 -1.6684 8.8213
367 9 Car -1 -1 -1.5116 538 184 562 204 1.6218 -1.4532 -3.921 -2.1479 4.224 50.3931 -1.5952 4.2846
367 33 Car -1 -1 -1.5625 577 171 601 199 1.9598 -2.3215 -5.4261 -2.1843 1.7948 62.1629 -1.5914 4.2887
368 27 Car -1 -1 -1.3953 434 184 523 250 1.6019 -1.4914 -3.733 -1.8234 3.4771 19.5026 -1.5718 13.0193
368 14 Car -1 -1 -1.3399 379 187 445 231 1.5682 -1.4389 -3.7251 -1.9397 6.8628 25.5247 -1.6026 10.6498
368 9 Car -1 -1 -10 538 184 563 204 1.6218 -1.4532 -3.921 -2.1479 4.224 50.3931 -10 0
369 27 Car -1 -1 -1.4118 438 185 525 249 1.6237 -1.4716 -3.8449 -1.8317 3.4861 19.7897 -1.5862 12.6769
369 14 Car -1 -1 -1.3048 374 188 446 233 1.5416 -1.4445 -3.53 -1.9079 6.7873 24.7528 -1.5725 13.0132
369 9 Car -1 -1 -10 538 185 563 204 1.6218 -1.4532 -3.921 -2.1479 4.224 50.3931 -10 0
369 33 Car -1 -1 -1.5571 579 171 603 201 1.9754 -2.4119 -5.4153 -2.3389 1.5415 62.1074 -1.5819 4.2376
370 27 Car -1 -1 -1.4084 442 185 527 248 1.5816 -1.4287 -3.7409 -1.8804 3.4458 20.0272 -1.5788 12.4489
370 14 Car -1 -1 -1.3115 367 188 442 235 1.5806 -1.4207 -3.6345 -1.9091 6.7587 24.074 -1.5852 12.9474
370 9 Car -1 -1 -10 540 185 564 204 1.6218 -1.4532 -3.921 -2.1479 4.224 50.3931 -10 0
371 27 Car -1 -1 -1.4034 445 186 528 247 1.5776 -1.4895 -3.5196 -1.8988 3.4245 20.344 -1.5702 12.0953
371 14 Car -1 -1 -1.3013 360 187 439 237 1.5517 -1.4506 -3.5663 -1.8869 6.7359 23.3123 -1.5826 13.7996
371 9 Car -1 -1 -1.5016 540 185 565 204 1.66 -1.5132 -4.1632 -2.3028 4.0978 51.2864 -1.5813 5.1515
372 27 Car -1 -1 -1.4192 450 185 530 245 1.6019 -1.4348 -4.0497 -1.8292 3.4011 20.7812 -1.5814 13.3985
372 9 Car -1 -1 -1.5094 541 184 565 203 1.634 -1.4421 -4.0584 -2.1562 4.0829 51.4592 -1.5886 6.7595
372 14 Car -1 -1 -1.2913 351 187 434 239 1.5845 -1.4361 -3.7073 -1.9026 6.7054 22.6573 -1.5791 14.0355
372 33 Car -1 -1 -1.5661 582 171 605 198 1.9049 -2.192 -5.0669 -2.1139 1.3671 62.0067 -1.5881 4.294
373 27 Car -1 -1 -1.4158 453 186 533 247 1.6179 -1.5549 -3.7806 -1.9758 3.3622 20.8941 -1.5754 11.9843
373 14 Car -1 -1 -1.2768 343 188 432 242 1.5036 -1.375 -3.4334 -1.8705 6.6511 21.854 -1.5723 14.0535
373 9 Car -1 -1 -1.5442 542 185 567 204 1.6221 -1.454 -3.8927 -2.3234 3.9748 51.5082 -1.6212 5.487
374 27 Car -1 -1 -1.4252 457 182 534 242 1.5917 -1.4395 -3.8576 -1.8447 3.373 21.267 -1.5825 11.4538
374 14 Car -1 -1 -1.2687 335 185 426 240 1.5735 -1.4685 -3.6956 -1.8149 6.6418 21.1584 -1.5728 13.4776
374 9 Car -1 -1 -10 542 182 567 201 1.6221 -1.454 -3.8927 -2.3234 3.9748 51.5082 -10 0
375 14 Car -1 -1 -1.2641 324 177 421 236 1.5234 -1.4682 -3.3761 -1.6374 6.6227 20.3791 -1.5783 12.5955
375 27 Car -1 -1 -1.4184 459 176 535 234 1.608 -1.481 -3.7932 -1.6534 3.3481 21.5699 -1.5723 12.0646
375 9 Car -1 -1 -10 544 175 568 194 1.6221 -1.454 -3.8927 -2.3234 3.9748 51.5082 -10 0
376 14 Car -1 -1 -1.2712 312 174 416 235 1.556 -1.4007 -3.6505 -1.4705 6.5916 19.6538 -1.5948 14.0434
376 27 Car -1 -1 -1.4323 462 174 538 230 1.6057 -1.5009 -3.7243 -1.5474 3.3194 21.8981 -1.5827 12.4351
376 9 Car -1 -1 -1.4924 545 172 569 191 1.6346 -1.5052 -3.8889 -1.3732 3.8632 51.9867 -1.5665 4.9836
377 14 Car -1 -1 -1.2284 301 176 411 238 1.5732 -1.4195 -3.6488 -1.4857 6.5295 18.8753 -1.5615 12.8983
377 27 Car -1 -1 -1.4349 465 174 539 229 1.606 -1.5028 -3.7067 -1.5107 3.2682 22.168 -1.5813 11.0232
377 9 Car -1 -1 -1.5099 546 171 570 190 1.6215 -1.4592 -3.9492 -1.3011 3.7747 52.4601 -1.5818 4.2157
378 27 Car -1 -1 -1.4153 467 177 541 232 1.6077 -1.5315 -3.7413 -1.6012 3.2282 22.4841 -1.5579 11.1942
378 14 Car -1 -1 -1.2417 288 180 403 244 1.5428 -1.3728 -3.7257 -1.5655 6.4973 18.1275 -1.5859 14.1235
378 9 Car -1 -1 -10 547 174 571 193 1.6215 -1.4592 -3.9492 -1.3011 3.7747 52.4601 -10 0
379 14 Car -1 -1 -1.219 272 182 397 249 1.5589 -1.4723 -3.5459 -1.6149 6.4773 17.2873 -1.5775 12.5381
379 27 Car -1 -1 -1.4315 472 177 543 231 1.6398 -1.5035 -3.8531 -1.6221 3.221 22.9197 -1.5711 11.1597
379 9 Car -1 -1 -10 549 175 573 194 1.6215 -1.4592 -3.9492 -1.3011 3.7747 52.4601 -10 0
380 14 Car -1 -1 -1.1911 257 181 389 252 1.5844 -1.4817 -3.6945 -1.6069 6.4516 16.5949 -1.5619 12.7654
380 27 Car -1 -1 -1.4261 475 177 545 230 1.6451 -1.4538 -4.1742 -1.584 3.1688 23.4274 -1.5605 10.627
380 9 Car -1 -1 -10 550 175 574 193 1.6215 -1.4592 -3.9492 -1.3011 3.7747 52.4601 -10 0
381 14 Car -1 -1 -1.1749 237 181 381 258 1.5819 -1.4316 -3.7508 -1.6579 6.418 15.76 -1.5616 11.9473
381 27 Car -1 -1 -1.4446 478 175 548 228 1.6446 -1.5272 -4.1041 -1.5787 3.1535 23.6384 -1.5772 11.5735
381 9 Car -1 -1 -10 552 174 576 192 1.6215 -1.4592 -3.9492 -1.3011 3.7747 52.4601 -10 0
382 14 Car -1 -1 -1.171 218 180 371 261 1.5407 -1.3842 -3.7295 -1.5695 6.3769 14.9246 -1.5748 13.2599
382 27 Car -1 -1 -1.43 481 174 550 226 1.6039 -1.4697 -3.8092 -1.5925 3.0768 23.8871 -1.5581 11.9834
382 9 Car -1 -1 -10 554 174 577 192 1.6215 -1.4592 -3.9492 -1.3011 3.7747 52.4601 -10 0
382 34 Car -1 -1 -1.5769 594 162 618 190 1.994 -2.3062 -5.8326 -1.4869 0.381 62.7198 -1.583 6.8506
383 14 Car -1 -1 -1.1774 194 181 360 267 1.5494 -1.3772 -3.6647 -1.5626 6.3497 14.1625 -1.5989 12.7852
383 27 Car -1 -1 -1.4292 485 174 552 226 1.6181 -1.4595 -4.0568 -1.5244 3.0595 24.3237 -1.5543 9.7674
383 9 Car -1 -1 -10 554 173 578 191 1.6215 -1.4592 -3.9492 -1.3011 3.7747 52.4601 -10 0
383 34 Car -1 -1 1.7334 515 165 544 185 1.642 -1.4942 -4.0755 -0.9583 6.3063 57.1277 1.6234 4.3955
384 14 Car -1 -1 -1.1312 164 181 346 276 1.5325 -1.4277 -3.6207 -1.5867 6.3108 13.3191 -1.5737 13.3705
384 27 Car -1 -1 -1.441 488 175 554 225 1.5955 -1.4691 -3.6797 -1.5433 3.0266 24.533 -1.5637 11.0155
384 9 Car -1 -1 -10 557 174 580 192 1.6215 -1.4592 -3.9492 -1.3011 3.7747 52.4601 -10 0
385 27 Car -1 -1 -1.4556 491 175 555 225 1.6364 -1.4917 -3.8406 -1.5632 2.9948 24.9299 -1.5752 11.7961
385 14 Car -1 -1 -1.0935 132 183 332 284 1.5579 -1.3896 -3.5865 -1.6205 6.3036 12.5014 -1.5605 13.1777
385 9 Car -1 -1 -10 557 174 580 192 1.6215 -1.4592 -3.9492 -1.3011 3.7747 52.4601 -10 0
386 14 Car -1 -1 -1.0941 92 185 315 292 1.5912 -1.433 -3.744 -1.6193 6.2879 11.6612 -1.5887 12.1845
386 27 Car -1 -1 -1.452 494 176 556 225 1.6503 -1.4905 -3.9925 -1.6088 2.9521 25.432 -1.5675 11.1783
386 9 Car -1 -1 -10 557 176 580 194 1.6215 -1.4592 -3.9492 -1.3011 3.7747 52.4601 -10 0
386 35 Car -1 -1 -1.5828 596 162 620 189 1.991 -2.3045 -5.6666 -1.4245 0.1975 63.0001 -1.586 4.1363
387 14 Car -1 -1 -1.0512 44 187 296 306 1.5728 -1.4319 -3.6846 -1.636 6.289 10.8355 -1.5771 13.1158
387 27 Car -1 -1 -1.4495 495 177 557 226 1.6561 -1.5132 -3.9862 -1.6558 2.9734 25.7559 -1.5645 10.3389
387 9 Car -1 -1 -10 557 177 580 195 1.6215 -1.4592 -3.9492 -1.3011 3.7747 52.4601 -10 0
388 14 Car -1 -1 -1.0113 7 190 273 323 1.5367 -1.4796 -3.5654 -1.6634 6.2677 9.9283 -1.5744 12.9593
388 27 Car -1 -1 -1.4784 496 179 558 227 1.617 -1.515 -3.6898 -1.7126 3.0424 25.9276 -1.5952 8.5127
388 9 Car -1 -1 -10 557 179 580 196 1.6215 -1.4592 -3.9492 -1.3011 3.7747 52.4601 -10 0
388 36 Car -1 -1 -1.8881 829 184 877 211 1.6077 -1.4804 -3.7736 -2.1913 -14.4442 43.1315 -1.5649 4.6344
389 14 Car -1 -1 -0.9644 1 192 242 341 1.5337 -1.4395 -3.625 -1.6879 6.2692 9.0748 -1.5689 12.5127
389 27 Car -1 -1 -1.4657 497 181 557 228 1.6164 -1.4721 -3.6502 -1.8004 3.0109 26.2238 -1.5801 11.6941
389 9 Car -1 -1 -10 554 182 578 199 1.6215 -1.4592 -3.9492 -1.3011 3.7747 52.4601 -10 0
