0 0 Car -1 -1 1.8749 347 181 392 208 1.5451 -1.471 -3.5328 -1.9922 13.8879 41.7984 1.5541 8.0739
0 1 Car -1 -1 -1.7765 603 174 686 237 1.6012 -1.5852 -3.3869 -1.6341 -0.8614 20.4358 -1.7343 11.229
0 2 Car -1 -1 1.7755 425 179 465 205 1.5944 -1.4617 -3.69 -1.9424 9.8696 43.0464 1.5501 6.3446
1 0 Car -1 -1 1.894 337 180 385 209 1.5153 -1.437 -3.394 -1.8991 13.6055 39.6088 1.5631 7.2591
1 2 Car -1 -1 1.773 416 179 460 207 1.6122 -1.4711 -3.92 -1.8405 9.6431 40.6104 1.5399 7.4504
1 1 Car -1 -1 -1.7658 600 174 681 236 1.592 -1.5929 -3.4186 -1.6249 -0.6966 20.5686 -1.732 12.3101
2 0 Car -1 -1 1.8888 326 181 376 213 1.6107 -1.5449 -3.8204 -1.9994 13.4312 37.4945 1.5448 8.1904
2 2 Car -1 -1 1.7974 405 181 454 211 1.704 -1.4568 -3.8879 -1.8511 9.3876 37.6687 1.5531 7.5464
2 1 Car -1 -1 -1.7737 596 176 676 237 1.6137 -1.645 -3.5674 -1.7209 -0.6209 20.6049 -1.7435 12.0704
3 0 Car -1 -1 1.9168 311 183 367 217 1.5748 -1.4742 -3.6523 -2.0015 13.1894 35.2917 1.5591 8.0782
3 2 Car -1 -1 1.8121 393 183 447 215 1.5869 -1.4588 -3.7754 -1.9198 9.1463 34.987 1.5564 8.7112
3 1 Car -1 -1 -1.7432 593 178 671 241 1.5811 -1.5967 -3.3717 -1.7473 -0.5244 20.68 -1.7179 11.2565
4 2 Car -1 -1 1.8065 378 184 438 219 1.6148 -1.4724 -3.9753 -1.9843 8.9723 32.2127 1.5348 8.3421
4 0 Car -1 -1 1.922 296 184 356 219 1.5471 -1.4542 -3.3693 -1.9651 12.9571 32.9257 1.5471 10.6876
4 1 Car -1 -1 -1.7423 591 179 667 242 1.5977 -1.5554 -3.3692 -1.7869 -0.4496 20.7395 -1.7206 12.0099
5 0 Car -1 -1 1.9411 277 184 343 222 1.5774 -1.4803 -3.737 -2.0364 12.7811 30.7767 1.5475 8.095
5 2 Car -1 -1 1.8575 358 184 426 224 1.65 -1.4526 -4.1794 -1.9097 8.7658 29.2916 1.5668 7.8205
5 1 Car -1 -1 -1.7253 586 178 666 241 1.6018 -1.5768 -3.3801 -1.7641 -0.3707 20.8792 -1.7075 12.9948
6 0 Car -1 -1 1.9781 254 184 330 226 1.5985 -1.4375 -3.7193 -1.9564 12.5623 28.7027 1.5656 10.1013
6 2 Car -1 -1 1.8866 332 185 411 229 1.6381 -1.4712 -3.866 -1.9101 8.5833 26.295 1.5711 8.7751
6 1 Car -1 -1 -1.7264 585 179 662 241 1.6017 -1.5609 -3.3928 -1.7707 -0.2796 20.9513 -1.7131 11.9809
7 1 Car -1 -1 -1.7245 585 181 658 242 1.595 -1.5738 -3.2684 -1.8041 -0.2398 20.9192 -1.7131 12.3738
7 2 Car -1 -1 1.9143 299 186 393 237 1.6552 -1.4915 -4.188 -1.9165 8.4891 23.5848 1.5688 10.3815
7 0 Car -1 -1 2.0026 225 187 312 233 1.5196 -1.4447 -3.3814 -2.0102 12.4193 26.3855 1.5627 10.9068
8 2 Car -1 -1 1.9569 256 189 372 248 1.6443 -1.4237 -4.2629 -1.9347 8.3707 20.647 1.5717 11.4651
8 1 Car -1 -1 -1.7145 583 181 656 241 1.5872 -1.6254 -3.2625 -1.8791 -0.1553 20.9924 -1.7071 10.8605
8 0 Car -1 -1 1.9934 192 187 288 238 1.5253 -1.4138 -3.5013 -2.0314 12.1951 24.1611 1.5259 8.4324
9 2 Car -1 -1 1.9923 196 188 341 260 1.6454 -1.5397 -4.2385 -1.9038 8.2376 17.8191 1.5592 12.8059
9 0 Car -1 -1 2.0706 148 187 261 244 1.5627 -1.459 -3.5359 -2.0448 12.1143 21.8181 1.5637 9.0363
9 1 Car -1 -1 -1.6946 582 181 653 242 1.5885 -1.6048 -3.4272 -1.8614 -0.0858 21.0223 -1.6905 11.7742
10 2 Car -1 -1 2.0948 101 189 297 275 1.6755 -1.5418 -4.1733 -1.8062 8.2065 14.8297 1.5894 13.678
10 1 Car -1 -1 -1.6989 578 180 651 241 1.5796 -1.5593 -3.2807 -1.8044 -0.0139 21.1096 -1.6982 12.6667
10 0 Car -1 -1 2.1625 90 188 223 251 1.5122 -1.5019 -3.3576 -1.9121 12.0716 19.4848 1.6078 5.172
11 2 Car -1 -1 2.1664 1 187 233 304 1.6589 -1.5093 -4.4861 -1.8083 8.1681 12.0809 1.5719 13.5896
11 1 Car -1 -1 -1.7028 577 179 648 240 1.5711 -1.559 -3.3667 -1.7604 0.0697 21.1854 -1.7061 11.0229
12 1 Car -1 -1 -1.6851 573 179 643 239 1.6036 -1.5916 -3.3932 -1.7424 0.1656 21.2728 -1.6929 11.6808
12 2 Car -1 -1 2.2897 1 191 133 322 1.6065 -1.4934 -4.233 -1.7987 8.1269 9.1698 1.5646 10.327
12 0 Car -1 -1 2.2581 5 187 125 259 1.5352 -1.5047 -3.4698 -1.8227 11.8972 14.9943 1.5873 4.8671
13 1 Car -1 -1 -1.6665 571 180 641 240 1.5974 -1.6335 -3.3783 -1.7733 0.2403 21.3149 -1.6778 11.5587
13 0 Car -1 -1 2.3218 1 196 44 275 1.5839 -1.5191 -3.6568 -1.86 11.924 12.5773 1.563 5.0047
14 1 Car -1 -1 -1.696 569 178 637 238 1.5968 -1.5507 -3.4035 -1.7507 0.3637 21.4091 -1.713 11.3767
15 1 Car -1 -1 -1.6641 567 178 634 236 1.5971 -1.6476 -3.1412 -1.7309 0.3967 21.3924 -1.6826 11.7428
16 1 Car -1 -1 -1.6604 566 176 630 235 1.5596 -1.5878 -3.1585 -1.6471 0.4722 21.3475 -1.6826 10.3744
17 1 Car -1 -1 -1.6414 564 176 627 235 1.59 -1.652 -3.2353 -1.7189 0.5016 21.4702 -1.6648 10.8485
18 1 Car -1 -1 -1.6442 562 177 626 236 1.6189 -1.6301 -3.3136 -1.7437 0.5349 21.464 -1.6692 11.1213
19 1 Car -1 -1 -1.6377 561 177 624 236 1.6339 -1.6165 -3.3972 -1.7455 0.6321 21.5735 -1.667 11.1538
20 1 Car -1 -1 -1.6202 560 177 622 237 1.6094 -1.62 -3.3283 -1.7388 0.6365 21.5886 -1.6497 12.3244
21 1 Car -1 -1 -1.5834 560 178 623 237 1.5899 -1.6325 -3.2513 -1.7463 0.6208 21.6395 -1.6121 12.4184
22 1 Car -1 -1 -1.6132 560 178 623 237 1.5827 -1.627 -3.1832 -1.777 0.6393 21.6477 -1.6427 10.4649
23 1 Car -1 -1 -1.6294 561 179 622 236 1.6098 -1.691 -3.3878 -1.8162 0.6184 21.7044 -1.6579 9.6533
24 1 Car -1 -1 -1.5935 561 178 623 237 1.6051 -1.5945 -3.3158 -1.7565 0.6269 21.7427 -1.6223 12.1482
25 1 Car -1 -1 -1.5748 561 177 623 236 1.5925 -1.5937 -3.3215 -1.7224 0.5878 21.7678 -1.6018 10.7449
26 1 Car -1 -1 -1.5895 562 175 624 235 1.5905 -1.5823 -3.2729 -1.6788 0.5626 21.7451 -1.6153 11.4779
27 1 Car -1 -1 -1.5901 563 174 624 233 1.609 -1.5927 -3.4405 -1.6683 0.5529 21.8784 -1.6153 12.2901
28 1 Car -1 -1 -1.6001 564 175 624 233 1.6227 -1.6168 -3.3893 -1.6235 0.546 21.8325 -1.6251 12.6803
29 1 Car -1 -1 -1.6021 565 174 625 232 1.5957 -1.6377 -3.292 -1.6158 0.5288 21.8687 -1.6263 11.3264
30 1 Car -1 -1 -1.582 567 174 627 232 1.6159 -1.613 -3.3873 -1.6023 0.4147 21.9471 -1.6009 11.5504
31 1 Car -1 -1 -1.5832 568 174 628 232 1.6008 -1.5716 -3.1754 -1.608 0.4163 21.9364 -1.6022 11.2218
32 1 Car -1 -1 -1.5745 570 175 630 234 1.5669 -1.6046 -3.2266 -1.6787 0.3585 22.0158 -1.5908 11.016
33 1 Car -1 -1 -1.57 571 176 630 234 1.5967 -1.5982 -3.2525 -1.6748 0.3022 22.1026 -1.5836 11.4814
34 1 Car -1 -1 -1.5984 572 177 632 234 1.6138 -1.6026 -3.3596 -1.7429 0.3104 22.1861 -1.6124 11.2322
35 1 Car -1 -1 -1.5841 573 177 633 234 1.6134 -1.6251 -3.3839 -1.7429 0.2309 22.2492 -1.5945 11.2444
36 1 Car -1 -1 -1.5899 575 176 633 233 1.5966 -1.5993 -3.2414 -1.6873 0.2382 22.2693 -1.6006 11.2967
37 1 Car -1 -1 -1.5815 575 176 634 232 1.6116 -1.6367 -3.3452 -1.6238 0.248 22.4368 -1.5925 10.3787
38 1 Car -1 -1 -1.6149 576 176 634 232 1.614 -1.5821 -3.2802 -1.5981 0.2698 22.4709 -1.6269 11.8648
39 1 Car -1 -1 -1.5852 576 175 635 232 1.5693 -1.5735 -3.2498 -1.6245 0.2054 22.5576 -1.5943 10.8243
40 1 Car -1 -1 -1.5689 578 176 635 232 1.6171 -1.6005 -3.3979 -1.6868 0.1474 22.6672 -1.5754 11.2742
41 1 Car -1 -1 -1.5638 578 176 635 233 1.5975 -1.5874 -3.4089 -1.694 0.1831 22.7528 -1.5718 9.662
42 1 Car -1 -1 -1.5739 578 176 635 232 1.6314 -1.6011 -3.4593 -1.7246 0.1569 22.8218 -1.5808 10.906
43 1 Car -1 -1 -1.5757 577 177 634 232 1.5683 -1.5439 -3.2715 -1.6913 0.1701 22.8943 -1.5831 11.6815
44 1 Car -1 -1 -1.5568 578 178 634 233 1.606 -1.6199 -3.3364 -1.7519 0.1108 22.9921 -1.5617 11.9179
45 1 Car -1 -1 -1.574 578 179 634 234 1.6129 -1.6093 -3.3372 -1.7747 0.1871 23.0797 -1.5821 11.1657
46 1 Car -1 -1 -1.5814 578 179 634 233 1.6257 -1.6522 -3.3017 -1.8029 0.163 23.2255 -1.5884 11.7796
47 1 Car -1 -1 -1.5582 578 179 633 233 1.6155 -1.6064 -3.2351 -1.742 0.1465 23.264 -1.5645 10.0886
48 1 Car -1 -1 -1.5974 577 178 633 232 1.576 -1.5508 -3.2259 -1.7527 0.2611 23.3713 -1.6086 10.9687
49 1 Car -1 -1 -1.5743 577 179 632 232 1.598 -1.5676 -3.3612 -1.7644 0.1589 23.5285 -1.581 11.9771
50 1 Car -1 -1 -1.5581 577 180 632 233 1.5899 -1.6423 -3.2141 -1.8363 0.2163 23.5323 -1.5672 8.4176
51 1 Car -1 -1 -1.5571 576 181 630 233 1.5836 -1.5489 -3.3464 -1.7813 0.2429 23.6627 -1.5674 11.3131
52 1 Car -1 -1 -1.5894 575 180 630 233 1.618 -1.6162 -3.3658 -1.8138 0.3007 23.7837 -1.6021 11.1853
53 1 Car -1 -1 -1.5579 574 179 629 232 1.601 -1.6048 -3.2887 -1.7188 0.3351 23.6845 -1.572 9.2919
54 1 Car -1 -1 -1.5578 574 178 628 231 1.5999 -1.6019 -3.3274 -1.7509 0.3083 23.8181 -1.5708 11.1404
55 1 Car -1 -1 -1.5545 572 176 627 230 1.5896 -1.5945 -3.2776 -1.7183 0.3502 23.9568 -1.5691 11.4342
56 1 Car -1 -1 -1.5756 572 175 626 227 1.6065 -1.5223 -3.382 -1.6159 0.4447 24.0525 -1.5941 9.775
57 1 Car -1 -1 -1.5396 570 174 625 227 1.5843 -1.5907 -3.4011 -1.6732 0.4543 24.117 -1.5584 10.9684
58 1 Car -1 -1 -1.5599 570 178 623 230 1.6144 -1.587 -3.3889 -1.7341 0.5033 24.16 -1.5807 10.1639
59 1 Car -1 -1 -1.5934 569 181 622 233 1.6015 -1.5876 -3.4963 -1.8648 0.5597 24.2828 -1.6165 10.6813
60 1 Car -1 -1 -1.5736 568 184 621 235 1.5848 -1.5983 -3.2628 -1.9566 0.5753 24.1946 -1.5973 9.0005
61 1 Car -1 -1 -1.5594 566 182 619 234 1.5599 -1.4743 -3.2995 -1.8866 0.6244 24.3479 -1.5851 10.7907
62 1 Car -1 -1 -1.5548 565 173 619 226 1.5929 -1.5966 -3.3541 -1.653 0.6512 24.3788 -1.5815 11.2605
63 1 Car -1 -1 -1.5504 564 170 618 222 1.5999 -1.5717 -3.2917 -1.4665 0.658 24.42 -1.5774 11.1879
64 1 Car -1 -1 -1.5415 564 171 618 223 1.5951 -1.5821 -3.2869 -1.5018 0.6481 24.4732 -1.568 10.136
64 3 Car -1 -1 -10 521 173 540 188 -1 -1 -1 -1000 -1000 -1000 -10 0
65 1 Car -1 -1 -1.5674 564 176 617 228 1.6032 -1.6231 -3.333 -1.6848 0.6575 24.5179 -1.5942 11.1976
65 3 Car -1 -1 -10 518 179 538 194 -1 -1 -1 -1000 -1000 -1000 -10 0
66 1 Car -1 -1 -1.5461 563 179 617 231 1.5964 -1.5802 -3.2409 -1.7687 0.67 24.6706 -1.5732 11.3854
66 3 Car -1 -1 -10 514 182 535 198 -1 -1 -1 -1000 -1000 -1000 -10 0
67 1 Car -1 -1 -1.5274 563 179 617 230 1.5821 -1.5888 -3.3078 -1.8036 0.6693 24.7093 -1.5545 11.4675
67 3 Car -1 -1 -10 509 182 532 198 -1 -1 -1 -1000 -1000 -1000 -10 0
68 1 Car -1 -1 -1.5349 563 176 616 227 1.5903 -1.5539 -3.242 -1.7085 0.6952 24.7033 -1.5631 10.6768
68 3 Car -1 -1 -10 505 179 530 198 -1 -1 -1 -1000 -1000 -1000 -10 0
68 4 Car -1 -1 -10 551 177 569 192 -1 -1 -1 -1000 -1000 -1000 -10 0
69 1 Car -1 -1 -1.5485 564 175 617 226 1.5549 -1.5073 -3.2595 -1.5963 0.6617 24.7997 -1.5752 10.2826
69 3 Car -1 -1 -10 500 179 527 198 -1 -1 -1 -1000 -1000 -1000 -10 0
69 4 Car -1 -1 -10 549 175 568 191 -1 -1 -1 -1000 -1000 -1000 -10 0
70 1 Car -1 -1 -1.5797 564 174 617 225 1.5771 -1.5842 -3.1822 -1.6249 0.721 24.814 -1.6088 11.0738
70 3 Car -1 -1 1.7121 494 177 522 198 1.6204 -1.4724 -3.972 -1.83 7.5929 53.7226 1.5717 4.299
70 4 Car -1 -1 -10 547 176 567 191 -1 -1 -1 -1000 -1000 -1000 -10 0
71 1 Car -1 -1 -1.5654 564 173 617 224 1.5898 -1.5337 -3.3605 -1.6045 0.6885 24.9029 -1.593 11.0789
71 3 Car -1 -1 -10 488 178 518 199 1.6204 -1.4724 -3.972 -1.83 7.5929 53.7226 -10 0
71 4 Car -1 -1 -10 545 175 565 191 -1 -1 -1 -1000 -1000 -1000 -10 0
72 1 Car -1 -1 -1.5828 564 175 617 225 1.5737 -1.552 -3.3526 -1.6383 0.6995 25.0742 -1.6107 10.1642
72 4 Car -1 -1 -10 542 176 565 195 -1 -1 -1 -1000 -1000 -1000 -10 0
72 3 Car -1 -1 1.7396 481 179 513 203 1.5646 -1.4267 -3.5651 -1.8549 7.4143 47.4032 1.5844 7.8296
73 1 Car -1 -1 -1.536 565 175 618 225 1.6108 -1.5521 -3.3975 -1.6317 0.6363 25.1024 -1.5613 9.8861
73 4 Car -1 -1 -10 538 177 564 197 -1 -1 -1 -1000 -1000 -1000 -10 0
73 3 Car -1 -1 1.824 473 181 509 206 1.6351 -1.5297 -3.9832 -1.9793 7.3631 44.6363 1.6605 4.704
74 1 Car -1 -1 -1.5345 565 175 618 225 1.597 -1.5256 -3.3461 -1.6152 0.635 25.1505 -1.5597 11.9902
74 3 Car -1 -1 1.7307 463 182 502 208 1.6518 -1.4701 -3.9991 -1.9287 7.1697 41.5294 1.5598 5.9436
74 4 Car -1 -1 -10 535 177 563 198 -1 -1 -1 -1000 -1000 -1000 -10 0
75 1 Car -1 -1 -1.5623 565 175 618 225 1.6047 -1.5906 -3.3403 -1.656 0.6812 25.1841 -1.5894 10.2185
75 3 Car -1 -1 1.7679 452 183 495 211 1.5738 -1.4514 -3.5442 -2.0199 7.2319 38.2057 1.5808 4.009
75 4 Car -1 -1 1.6525 531 178 560 201 1.6 -1.4743 -3.9764 -1.9175 4.5049 49.9416 1.5626 4.7687
76 1 Car -1 -1 -1.5359 566 175 617 225 1.5916 -1.5637 -3.3274 -1.6635 0.6555 25.309 -1.5618 10.6454
76 3 Car -1 -1 1.7709 438 183 485 215 1.5873 -1.5213 -3.6947 -1.9474 7.1602 35.4139 1.5714 7.3271
76 4 Car -1 -1 1.683 525 178 557 203 1.6608 -1.4875 -3.9961 -1.8021 4.3516 46.4599 1.5896 6.3452
77 3 Car -1 -1 1.7603 422 184 475 218 1.6264 -1.4981 -3.9401 -1.9135 7.2572 32.505 1.5406 7.1429
77 1 Car -1 -1 -1.562 566 175 618 225 1.5996 -1.5638 -3.3387 -1.6232 0.6238 25.3411 -1.5866 10.2497
77 4 Car -1 -1 1.6912 519 179 554 205 1.6692 -1.4786 -4.1526 -1.8866 4.2837 43.2297 1.5924 4.1425
78 4 Car -1 -1 1.6833 513 182 550 211 1.6634 -1.5546 -4.0001 -1.9654 4.3521 39.8987 1.5747 8.3267
78 1 Car -1 -1 -1.5539 567 179 618 228 1.5877 -1.5869 -3.2999 -1.7866 0.6382 25.4297 -1.579 10.8848
78 3 Car -1 -1 1.8193 402 189 462 228 1.5892 -1.4574 -3.7388 -2.0346 7.0845 29.2576 1.5817 7.0282
79 1 Car -1 -1 -1.5667 567 185 618 234 1.5807 -1.5825 -3.2233 -1.9891 0.6527 25.4362 -1.5923 10.6927
79 4 Car -1 -1 1.6366 504 189 546 220 1.6437 -1.5162 -4.0232 -2.3045 4.3522 36.181 1.5168 8.3488
79 3 Car -1 -1 1.8262 378 196 446 240 1.573 -1.4643 -3.6706 -2.2102 7.1075 26.2104 1.5614 7.9243
80 1 Car -1 -1 -1.5698 568 185 619 233 1.5998 -1.5802 -3.3505 -1.9756 0.6403 25.5471 -1.5948 11.2763
80 4 Car -1 -1 1.7 494 189 541 224 1.6472 -1.5631 -3.9052 -2.2661 4.1354 32.8648 1.5748 9.0638
80 3 Car -1 -1 1.8607 343 198 429 250 1.6183 -1.4472 -3.926 -2.2523 7.1632 23.2833 1.5622 7.9556
81 3 Car -1 -1 1.939 301 198 404 259 1.567 -1.472 -3.7295 -2.1417 7.0911 20.2034 1.6014 10.6285
81 1 Car -1 -1 -1.5386 569 183 620 232 1.5897 -1.5269 -3.3664 -1.9457 0.5228 25.5831 -1.5591 11.327
81 4 Car -1 -1 1.6945 481 188 534 227 1.6761 -1.5435 -4.2925 -2.1159 4.1084 29.6557 1.5568 11.1223
82 3 Car -1 -1 1.9614 241 200 370 274 1.603 -1.4574 -3.8886 -2.0982 7.007 17.0912 1.5723 8.9042
82 1 Car -1 -1 -1.5528 569 182 620 232 1.5951 -1.5408 -3.3167 -1.9222 0.5652 25.5935 -1.5749 11.2325
82 4 Car -1 -1 1.7409 464 188 526 234 1.6501 -1.5054 -4.1978 -2.0596 4.0946 26.0839 1.5852 11.0284
83 3 Car -1 -1 2.0095 149 202 324 294 1.6117 -1.4878 -3.8971 -2.0339 7.0124 14.1066 1.5482 9.5997
83 1 Car -1 -1 -1.5488 569 181 620 229 1.5972 -1.6039 -3.3237 -1.8785 0.5277 25.6212 -1.5694 9.4898
83 4 Car -1 -1 1.7425 442 187 516 241 1.6604 -1.5526 -4.104 -1.9637 4.0905 22.7001 1.5642 12.5395
83 5 Car -1 -1 -1.8169 792 170 825 191 1.8122 -1.843 -5.0939 -1.6652 -18.5265 67.3883 -1.5487 6.1025
84 3 Car -1 -1 2.1231 6 206 257 327 1.5747 -1.4978 -3.6645 -1.9596 7.0051 11.0672 1.5588 10.756
84 1 Car -1 -1 -1.5311 569 178 620 227 1.6083 -1.5654 -3.3186 -1.7825 0.5196 25.7159 -1.5513 11.8438
84 4 Car -1 -1 1.7813 408 186 504 251 1.6421 -1.4662 -4.2755 -1.8238 4.0763 19.2535 1.5726 13.2092
85 1 Car -1 -1 -1.559 570 176 621 225 1.5875 -1.5752 -3.2446 -1.6723 0.5372 25.6604 -1.58 9.8965
85 3 Car -1 -1 2.2774 1 214 154 363 1.5861 -1.4613 -3.8773 -1.9038 6.9906 8.0844 1.5644 8.219
85 4 Car -1 -1 1.8225 359 185 482 268 1.6675 -1.5737 -4.1829 -1.8288 4.0203 15.8716 1.5745 12.0966
86 1 Car -1 -1 -1.5443 570 176 621 225 1.571 -1.5123 -3.2065 -1.6647 0.5558 25.7122 -1.5659 10.8757
86 4 Car -1 -1 1.8728 280 188 448 298 1.6442 -1.5329 -4.2734 -1.8231 3.9978 12.5127 1.5636 13.5592
87 1 Car -1 -1 -1.5736 570 177 621 226 1.5901 -1.5692 -3.3124 -1.7745 0.5512 25.7263 -1.595 9.6485
87 4 Car -1 -1 1.9701 123 191 397 360 1.6417 -1.4694 -4.3459 -1.7956 3.99 9.2163 1.5615 14.1056
88 1 Car -1 -1 -1.5751 570 178 621 226 1.6064 -1.6478 -3.3356 -1.8155 0.5688 25.8145 -1.5971 9.8796
88 4 Car -1 -1 2.1489 8 199 318 375 1.635 -1.472 -4.2308 -1.7735 3.9495 5.9518 1.5631 11.2398
89 1 Car -1 -1 -1.5681 570 177 620 226 1.6101 -1.5613 -3.4553 -1.7512 0.5431 25.7902 -1.5891 9.2374
89 4 Car -1 -1 2.4592 1 214 91 375 1.6089 -1.478 -4.1911 -1.7076 3.8726 2.9674 1.5422 7.1003
89 5 Car -1 -1 -1.8329 823 168 864 192 1.8397 -1.8154 -5.3741 -1.4883 -18.8124 58.3904 -1.5213 6.384
90 1 Car -1 -1 -1.5725 570 177 620 226 1.5882 -1.5783 -3.3776 -1.7503 0.546 25.7499 -1.5937 9.9065
90 6 Car -1 -1 -1.8071 793 170 825 188 1.7695 -1.6085 -5.0424 -1.3975 -18.7784 68.3154 -1.5389 5.9538
91 1 Car -1 -1 -1.551 570 176 620 225 1.6084 -1.5654 -3.3094 -1.7262 0.5444 25.8384 -1.5721 9.3903
92 1 Car -1 -1 -1.5804 569 176 621 224 1.6065 -1.6004 -3.291 -1.6876 0.5621 25.7823 -1.6022 9.6308
92 7 Car -1 -1 -1.8963 837 162 886 188 1.8246 -1.7946 -5.3102 -1.0931 -18.7057 53.9613 -1.5626 8.9077
93 1 Car -1 -1 -1.5475 569 175 620 224 1.6069 -1.6079 -3.2635 -1.6708 0.5133 25.7428 -1.5674 10.6939
94 1 Car -1 -1 -1.5591 570 176 619 225 1.5638 -1.5871 -3.2354 -1.665 0.6153 25.7463 -1.583 10.6881
94 7 Car -1 -1 -1.9025 851 160 905 188 1.8636 -1.8336 -5.4874 -1.0225 -18.7786 50.8833 -1.5489 4.7907
95 1 Car -1 -1 -1.5406 568 177 619 225 1.5588 -1.5673 -3.2532 -1.7222 0.5933 25.6799 -1.5637 10.3662
96 1 Car -1 -1 -1.5343 568 177 618 226 1.6151 -1.6024 -3.4358 -1.779 0.6094 25.7688 -1.5579 11.2441
96 7 Car -1 -1 -1.9204 863 157 922 189 1.8796 -2.0262 -5.3801 -1.069 -18.5693 47.7622 -1.5496 5.3923
97 1 Car -1 -1 -1.5747 567 177 618 226 1.5711 -1.6079 -3.2241 -1.7531 0.6659 25.6196 -1.6006 10.9891
97 7 Car -1 -1 -1.9375 871 156 932 189 1.8636 -1.9816 -5.2994 -0.9804 -18.5601 46.2181 -1.5556 8.9135
97 8 Car -1 -1 -1.9156 822 164 865 185 1.7212 -1.6682 -4.6862 -1.0045 -18.6079 57.6519 -1.6034 4.6767
98 1 Car -1 -1 -1.5612 565 176 617 225 1.6113 -1.5925 -3.2418 -1.7177 0.6698 25.5691 -1.5874 10.0909
98 6 Car -1 -1 -10 808 169 839 185 1.7695 -1.6085 -5.0424 -1.3975 -18.7784 68.3154 -10 0
98 7 Car -1 -1 -1.939 878 154 944 187 1.9061 -1.9599 -5.5745 -0.8681 -18.5016 44.6603 -1.5463 6.7426
98 8 Car -1 -1 -1.9298 826 163 873 185 1.7636 -1.652 -5.056 -0.9269 -18.5341 56.102 -1.6107 5.2186
99 1 Car -1 -1 -1.5575 564 175 616 224 1.6173 -1.6283 -3.3677 -1.7092 0.7395 25.6142 -1.5864 10.6061
99 6 Car -1 -1 -10 812 167 846 185 1.7695 -1.6085 -5.0424 -1.3975 -18.7784 68.3154 -10 0
99 7 Car -1 -1 -1.9412 887 151 957 186 1.9161 -1.9512 -5.5551 -0.7836 -18.5227 43.1661 -1.5359 4.8958
100 1 Car -1 -1 -1.5767 563 176 615 225 1.5781 -1.567 -3.2086 -1.6336 0.772 25.4873 -1.607 11.2391
100 6 Car -1 -1 -10 815 168 852 185 1.7695 -1.6085 -5.0424 -1.3975 -18.7784 68.3154 -10 0
100 7 Car -1 -1 -1.9845 897 152 970 188 1.85 -1.9516 -5.1981 -0.8668 -18.4698 41.5161 -1.5659 4.2465
101 1 Car -1 -1 -1.5679 562 178 614 227 1.6235 -1.6427 -3.3828 -1.8084 0.755 25.4649 -1.5976 9.8643
101 6 Car -1 -1 -10 821 170 860 188 1.7695 -1.6085 -5.0424 -1.3975 -18.7784 68.3154 -10 0
101 7 Car -1 -1 -1.9888 908 153 985 189 1.8507 -1.8617 -5.3617 -0.8673 -18.582 40.1513 -1.5554 6.9697
102 1 Car -1 -1 -1.5543 562 179 614 229 1.609 -1.6427 -3.2652 -1.8589 0.8012 25.3585 -1.5859 10.5352
102 6 Car -1 -1 -10 827 170 867 189 1.7695 -1.6085 -5.0424 -1.3975 -18.7784 68.3154 -10 0
102 8 Car -1 -1 -1.9157 850 160 903 188 1.8148 -1.8444 -5.0151 -1.0316 -18.3442 49.8923 -1.5634 5.6653
102 7 Car -1 -1 -2.0369 917 155 1001 190 1.8203 -1.751 -5.2325 -0.8971 -18.3977 38.3875 -1.59 5.4484
103 1 Car -1 -1 -1.567 562 178 614 227 1.5975 -1.5802 -3.2944 -1.8078 0.8174 25.2385 -1.5993 11.7587
103 6 Car -1 -1 -10 835 170 875 189 1.7695 -1.6085 -5.0424 -1.3975 -18.7784 68.3154 -10 0
103 8 Car -1 -1 -1.8901 860 159 911 186 1.7602 -1.6914 -4.8778 -0.8629 -18.3673 48.3113 -1.5268 5.0107
104 1 Car -1 -1 -1.521 562 177 614 226 1.5938 -1.6078 -3.3188 -1.8014 0.7526 25.1856 -1.5509 11.3345
104 6 Car -1 -1 -10 841 169 884 189 1.7695 -1.6085 -5.0424 -1.3975 -18.7784 68.3154 -10 0
104 9 Car -1 -1 -10 533 179 551 195 -1 -1 -1 -1000 -1000 -1000 -10 0
104 7 Car -1 -1 -2.0315 942 154 1038 196 1.9015 -1.9143 -5.5004 -1.0893 -18.4696 35.4282 -1.5509 8.532
104 8 Car -1 -1 -1.9472 867 158 928 186 1.8317 -1.7458 -5.3224 -0.8633 -18.4853 46.7041 -1.5703 7.7866
105 1 Car -1 -1 -1.5802 562 176 614 226 1.5949 -1.6049 -3.3832 -1.709 0.824 25.1726 -1.6129 10.0424
105 6 Car -1 -1 -10 848 168 893 189 1.7695 -1.6085 -5.0424 -1.3975 -18.7784 68.3154 -10 0
105 9 Car -1 -1 -10 530 178 550 195 -1 -1 -1 -1000 -1000 -1000 -10 0
105 7 Car -1 -1 -2.0577 958 150 1064 195 1.913 -1.9726 -5.5793 -0.9926 -18.554 33.7689 -1.5553 9.6624
105 8 Car -1 -1 -1.9596 876 156 938 187 1.7737 -1.793 -5.014 -0.8483 -18.4569 45.1329 -1.5714 5.6661
106 1 Car -1 -1 -1.5565 562 176 615 226 1.5956 -1.558 -3.4614 -1.6931 0.7852 25.0928 -1.5878 9.9069
106 6 Car -1 -1 -10 855 168 904 190 1.7695 -1.6085 -5.0424 -1.3975 -18.7784 68.3154 -10 0
106 9 Car -1 -1 -10 527 178 547 195 -1 -1 -1 -1000 -1000 -1000 -10 0
106 7 Car -1 -1 -2.0636 977 146 1087 195 1.884 -1.9755 -5.3824 -0.9124 -18.5869 32.1685 -1.5396 9.44
106 8 Car -1 -1 -1.9392 888 157 953 191 1.8546 -1.9252 -5.0971 -1.0395 -18.6377 43.5533 -1.5349 9.1614
107 1 Car -1 -1 -1.5364 562 176 615 227 1.6046 -1.616 -3.3935 -1.737 0.7469 24.9364 -1.5664 11.474
107 6 Car -1 -1 -10 865 169 914 189 1.7695 -1.6085 -5.0424 -1.3975 -18.7784 68.3154 -10 0
107 9 Car -1 -1 -10 524 178 546 196 -1 -1 -1 -1000 -1000 -1000 -10 0
107 7 Car -1 -1 -2.0985 994 143 1115 198 1.9129 -2.1117 -5.3026 -0.9846 -18.6207 30.6094 -1.552 7.3454
107 8 Car -1 -1 -1.955 900 156 967 191 1.8153 -1.875 -4.8631 -1.0082 -18.6388 41.82 -1.5357 5.3722
108 1 Car -1 -1 -1.5382 563 176 616 226 1.574 -1.5965 -3.1984 -1.7238 0.7031 24.8511 -1.5665 10.7158
108 6 Car -1 -1 -10 873 169 927 191 1.7695 -1.6085 -5.0424 -1.3975 -18.7784 68.3154 -10 0
108 9 Car -1 -1 -10 521 178 545 197 -1 -1 -1 -1000 -1000 -1000 -10 0
108 7 Car -1 -1 -2.1093 1016 143 1147 196 1.889 -1.9166 -5.3809 -0.8648 -18.65 28.9606 -1.5372 8.4976
108 8 Car -1 -1 -1.9836 912 156 981 191 1.7727 -1.8431 -4.5583 -0.9571 -18.6363 40.24 -1.5499 6.2022
109 1 Car -1 -1 -1.5378 563 175 616 226 1.6015 -1.6098 -3.2589 -1.7416 0.6748 24.8471 -1.565 10.8513
109 6 Car -1 -1 -10 882 169 938 192 1.7695 -1.6085 -5.0424 -1.3975 -18.7784 68.3154 -10 0
109 9 Car -1 -1 -10 517 178 542 198 -1 -1 -1 -1000 -1000 -1000 -10 0
109 7 Car -1 -1 -2.1443 1037 141 1186 201 1.9367 -2.057 -5.4942 -0.9832 -18.7102 27.3482 -1.5443 8.9551
109 8 Car -1 -1 -2.0384 922 156 1001 193 1.8186 -1.8255 -4.8671 -1.0245 -18.7106 38.6801 -1.5878 4.148
110 6 Car -1 -1 -10 893 167 952 191 1.7695 -1.6085 -5.0424 -1.3975 -18.7784 68.3154 -10 0
110 1 Car -1 -1 -1.559 563 175 617 226 1.5794 -1.5686 -3.3075 -1.7125 0.6987 24.7141 -1.5873 10.627
110 9 Car -1 -1 1.779 512 178 539 199 1.6577 -1.5299 -4.2558 -2.1094 6.6604 57.2085 1.6631 4.4109
110 7 Car -1 -1 -2.158 1063 139 1225 203 1.8981 -2.0291 -5.489 -0.9807 -18.7392 25.7839 -1.5295 8.5122
110 8 Car -1 -1 -2.0237 937 154 1022 193 1.8284 -1.9132 -5.0334 -1.0102 -18.8574 37.1373 -1.5538 6.6415
111 6 Car -1 -1 -10 902 166 965 191 1.7695 -1.6085 -5.0424 -1.3975 -18.7784 68.3154 -10 0
111 1 Car -1 -1 -1.5521 563 175 617 227 1.5995 -1.6163 -3.2919 -1.677 0.7141 24.6766 -1.581 9.931
111 9 Car -1 -1 1.6699 507 178 535 201 1.6647 -1.4852 -4.1825 -1.9678 6.7941 53.7457 1.5441 6.4765
111 8 Car -1 -1 -2.0379 948 152 1039 193 1.834 -1.8639 -5.0943 -0.9394 -18.7783 35.6706 -1.5534 7.6235
111 7 Car -1 -1 -2.1825 1095 138 1241 202 1.8609 -1.9218 -5.1114 -0.8904 -18.7746 24.1737 -1.5221 7.4561
112 1 Car -1 -1 -1.5235 564 176 618 227 1.5983 -1.5793 -3.3138 -1.693 0.6128 24.5739 -1.5484 11.2538
112 6 Car -1 -1 -2.009 916 166 982 193 1.6448 -1.4626 -4.2222 -0.9674 -18.6036 39.8301 -1.5721 5.2296
112 9 Car -1 -1 1.7298 501 179 530 204 1.5967 -1.4886 -3.7447 -2.095 6.5583 50.3764 1.6004 7.7658
112 8 Car -1 -1 -2.0501 966 152 1062 195 1.832 -1.863 -4.9868 -0.9767 -18.9002 34.0669 -1.5436 7.6801
113 6 Car -1 -1 -2.0479 929 168 998 195 1.6241 -1.456 -4.1952 -1.1965 -18.6412 38.2897 -1.5949 4.6638
113 1 Car -1 -1 -1.5327 565 178 619 229 1.55 -1.5275 -3.2012 -1.7329 0.6196 24.5179 -1.5579 10.962
113 9 Car -1 -1 1.7266 494 181 526 208 1.6138 -1.5686 -3.8365 -2.1756 6.4712 47.3175 1.5907 6.0818
113 8 Car -1 -1 -2.0799 982 153 1085 196 1.8111 -1.7809 -4.9223 -0.9827 -18.8475 32.4555 -1.5537 8.901
114 6 Car -1 -1 -2.0503 942 169 1016 196 1.6033 -1.475 -4.1559 -1.1305 -18.7492 36.8565 -1.5797 5.9741
114 9 Car -1 -1 1.723 485 181 521 210 1.6438 -1.5822 -3.7744 -2.195 6.5374 43.8443 1.575 6.8544
114 1 Car -1 -1 -1.5487 565 178 620 230 1.5586 -1.5675 -3.1413 -1.7866 0.5823 24.4113 -1.5725 11.6766
114 10 Car -1 -1 -10 536 180 556 195 -1 -1 -1 -1000 -1000 -1000 -10 0
114 8 Car -1 -1 -2.1024 999 152 1115 201 1.8482 -1.9252 -5.162 -1.1203 -18.9245 30.9304 -1.5534 7.7877
115 1 Car -1 -1 -1.5656 565 175 620 227 1.5851 -1.5959 -3.2022 -1.6655 0.5764 24.3084 -1.5893 10.555
115 9 Car -1 -1 1.7447 475 180 515 210 1.6446 -1.563 -3.863 -1.9848 6.3699 40.6946 1.5894 7.2098
115 6 Car -1 -1 -2.0859 956 166 1037 195 1.6238 -1.4546 -4.1122 -1.0306 -18.792 35.111 -1.5945 6.271
115 10 Car -1 -1 -10 533 177 554 193 -1 -1 -1 -1000 -1000 -1000 -10 0
115 8 Car -1 -1 -2.111 1022 150 1145 201 1.846 -1.8878 -5.0366 -1.0674 -19.0094 29.3174 -1.5357 8.2535
116 9 Car -1 -1 1.7034 465 178 508 211 1.6665 -1.5825 -4.0074 -1.8721 6.4231 37.6743 1.5346 7.8567
116 1 Car -1 -1 -1.5602 566 174 620 226 1.5895 -1.5214 -3.3252 -1.6004 0.5723 24.3342 -1.5837 11.6699
116 6 Car -1 -1 -2.085 973 162 1057 194 1.6271 -1.4447 -4.2774 -0.9889 -18.8018 33.6402 -1.5754 6.7666
116 10 Car -1 -1 -10 530 176 553 192 -1 -1 -1 -1000 -1000 -1000 -10 0
116 8 Car -1 -1 -2.1625 1042 145 1178 197 1.824 -1.8204 -4.9586 -0.8715 -19.0298 27.8251 -1.5627 9.3707
117 6 Car -1 -1 -2.1119 990 160 1081 192 1.6438 -1.4313 -4.2219 -0.7746 -18.8145 32.0767 -1.5814 8.0454
117 9 Car -1 -1 1.7571 451 180 501 216 1.625 -1.5615 -3.7454 -1.9318 6.282 34.1677 1.5752 9.4553
117 1 Car -1 -1 -1.548 567 174 621 226 1.6018 -1.5744 -3.4431 -1.6176 0.5512 24.3012 -1.5707 11.1568
117 10 Car -1 -1 -10 527 176 550 193 -1 -1 -1 -1000 -1000 -1000 -10 0
117 8 Car -1 -1 -2.1794 1069 137 1207 190 1.7286 -1.7391 -4.564 -0.5789 -19.0014 26.3099 -1.5539 6.2033
118 1 Car -1 -1 -1.5517 567 176 622 228 1.6045 -1.6314 -3.2475 -1.7018 0.5323 24.1907 -1.5737 11.2181
118 6 Car -1 -1 -2.1436 1009 160 1110 195 1.646 -1.454 -4.1666 -0.8616 -18.8753 30.6043 -1.5909 5.6687
118 9 Car -1 -1 1.7375 435 183 491 225 1.6199 -1.5545 -3.8488 -2.0231 6.2545 31.0123 1.5385 9.8569
118 10 Car -1 -1 -10 524 179 548 197 -1 -1 -1 -1000 -1000 -1000 -10 0
118 8 Car -1 -1 -2.2003 1092 139 1241 202 1.8455 -1.9223 -5.0618 -0.9121 -18.9627 24.6058 -1.5437 7.4164
119 1 Car -1 -1 -1.5225 568 179 622 232 1.583 -1.543 -3.2969 -1.7658 0.4458 24.1134 -1.541 11.1497
119 9 Car -1 -1 1.7812 415 187 479 233 1.61 -1.5967 -3.6372 -2.1796 6.2438 27.6786 1.5593 9.8026
119 6 Car -1 -1 -2.1577 1026 167 1140 203 1.671 -1.4896 -4.3791 -1.1798 -18.9441 28.9831 -1.5788 5.4073
119 10 Car -1 -1 -10 520 183 546 202 -1 -1 -1 -1000 -1000 -1000 -10 0
119 8 Car -1 -1 -2.2429 1124 143 1241 208 1.776 -1.8858 -4.5776 -1.0461 -18.9819 23.1939 -1.557 5.5202
120 1 Car -1 -1 -1.5604 568 179 622 233 1.5908 -1.6002 -3.3008 -1.8304 0.5014 24.0549 -1.5813 10.7814
120 9 Car -1 -1 1.8283 386 187 462 241 1.5822 -1.6101 -3.5783 -2.1419 6.2471 24.3617 1.5773 11.6334
120 10 Car -1 -1 -10 515 183 542 203 -1 -1 -1 -1000 -1000 -1000 -10 0
120 6 Car -1 -1 -2.1812 1050 165 1166 205 1.6112 -1.5099 -4.0737 -1.3192 -18.8888 27.278 -1.5755 4.7008
120 8 Car -1 -1 -2.2553 1161 144 1241 210 1.7527 -1.7901 -4.3854 -1.013 -19.0612 21.7477 -1.5357 4.417
121 6 Car -1 -1 -2.2271 1074 165 1207 206 1.6358 -1.4275 -4.1869 -1.1368 -18.9281 25.8428 -1.595 9.6698
121 1 Car -1 -1 -1.5674 568 174 623 227 1.5799 -1.5669 -3.287 -1.6121 0.5069 23.9897 -1.5885 11.9236
121 9 Car -1 -1 1.8487 348 183 442 246 1.6081 -1.6173 -3.5682 -1.9318 6.2497 21.1899 1.5619 12.2184
121 10 Car -1 -1 1.7239 508 178 538 200 1.6396 -1.4838 -4.0076 -1.9292 6.1948 51.32 1.6037 4.7624
121 8 Car -1 -1 -2.284 1184 146 1241 212 1.6864 -1.6897 -4.3245 -1.0243 -18.9126 20.6252 -1.5419 4.5563
122 6 Car -1 -1 -2.2581 1103 161 1241 206 1.6627 -1.4515 -4.4544 -1.0742 -18.9588 24.3599 -1.5968 9.9634
122 1 Car -1 -1 -1.5719 568 171 623 225 1.5667 -1.5681 -3.218 -1.484 0.5396 23.9244 -1.5944 10.2789
122 9 Car -1 -1 1.9093 295 181 412 256 1.5829 -1.6512 -3.6532 -1.8894 6.2205 17.9913 1.5764 13.3453
122 10 Car -1 -1 1.7247 501 176 535 199 1.6238 -1.5734 -4.0774 -1.7498 6.0473 48.2604 1.6001 5.3477
123 9 Car -1 -1 1.9645 218 185 372 280 1.5852 -1.5329 -3.7658 -1.9296 6.2225 14.7084 1.5643 11.5646
123 1 Car -1 -1 -1.5543 568 171 623 225 1.5767 -1.5722 -3.2574 -1.5204 0.4832 23.8711 -1.5745 10.3993
123 6 Car -1 -1 -2.2692 1134 157 1241 204 1.6761 -1.5704 -4.2273 -1.0715 -18.9598 22.9864 -1.5795 7.9589
123 10 Car -1 -1 1.7563 494 176 530 201 1.6591 -1.4863 -4.1972 -1.7101 6.0878 44.9779 1.6218 7.7479
124 9 Car -1 -1 2.0573 83 191 315 320 1.5813 -1.6861 -3.4973 -1.976 6.1976 11.5768 1.5658 12.1524
124 1 Car -1 -1 -1.5335 569 171 623 224 1.6224 -1.6184 -3.3376 -1.5612 0.4689 23.7795 -1.5532 10.8915
124 10 Car -1 -1 1.7309 485 178 525 204 1.6901 -1.5144 -4.185 -1.8359 6.1172 42.0088 1.5863 8.3923
124 6 Car -1 -1 -2.3176 1167 152 1243 201 1.6732 -1.5616 -4.1151 -0.9461 -18.9732 21.4218 -1.5928 5.5302
124 8 Car -1 -1 -2.2553 1119 153 1241 208 1.6121 -1.4897 -4.0299 -0.9754 -17.394 21.546 -1.5761 5.8593
125 9 Car -1 -1 2.2075 3 199 228 372 1.6067 -1.5274 -3.7533 -1.9689 6.2142 8.4368 1.5727 10.5602
125 1 Car -1 -1 -1.551 569 173 624 227 1.587 -1.5684 -3.3144 -1.546 0.4549 23.7825 -1.5701 11.9901
125 10 Car -1 -1 1.7401 474 181 518 211 1.7021 -1.6289 -4.2178 -1.9061 6.0859 38.6632 1.584 8.5109
126 10 Car -1 -1 1.769 462 184 511 217 1.6786 -1.5832 -4.2454 -2.1098 6.0433 35.8879 1.6022 9.496
126 1 Car -1 -1 -1.5815 568 175 624 229 1.5955 -1.5841 -3.3698 -1.6248 0.4454 23.7349 -1.6002 11.5551
126 11 Car -1 -1 -10 636 175 654 191 -1 -1 -1 -1000 -1000 -1000 -10 0
127 10 Car -1 -1 1.7664 446 187 502 222 1.6152 -1.4651 -4.0641 -2.1221 6.1404 32.5635 1.58 9.739
127 1 Car -1 -1 -1.5497 569 177 625 231 1.5698 -1.4986 -3.3658 -1.7071 0.451 23.6457 -1.5688 11.3843
128 10 Car -1 -1 1.7785 428 188 491 227 1.6938 -1.5746 -4.2784 -2.107 6.1154 29.6043 1.5748 9.1029
128 1 Car -1 -1 -1.5546 569 177 624 231 1.6102 -1.5764 -3.3743 -1.7276 0.4466 23.513 -1.5736 10.9127
129 1 Car -1 -1 -1.5513 568 176 624 230 1.5565 -1.5709 -3.2686 -1.6782 0.4819 23.4711 -1.5718 10.996
129 10 Car -1 -1 1.8261 404 187 479 233 1.6843 -1.5374 -4.3442 -2.0686 6.1354 26.4549 1.5983 10.2054
129 11 Car -1 -1 -10 637 176 656 193 -1 -1 -1 -1000 -1000 -1000 -10 0
130 1 Car -1 -1 -1.5432 568 175 624 229 1.59 -1.6132 -3.2785 -1.6091 0.4666 23.382 -1.5632 11.0254
130 10 Car -1 -1 1.8356 374 188 461 242 1.7114 -1.633 -4.3254 -2.0307 6.1936 23.24 1.5751 11.7157
130 11 Car -1 -1 -10 638 174 657 191 -1 -1 -1 -1000 -1000 -1000 -10 0
131 10 Car -1 -1 1.8767 333 189 439 253 1.6686 -1.5302 -4.3392 -2.0192 6.1966 20.2056 1.5791 13.2955
131 1 Car -1 -1 -1.5404 568 175 623 228 1.5778 -1.5604 -3.2397 -1.5904 0.4595 23.3536 -1.5601 11.606
131 11 Car -1 -1 -10 638 174 658 191 -1 -1 -1 -1000 -1000 -1000 -10 0
132 10 Car -1 -1 1.9189 270 194 411 272 1.7348 -1.5543 -4.7884 -2.0386 6.217 17.1146 1.5705 12.5265
132 1 Car -1 -1 -1.5684 567 175 623 230 1.5919 -1.6017 -3.2647 -1.6388 0.4771 23.2676 -1.5889 10.7516
132 11 Car -1 -1 -10 639 176 660 193 -1 -1 -1 -1000 -1000 -1000 -10 0
132 12 Car -1 -1 -10 811 162 844 183 -1 -1 -1 -1000 -1000 -1000 -10 0
133 10 Car -1 -1 1.9757 184 197 371 299 1.7037 -1.5715 -4.5414 -2.0841 6.2264 14.0793 1.5593 13.7042
133 1 Car -1 -1 -1.55 567 176 623 231 1.56 -1.5552 -3.3099 -1.639 0.5046 23.247 -1.5717 10.625
133 12 Car -1 -1 -10 816 163 852 185 -1 -1 -1 -1000 -1000 -1000 -10 0
133 11 Car -1 -1 -10 640 177 661 194 -1 -1 -1 -1000 -1000 -1000 -10 0
134 1 Car -1 -1 -1.5313 566 179 623 233 1.5847 -1.5497 -3.2955 -1.7357 0.4819 23.1466 -1.5521 11.1923
134 10 Car -1 -1 2.0937 33 208 316 341 1.6887 -1.494 -4.5515 -2.1082 6.237 11.0792 1.581 13.705
134 11 Car -1 -1 -10 640 179 662 197 -1 -1 -1 -1000 -1000 -1000 -10 0
134 12 Car -1 -1 -10 821 166 857 187 -1 -1 -1 -1000 -1000 -1000 -10 0
134 13 Car -1 -1 -10 804 171 836 187 -1 -1 -1 -1000 -1000 -1000 -10 0
135 1 Car -1 -1 -1.5483 566 181 622 235 1.5797 -1.5921 -3.3036 -1.7883 0.497 23.0515 -1.5698 10.6406
135 10 Car -1 -1 2.2289 2 214 226 373 1.6887 -1.559 -4.3641 -2.1032 6.2663 8.1228 1.5718 11.3886
135 11 Car -1 -1 -10 640 181 663 200 -1 -1 -1 -1000 -1000 -1000 -10 0
135 12 Car -1 -1 -10 826 167 862 190 -1 -1 -1 -1000 -1000 -1000 -10 0
135 13 Car -1 -1 -10 808 174 841 190 -1 -1 -1 -1000 -1000 -1000 -10 0
136 1 Car -1 -1 -1.5336 566 180 623 235 1.5874 -1.5992 -3.4235 -1.8271 0.4595 23.061 -1.5535 10.0381
136 11 Car -1 -1 -10 642 181 665 201 -1 -1 -1 -1000 -1000 -1000 -10 0
136 13 Car -1 -1 -10 813 175 846 192 -1 -1 -1 -1000 -1000 -1000 -10 0
136 12 Car -1 -1 -10 832 169 871 191 -1 -1 -1 -1000 -1000 -1000 -10 0
136 10 Car -1 -1 2.4618 0 220 88 374 1.6486 -1.5226 -4.4814 -2.0038 6.1614 5.0484 1.5774 5.4401
137 1 Car -1 -1 -1.5453 567 179 623 233 1.6212 -1.6607 -3.3212 -1.7902 0.4708 23.0348 -1.5657 12.6014
137 12 Car -1 -1 -10 839 168 877 191 -1 -1 -1 -1000 -1000 -1000 -10 0
137 11 Car -1 -1 -10 643 180 667 200 -1 -1 -1 -1000 -1000 -1000 -10 0
137 13 Car -1 -1 -10 817 173 853 190 -1 -1 -1 -1000 -1000 -1000 -10 0
138 1 Car -1 -1 -1.559 568 177 624 232 1.5983 -1.6061 -3.3877 -1.7525 0.4447 22.889 -1.5784 11.1623
138 12 Car -1 -1 -10 844 166 885 191 -1 -1 -1 -1000 -1000 -1000 -10 0
138 11 Car -1 -1 -10 645 178 670 199 -1 -1 -1 -1000 -1000 -1000 -10 0
138 13 Car -1 -1 -10 823 172 861 190 -1 -1 -1 -1000 -1000 -1000 -10 0
139 1 Car -1 -1 -1.5422 568 175 626 230 1.5895 -1.5746 -3.2652 -1.6078 0.3794 22.7631 -1.5588 11.1811
139 11 Car -1 -1 -10 646 176 672 197 -1 -1 -1 -1000 -1000 -1000 -10 0
139 13 Car -1 -1 -10 830 170 867 189 -1 -1 -1 -1000 -1000 -1000 -10 0
139 12 Car -1 -1 -10 852 166 893 189 -1 -1 -1 -1000 -1000 -1000 -10 0
140 12 Car -1 -1 -10 859 162 905 189 -1 -1 -1 -1000 -1000 -1000 -10 0
140 1 Car -1 -1 -1.5453 570 173 627 228 1.5714 -1.5623 -3.2949 -1.594 0.3947 22.72 -1.5627 10.6173
140 11 Car -1 -1 -10 649 174 675 196 -1 -1 -1 -1000 -1000 -1000 -10 0
140 13 Car -1 -1 -10 836 167 875 187 -1 -1 -1 -1000 -1000 -1000 -10 0
141 1 Car -1 -1 -1.53 571 174 628 229 1.5871 -1.53 -3.2902 -1.5803 0.2846 22.6718 -1.5425 11.0543
141 12 Car -1 -1 -1.893 868 160 916 188 1.5867 -1.4994 -3.7551 -0.9674 -19.0075 49.3704 -1.5254 6.1193
141 11 Car -1 -1 -10 651 174 678 197 -1 -1 -1 -1000 -1000 -1000 -10 0
141 13 Car -1 -1 -10 843 167 884 186 -1 -1 -1 -1000 -1000 -1000 -10 0
142 12 Car -1 -1 -1.9352 878 160 926 189 1.5864 -1.4801 -3.7506 -0.9808 -19.0373 47.7521 -1.5558 5.0402
142 1 Car -1 -1 -1.5539 573 175 630 231 1.6055 -1.6028 -3.2778 -1.6214 0.2882 22.6731 -1.5667 10.6714
142 11 Car -1 -1 -10 653 175 681 199 -1 -1 -1 -1000 -1000 -1000 -10 0
142 13 Car -1 -1 -10 849 167 892 187 -1 -1 -1 -1000 -1000 -1000 -10 0
143 12 Car -1 -1 -1.9248 887 161 935 190 1.6475 -1.5798 -3.9726 -1.0484 -19.2469 46.329 -1.5311 6.0761
143 1 Car -1 -1 -1.5646 574 175 632 232 1.6096 -1.6369 -3.2609 -1.665 0.233 22.6354 -1.5749 10.4101
143 13 Car -1 -1 -10 857 168 901 189 -1 -1 -1 -1000 -1000 -1000 -10 0
143 11 Car -1 -1 -1.717 655 176 685 202 1.6217 -1.5353 -3.8181 -1.586 -3.4536 43.8371 -1.6384 4.3491
144 12 Car -1 -1 -1.9389 896 161 948 191 1.6656 -1.6166 -3.8692 -1.1311 -19.3827 44.9117 -1.5314 4.89
144 13 Car -1 -1 -10 864 169 912 190 -1 -1 -1 -1000 -1000 -1000 -10 0
144 1 Car -1 -1 -1.5342 576 176 634 232 1.5624 -1.5705 -3.1796 -1.6836 0.1543 22.5527 -1.541 10.3134
144 11 Car -1 -1 -1.7167 657 177 688 203 1.6373 -1.5675 -3.8851 -1.7349 -3.4549 42.4129 -1.6354 4.7223
145 12 Car -1 -1 -1.9871 906 162 961 193 1.6329 -1.5995 -3.7148 -1.2199 -19.144 43.2392 -1.5703 5.8591
145 13 Car -1 -1 -10 872 169 922 192 -1 -1 -1 -1000 -1000 -1000 -10 0
145 1 Car -1 -1 -1.5039 578 176 636 232 1.5833 -1.5717 -3.2718 -1.6837 0.0742 22.4555 -1.5072 10.6053
145 11 Car -1 -1 -10 659 178 692 205 1.6373 -1.5675 -3.8851 -1.7349 -3.4549 42.4129 -10 0
146 12 Car -1 -1 -1.9688 916 161 976 194 1.6183 -1.6194 -3.6835 -1.239 -19.2798 41.741 -1.5361 6.3971
146 1 Car -1 -1 -1.5092 579 176 637 233 1.614 -1.5874 -3.3595 -1.7161 0.0573 22.4035 -1.5118 10.9641
146 11 Car -1 -1 -1.6943 661 179 696 206 1.6206 -1.5698 -3.6886 -1.7345 -3.5782 39.4223 -1.6038 5.814
146 13 Car -1 -1 -10 880 169 932 192 -1 -1 -1 -1000 -1000 -1000 -10 0
147 12 Car -1 -1 -10 925 162 988 195 1.6183 -1.6194 -3.6835 -1.239 -19.2798 41.741 -10 0
147 13 Car -1 -1 -10 890 171 943 194 -1 -1 -1 -1000 -1000 -1000 -10 0
147 1 Car -1 -1 -1.5404 580 177 639 234 1.6 -1.5555 -3.3047 -1.7035 -0.018 22.3705 -1.5396 11.3612
147 11 Car -1 -1 -1.6628 663 179 699 207 1.5872 -1.4377 -3.6554 -1.7712 -3.6937 38.1339 -1.5662 5.2659
148 13 Car -1 -1 -10 899 171 955 195 -1 -1 -1 -1000 -1000 -1000 -10 0
148 11 Car -1 -1 -1.6048 665 178 704 208 1.6142 -1.5265 -3.7449 -1.6962 -3.7955 36.5638 -1.5014 5.5919
148 12 Car -1 -1 -10 940 163 1000 196 1.6183 -1.6194 -3.6835 -1.239 -19.2798 41.741 -10 0
148 1 Car -1 -1 -1.5476 581 177 640 233 1.5763 -1.5888 -3.3565 -1.7165 0.0209 22.3359 -1.5486 9.5257
149 13 Car -1 -1 -10 907 172 968 197 -1 -1 -1 -1000 -1000 -1000 -10 0
149 12 Car -1 -1 -2.0279 952 163 1019 199 1.6726 -1.7927 -3.639 -1.3785 -19.4222 37.5073 -1.5501 8.3091
149 11 Car -1 -1 -1.7326 668 180 707 211 1.5794 -1.4285 -3.5578 -1.7718 -3.6394 35.0138 -1.629 5.1326
149 1 Car -1 -1 -1.5541 583 177 641 234 1.5778 -1.5919 -3.2683 -1.7266 -0.0427 22.3426 -1.5522 11.8553
150 12 Car -1 -1 -2.0303 965 166 1037 205 1.6787 -1.7933 -3.5698 -1.6738 -19.4359 36.0103 -1.5354 7.1848
150 13 Car -1 -1 -2.0214 918 176 980 203 1.6143 -1.453 -4.1586 -1.6636 -19.5449 41.68 -1.5829 5.9947
150 11 Car -1 -1 -10 670 182 712 215 1.5794 -1.4285 -3.5578 -1.7718 -3.6394 35.0138 -10 0
150 1 Car -1 -1 -1.5447 584 180 643 237 1.5521 -1.5515 -3.2498 -1.8094 -0.0836 22.2406 -1.5409 11.6683
151 11 Car -1 -1 -1.7385 672 181 716 215 1.6225 -1.5861 -3.5482 -1.8139 -3.6602 32.1481 -1.6251 5.5613
151 12 Car -1 -1 -2.0502 979 163 1055 203 1.6735 -1.7954 -3.7072 -1.4635 -19.374 34.6635 -1.5405 6.123
151 13 Car -1 -1 -1.9551 928 173 995 200 1.6226 -1.4825 -4.0458 -1.5435 -19.5044 40.2345 -1.5037 4.4429
151 1 Car -1 -1 -1.5509 585 178 643 234 1.6177 -1.6282 -3.4531 -1.7519 -0.132 22.2486 -1.545 10.358
152 13 Car -1 -1 -2.0186 941 168 1010 196 1.6056 -1.4633 -4.0036 -1.1783 -19.3558 38.7525 -1.5554 4.3896
152 11 Car -1 -1 -1.7154 675 177 721 212 1.5529 -1.4096 -3.4544 -1.5981 -3.6583 30.7201 -1.5969 7.7518
152 1 Car -1 -1 -1.5669 586 174 646 231 1.6157 -1.584 -3.344 -1.5954 -0.1741 22.1421 -1.559 11.1089
152 12 Car -1 -1 -2.0717 994 158 1076 201 1.6473 -1.6305 -3.7378 -1.2026 -19.4077 33.1826 -1.5425 8.9166
153 13 Car -1 -1 -10 953 166 1027 195 1.6056 -1.4633 -4.0036 -1.1783 -19.3558 38.7525 -10 0
153 1 Car -1 -1 -1.556 587 173 647 231 1.6101 -1.5781 -3.4911 -1.5987 -0.2155 22.1649 -1.5462 12.4091
153 11 Car -1 -1 -1.7394 679 176 727 214 1.664 -1.6934 -3.6179 -1.5996 -3.632 29.2873 -1.616 6.8006
153 12 Car -1 -1 -2.1018 1010 156 1097 199 1.6614 -1.6497 -3.7077 -1.1401 -19.4513 31.6802 -1.5512 8.2525
154 11 Car -1 -1 -1.7351 683 178 734 217 1.557 -1.4892 -3.3075 -1.6492 -3.6922 27.6942 -1.6025 8.7665
154 13 Car -1 -1 -10 968 165 1046 195 1.6056 -1.4633 -4.0036 -1.1783 -19.3558 38.7525 -10 0
154 1 Car -1 -1 -1.5341 590 175 649 233 1.5673 -1.5298 -3.2838 -1.6424 -0.2642 22.0482 -1.5221 10.5638
154 12 Car -1 -1 -2.1103 1030 154 1123 200 1.6919 -1.7815 -3.6773 -1.0704 -19.465 30.2841 -1.5391 8.7735
155 11 Car -1 -1 -1.7178 686 180 740 221 1.6122 -1.4612 -3.8235 -1.6905 -3.6592 26.5579 -1.5808 8.5655
155 12 Car -1 -1 -2.1409 1049 153 1152 202 1.6823 -1.7481 -3.6877 -1.1843 -19.4233 28.7942 -1.5474 10.5742
155 1 Car -1 -1 -1.5503 591 176 651 234 1.5907 -1.5896 -3.2579 -1.6841 -0.335 21.9373 -1.5351 10.5397
155 13 Car -1 -1 1.0804 978 164 1065 197 1.6721 -1.6444 -4.0374 -1.1979 -19.4366 34.5 1.5935 5.2897
155 14 Car -1 -1 -1.9246 888 167 932 191 1.6086 -1.5765 -3.5247 -1.2091 -20.0185 48.2886 -1.5316 4.9875
156 12 Car -1 -1 -2.1619 1071 152 1183 204 1.7177 -1.8434 -3.8513 -1.1881 -19.4457 27.4442 -1.5454 7.3722
156 11 Car -1 -1 -1.7015 690 180 749 224 1.5761 -1.4163 -3.4856 -1.7012 -3.7332 24.9904 -1.5532 8.7039
156 1 Car -1 -1 -1.5678 592 176 652 235 1.574 -1.5627 -3.2286 -1.7123 -0.3442 21.8863 -1.552 11.8929
156 13 Car -1 -1 -2.098 996 165 1085 198 1.646 -1.532 -3.9987 -1.214 -19.5291 33.0512 -1.5643 8.1344
156 14 Car -1 -1 -2.0719 1011 148 1071 171 1.6097 -1.4756 -4.2705 0.0883 -29.0924 48.8644 -1.5349 4.3118
157 13 Car -1 -1 -2.1301 1010 165 1106 200 1.6268 -1.4344 -4.0859 -1.1897 -19.4941 31.6258 -1.5778 8.8893
157 1 Car -1 -1 -1.5721 594 176 653 234 1.6041 -1.6458 -3.2985 -1.699 -0.4052 21.8687 -1.5536 10.4827
157 12 Car -1 -1 -2.1861 1093 151 1213 206 1.6788 -1.7652 -3.8135 -1.2503 -19.4386 25.9537 -1.5432 9.2667
157 11 Car -1 -1 -1.7039 695 181 758 227 1.5623 -1.4528 -3.4889 -1.685 -3.6696 23.5209 -1.5492 8.8577
158 1 Car -1 -1 -1.5488 595 175 655 233 1.5823 -1.5873 -3.2382 -1.6409 -0.4262 21.8387 -1.5293 10.7742
158 12 Car -1 -1 -2.212 1119 149 1241 208 1.6418 -1.7311 -3.6282 -1.1501 -19.4131 24.4901 -1.5417 10.5631
158 13 Car -1 -1 -2.1419 1025 164 1131 201 1.6322 -1.482 -4.1083 -1.1804 -19.4706 30.2145 -1.5694 7.6569
158 11 Car -1 -1 -1.7583 698 180 768 231 1.5435 -1.4901 -3.1451 -1.6777 -3.6807 21.9443 -1.5921 10.4434
159 1 Car -1 -1 -1.5386 596 175 656 232 1.5756 -1.5589 -3.1731 -1.6361 -0.4947 21.7085 -1.5158 11.0199
159 12 Car -1 -1 -2.2546 1148 148 1240 208 1.6649 -1.7517 -3.8459 -1.133 -19.4316 23.0525 -1.5542 6.9798
159 11 Car -1 -1 -1.768 704 179 781 233 1.5388 -1.4832 -3.2984 -1.6315 -3.6997 20.6265 -1.5906 10.5012
159 13 Car -1 -1 -2.1366 1048 163 1159 200 1.6014 -1.4292 -3.8186 -1.1163 -19.5268 28.6512 -1.5383 6.5039
160 1 Car -1 -1 -1.5562 598 175 658 233 1.5836 -1.5805 -3.3526 -1.627 -0.5003 21.7659 -1.5332 10.7704
160 11 Car -1 -1 -1.7593 709 179 794 239 1.6022 -1.493 -3.7864 -1.6486 -3.6485 19.3687 -1.5731 8.7097
160 13 Car -1 -1 -10 1067 162 1178 201 1.6014 -1.4292 -3.8186 -1.1163 -19.5268 28.6512 -10 0
160 12 Car -1 -1 -2.2764 1177 151 1243 207 1.6478 -1.5765 -3.9876 -1.1073 -19.4332 21.657 -1.5451 6.6498
161 13 Car -1 -1 -2.1991 1088 162 1223 204 1.645 -1.4487 -4.2244 -1.2244 -19.4955 25.951 -1.5548 10.304
161 1 Car -1 -1 -1.5549 600 176 659 235 1.6106 -1.5819 -3.4697 -1.6863 -0.5989 21.7697 -1.5274 10.4471
161 11 Car -1 -1 -1.7732 716 180 809 246 1.5652 -1.4381 -3.5045 -1.6463 -3.634 17.8062 -1.5719 12.1119
162 13 Car -1 -1 -2.2497 1115 162 1242 205 1.6585 -1.4847 -4.1346 -1.2166 -19.5223 24.5591 -1.5781 10.7427
162 1 Car -1 -1 -1.5921 600 177 661 235 1.6223 -1.5897 -3.371 -1.6672 -0.5382 21.6265 -1.5673 10.4773
162 11 Car -1 -1 -1.8063 726 182 828 252 1.5531 -1.5561 -3.4123 -1.7101 -3.6665 16.4228 -1.5867 11.6386
163 1 Car -1 -1 -1.5699 601 176 661 234 1.5797 -1.5726 -3.3265 -1.6287 -0.6236 21.6169 -1.5411 11.5914
163 11 Car -1 -1 -1.8214 734 182 849 260 1.5828 -1.6619 -3.4474 -1.708 -3.619 14.9806 -1.5844 11.3264
163 13 Car -1 -1 -2.2456 1140 162 1241 206 1.6434 -1.5075 -4.0137 -1.1496 -19.521 23.3918 -1.5501 6.3407
164 1 Car -1 -1 -1.5834 601 176 663 235 1.6061 -1.5873 -3.3674 -1.7154 -0.6229 21.545 -1.5544 11.637
164 11 Car -1 -1 -1.8344 743 182 877 271 1.61 -1.6333 -3.5697 -1.66 -3.6308 13.5673 -1.5729 11.5105
164 13 Car -1 -1 -10 1169 159 1242 206 1.6434 -1.5075 -4.0137 -1.1496 -19.521 23.3918 -10 0
165 11 Car -1 -1 -1.8564 756 183 910 285 1.59 -1.5081 -3.653 -1.7337 -3.5736 12.2456 -1.5725 10.3451
165 1 Car -1 -1 -1.5823 602 178 663 237 1.6064 -1.6012 -3.4065 -1.7197 -0.5999 21.5898 -1.5546 10.884
165 13 Car -1 -1 -10 1205 154 1242 210 1.6434 -1.5075 -4.0137 -1.1496 -19.521 23.3918 -10 0
166 11 Car -1 -1 -1.8856 774 187 954 304 1.5767 -1.4646 -3.6341 -1.6901 -3.6118 10.8012 -1.5629 12.4044
166 1 Car -1 -1 -1.5546 601 179 663 237 1.5761 -1.5722 -3.4345 -1.7483 -0.6529 21.4767 -1.5242 12.6531
167 11 Car -1 -1 -1.9313 793 188 1016 325 1.5598 -1.4746 -3.5833 -1.651 -3.5542 9.3346 -1.5675 9.2846
167 1 Car -1 -1 -1.5844 601 179 663 238 1.5984 -1.5526 -3.3206 -1.7594 -0.589 21.3139 -1.5568 10.8038
168 1 Car -1 -1 -1.5522 601 178 663 237 1.6141 -1.5877 -3.3274 -1.6966 -0.6523 21.3159 -1.5216 12.4517
168 11 Car -1 -1 -2.0017 817 184 1106 359 1.5837 -1.497 -3.5066 -1.692 -3.5924 7.867 -1.5733 9.6519
169 11 Car -1 -1 -2.075 854 189 1233 376 1.5668 -1.427 -3.5453 -1.6701 -3.5205 6.5547 -1.5822 9.9959
169 1 Car -1 -1 -1.5735 600 178 663 237 1.5767 -1.6101 -3.2394 -1.718 -0.6004 21.2172 -1.5452 11.8149
170 1 Car -1 -1 -1.5935 601 179 663 238 1.5924 -1.6419 -3.2623 -1.7608 -0.5691 21.1015 -1.5666 11.7125
170 11 Car -1 -1 -2.1582 897 193 1234 375 1.6181 -1.52 -3.8828 -1.6455 -3.4895 5.043 -1.5529 9.0444
171 1 Car -1 -1 -1.5809 601 179 664 240 1.5929 -1.5681 -3.4348 -1.7356 -0.6035 21.1556 -1.5524 10.9518
171 11 Car -1 -1 -2.3001 969 191 1237 375 1.5484 -1.5483 -3.7001 -1.6628 -3.5401 3.7785 -1.5473 5.6301
172 1 Car -1 -1 -1.5667 601 180 664 241 1.5871 -1.5649 -3.2838 -1.8029 -0.654 20.9628 -1.5355 11.2223
172 11 Car -1 -1 -2.4907 1095 210 1239 374 1.5675 -1.4825 -3.8329 -1.6718 -3.5718 2.3171 -1.4953 4.3228
173 1 Car -1 -1 -1.5672 601 180 665 241 1.604 -1.5511 -3.3412 -1.8263 -0.6581 20.9579 -1.5358 11.5186
174 1 Car -1 -1 -1.5548 601 179 665 240 1.5812 -1.6188 -3.3513 -1.7984 -0.6548 20.8676 -1.5234 10.4372
175 1 Car -1 -1 -1.5587 601 179 665 240 1.5897 -1.618 -3.2676 -1.8005 -0.6687 20.7397 -1.5265 11.1143
176 1 Car -1 -1 -1.57 601 178 665 240 1.5471 -1.5307 -3.2029 -1.7409 -0.6079 20.6326 -1.5406 11.7574
177 1 Car -1 -1 -1.58 600 177 665 239 1.578 -1.5517 -3.3408 -1.73 -0.5895 20.5282 -1.5513 11.874
178 1 Car -1 -1 -1.5983 600 177 665 238 1.5818 -1.5676 -3.2903 -1.7097 -0.585 20.46 -1.5697 11.215
179 1 Car -1 -1 -1.57 599 176 664 239 1.6308 -1.6369 -3.4193 -1.723 -0.6306 20.3835 -1.539 10.9509
180 1 Car -1 -1 -1.5707 599 177 665 239 1.5875 -1.5935 -3.2285 -1.7002 -0.5859 20.3092 -1.5418 11.5984
181 1 Car -1 -1 -1.5826 599 176 664 239 1.5956 -1.6069 -3.3999 -1.7157 -0.5188 20.1978 -1.5569 11.7933
182 1 Car -1 -1 -1.5753 598 176 664 238 1.5695 -1.5803 -3.2738 -1.6391 -0.5648 20.1036 -1.5472 11.165
183 1 Car -1 -1 -1.6277 598 173 664 237 1.6149 -1.6157 -3.4244 -1.6284 -0.4748 20.0952 -1.6041 10.8175
184 1 Car -1 -1 -1.584 597 172 664 236 1.6101 -1.6361 -3.2296 -1.5468 -0.5321 20.0298 -1.5574 12.2227
185 1 Car -1 -1 -1.57 596 171 664 235 1.573 -1.5346 -3.258 -1.5322 -0.52 19.9254 -1.5439 12.0322
186 1 Car -1 -1 -1.579 596 171 664 237 1.5921 -1.5882 -3.2711 -1.5631 -0.5156 19.8143 -1.553 11.8599
187 1 Car -1 -1 -1.5951 596 171 663 236 1.5814 -1.5649 -3.269 -1.5528 -0.4862 19.7761 -1.5706 12.3924
188 1 Car -1 -1 -1.5684 596 171 664 236 1.6169 -1.6 -3.314 -1.555 -0.5006 19.7262 -1.5431 11.8138
189 1 Car -1 -1 -1.6061 596 171 663 237 1.5746 -1.5706 -3.3455 -1.5554 -0.4676 19.6658 -1.5824 11.2177
190 1 Car -1 -1 -1.5888 596 171 663 236 1.603 -1.6332 -3.3596 -1.5891 -0.5042 19.5677 -1.563 11.1842
191 1 Car -1 -1 -1.5631 596 173 663 239 1.5825 -1.571 -3.3878 -1.5877 -0.4958 19.5588 -1.5377 11.3647
192 1 Car -1 -1 -1.5614 595 174 664 240 1.6144 -1.5854 -3.4075 -1.6519 -0.5057 19.6073 -1.5356 12.1061
193 1 Car -1 -1 -1.5742 596 176 664 241 1.6337 -1.6509 -3.4642 -1.7697 -0.535 19.5909 -1.5469 11.3514
194 1 Car -1 -1 -1.59 596 175 664 240 1.5976 -1.6321 -3.2152 -1.684 -0.4963 19.5364 -1.5646 11.17
195 1 Car -1 -1 -1.5821 596 175 664 241 1.5913 -1.5801 -3.3838 -1.6769 -0.4978 19.5654 -1.5566 12.9486
196 1 Car -1 -1 -1.5903 596 175 664 240 1.5862 -1.5934 -3.273 -1.6567 -0.508 19.5632 -1.5644 11.1763
197 1 Car -1 -1 -1.5741 596 175 664 241 1.5906 -1.6263 -3.3097 -1.6759 -0.5038 19.5644 -1.5484 10.9812
198 1 Car -1 -1 -1.566 596 174 664 240 1.563 -1.5364 -3.3289 -1.6362 -0.5041 19.6139 -1.5403 11.404
199 1 Car -1 -1 -1.573 597 174 664 239 1.5949 -1.5942 -3.2687 -1.637 -0.5064 19.5194 -1.5471 12.7015
200 1 Car -1 -1 -1.5697 597 173 664 238 1.5823 -1.6144 -3.3213 -1.6084 -0.5247 19.5372 -1.5428 12.115
201 1 Car -1 -1 -1.5606 597 174 664 239 1.6097 -1.6193 -3.2825 -1.6575 -0.5589 19.5601 -1.532 11.3247
202 1 Car -1 -1 -1.562 597 174 664 239 1.588 -1.5601 -3.4016 -1.6371 -0.5285 19.6226 -1.5351 11.0616
203 1 Car -1 -1 -1.5671 597 175 664 239 1.582 -1.6269 -3.1572 -1.6848 -0.5434 19.6328 -1.5394 12.0902
204 1 Car -1 -1 -1.5593 596 175 664 240 1.6004 -1.5905 -3.3643 -1.6756 -0.5483 19.7335 -1.5315 11.5944
205 1 Car -1 -1 -1.5763 597 176 664 240 1.6043 -1.6571 -3.1879 -1.7525 -0.5224 19.6915 -1.5497 8.4893
206 1 Car -1 -1 -1.562 597 176 664 240 1.5692 -1.5695 -3.3314 -1.7069 -0.519 19.7546 -1.5357 11.7188
207 1 Car -1 -1 -1.5685 597 176 664 240 1.612 -1.6052 -3.3998 -1.6434 -0.4846 19.7697 -1.544 11.3654
208 1 Car -1 -1 -1.5796 596 175 663 240 1.5773 -1.5651 -3.3222 -1.6678 -0.529 19.7987 -1.5529 11.9689
209 1 Car -1 -1 -1.5735 596 175 663 240 1.6033 -1.6077 -3.3396 -1.6671 -0.5133 19.9117 -1.5478 12.0218
210 1 Car -1 -1 -1.5875 595 176 662 240 1.5899 -1.5913 -3.3039 -1.6979 -0.4595 19.8827 -1.5644 11.7577
211 1 Car -1 -1 -1.582 594 175 660 239 1.6071 -1.6015 -3.2518 -1.6594 -0.4165 19.9209 -1.5611 10.4868
212 1 Car -1 -1 -1.5588 592 175 658 238 1.5693 -1.598 -3.1473 -1.6618 -0.3952 19.9609 -1.539 11.2311
213 1 Car -1 -1 -1.5574 591 175 657 238 1.5641 -1.5681 -3.2825 -1.6338 -0.3616 20.0011 -1.5393 10.5748
214 1 Car -1 -1 -1.5618 589 176 655 239 1.5915 -1.5621 -3.3796 -1.6702 -0.3019 20.109 -1.5468 11.9384
215 1 Car -1 -1 -1.5624 588 176 653 239 1.582 -1.5947 -3.1599 -1.6867 -0.2447 20.0808 -1.5502 11.5066
216 1 Car -1 -1 -1.5838 587 175 650 238 1.5944 -1.6092 -3.3225 -1.6841 -0.1746 20.274 -1.5751 11.885
217 1 Car -1 -1 -1.5455 585 175 650 237 1.562 -1.5752 -3.1667 -1.6536 -0.1756 20.3229 -1.5368 11.1247
218 1 Car -1 -1 -1.5764 584 175 648 237 1.5788 -1.574 -3.2523 -1.6417 -0.1419 20.3557 -1.5695 11.5332
219 1 Car -1 -1 -1.5646 583 175 647 238 1.619 -1.5832 -3.3872 -1.7067 -0.0925 20.5022 -1.5601 12.3352
220 1 Car -1 -1 -1.5633 583 176 646 238 1.5809 -1.6066 -3.2267 -1.6904 -0.1005 20.6271 -1.5584 12.5458
221 1 Car -1 -1 -1.5461 582 176 645 237 1.5919 -1.5946 -3.3387 -1.6523 -0.0881 20.7484 -1.5419 11.0475
222 1 Car -1 -1 -1.5406 582 176 645 236 1.5867 -1.6263 -3.2937 -1.6745 -0.087 20.8518 -1.5364 12.6069
223 1 Car -1 -1 -1.5615 582 177 644 237 1.6024 -1.6197 -3.2831 -1.7298 -0.0462 20.8981 -1.5593 10.6941
224 1 Car -1 -1 -1.5647 582 177 644 237 1.5878 -1.5596 -3.4332 -1.7352 -0.038 21.0485 -1.5629 11.7723
225 1 Car -1 -1 -1.5437 582 177 643 237 1.5835 -1.6075 -3.2556 -1.7297 -0.0263 21.1461 -1.5424 11.9113
226 1 Car -1 -1 -1.5348 581 177 642 237 1.612 -1.6039 -3.3227 -1.7022 -0.0494 21.2567 -1.5325 11.1537
227 1 Car -1 -1 -1.5436 580 177 642 237 1.602 -1.5772 -3.2708 -1.7223 -0.047 21.3542 -1.5414 10.7208
228 1 Car -1 -1 -1.5171 579 179 641 238 1.5453 -1.5638 -3.1488 -1.7537 -0.007 21.4754 -1.5167 12.3667
229 1 Car -1 -1 -1.5276 579 179 640 238 1.5938 -1.5854 -3.2917 -1.7985 0.0198 21.6147 -1.5285 11.2206
230 1 Car -1 -1 -1.5535 578 179 640 237 1.545 -1.5876 -3.1854 -1.7985 0.0903 21.6469 -1.5576 11.634
231 1 Car -1 -1 -1.535 578 180 638 237 1.5885 -1.6252 -3.1736 -1.7973 0.0903 21.7889 -1.5391 10.6722
232 1 Car -1 -1 -1.5262 577 179 637 237 1.5935 -1.6265 -3.2637 -1.8141 0.0666 21.9071 -1.5292 11.6394
233 1 Car -1 -1 -1.5337 577 179 637 236 1.5865 -1.5896 -3.2523 -1.801 0.0866 22.0129 -1.5377 11.0314
234 1 Car -1 -1 -1.5227 577 178 636 235 1.571 -1.668 -3.154 -1.7811 0.1085 22.1019 -1.5276 10.888
235 1 Car -1 -1 -1.531 576 179 636 235 1.5959 -1.6075 -3.3608 -1.7035 0.144 22.2543 -1.5375 11.8371
236 1 Car -1 -1 -1.5216 576 178 636 235 1.5822 -1.6352 -3.2282 -1.7384 0.1202 22.308 -1.527 11.3633
237 1 Car -1 -1 -1.5286 576 178 635 235 1.5769 -1.6372 -3.2 -1.7427 0.138 22.4228 -1.5347 11.7558
238 1 Car -1 -1 -1.512 577 177 635 234 1.6026 -1.6024 -3.3087 -1.7431 0.1282 22.5026 -1.5177 11.5347
239 1 Car -1 -1 -1.5245 577 177 636 233 1.5786 -1.5786 -3.3234 -1.7247 0.1425 22.6263 -1.5308 12.5452
240 1 Car -1 -1 -1.5141 577 176 635 232 1.5665 -1.5689 -3.271 -1.7123 0.1103 22.691 -1.5189 12.0274
241 1 Car -1 -1 -1.5336 577 177 636 232 1.5956 -1.603 -3.3738 -1.7306 0.132 22.8096 -1.5394 11.4533
242 1 Car -1 -1 -1.5081 578 177 636 232 1.5715 -1.5648 -3.2652 -1.7228 0.102 22.867 -1.5125 11.4805
243 1 Car -1 -1 -1.5142 578 178 637 232 1.5831 -1.5797 -3.2547 -1.7635 0.0592 22.8844 -1.5168 11.8698
244 1 Car -1 -1 -1.5199 578 176 637 231 1.5527 -1.5869 -3.2429 -1.6895 0.0415 23.0604 -1.5217 11.6025
245 1 Car -1 -1 -1.4972 579 176 637 230 1.5379 -1.5516 -3.2847 -1.6085 0.0357 23.0608 -1.4988 8.8908
246 1 Car -1 -1 -1.4966 580 176 638 230 1.5674 -1.5967 -3.2154 -1.6584 0.0058 23.1308 -1.4969 11.1759
247 1 Car -1 -1 -1.496 580 176 638 230 1.5492 -1.6502 -3.189 -1.6503 -0.0117 23.2008 -1.4955 10.1228
248 1 Car -1 -1 -1.5082 581 176 639 230 1.6002 -1.6222 -3.3712 -1.6733 -0.0216 23.2564 -1.5073 11.1692
249 1 Car -1 -1 -1.5228 582 176 639 230 1.601 -1.6243 -3.1624 -1.6873 -0.0237 23.3072 -1.5218 10.3481
250 1 Car -1 -1 -1.5122 582 176 641 230 1.5845 -1.6049 -3.2386 -1.6607 -0.0693 23.387 -1.5092 11.8061
251 1 Car -1 -1 -1.4985 583 176 641 230 1.5884 -1.6148 -3.1778 -1.6738 -0.086 23.4231 -1.4949 11.1841
252 1 Car -1 -1 -1.4917 584 175 642 228 1.5798 -1.636 -3.19 -1.6762 -0.1709 23.4931 -1.4844 12.2394
253 1 Car -1 -1 -1.4863 586 176 644 230 1.5927 -1.6506 -3.3071 -1.6998 -0.1971 23.5104 -1.4779 12.339
254 1 Car -1 -1 -1.5089 587 177 644 230 1.5735 -1.5415 -3.3927 -1.7256 -0.2167 23.6044 -1.4997 12.0847
255 1 Car -1 -1 -1.512 588 177 645 231 1.5931 -1.5259 -3.3296 -1.7322 -0.2406 23.6005 -1.5018 10.4065
256 1 Car -1 -1 -1.5129 589 177 647 231 1.5656 -1.5264 -3.2703 -1.7225 -0.2776 23.634 -1.5011 11.1743
257 1 Car -1 -1 -1.4967 591 177 648 230 1.5613 -1.6127 -3.2399 -1.7054 -0.3411 23.6647 -1.4822 10.864
258 1 Car -1 -1 -1.5051 592 177 650 230 1.5402 -1.581 -3.098 -1.7241 -0.3812 23.7006 -1.489 11.1318
259 1 Car -1 -1 -1.5038 594 177 651 230 1.5704 -1.5544 -3.2682 -1.7197 -0.4311 23.7277 -1.4857 11.7625
260 1 Car -1 -1 -1.5334 595 177 652 230 1.5891 -1.5944 -3.2579 -1.6991 -0.4566 23.8065 -1.5142 11.3576
260 15 Car -1 -1 -2.3645 1080 196 1241 374 1.6068 -1.4747 -4.016 -1.6589 -4.1854 3.4656 -1.4853 4.1222
261 1 Car -1 -1 -1.56 596 177 653 229 1.5977 -1.5707 -3.2442 -1.7409 -0.4344 23.7676 -1.5417 11.6799
262 1 Car -1 -1 -1.5577 598 176 655 229 1.6041 -1.5456 -3.3291 -1.6901 -0.5173 23.819 -1.536 11.1086
263 1 Car -1 -1 -1.5322 598 176 656 229 1.5604 -1.556 -3.2277 -1.7175 -0.5867 23.788 -1.5076 11.0383
264 1 Car -1 -1 -1.5487 599 177 657 230 1.6107 -1.5985 -3.1839 -1.7401 -0.5683 23.796 -1.5248 10.068
265 1 Car -1 -1 -1.571 601 177 658 230 1.5912 -1.5191 -3.3339 -1.7175 -0.5659 23.8767 -1.5473 11.7108
265 16 Car -1 -1 -10 585 178 606 192 -1 -1 -1 -1000 -1000 -1000 -10 0
266 1 Car -1 -1 -1.5476 601 177 658 230 1.5944 -1.5981 -3.3498 -1.7163 -0.6231 23.8598 -1.5215 11.2923
266 16 Car -1 -1 -10 580 178 602 193 -1 -1 -1 -1000 -1000 -1000 -10 0
266 17 Car -1 -1 -10 603 176 627 193 -1 -1 -1 -1000 -1000 -1000 -10 0
267 1 Car -1 -1 -1.5947 602 177 659 229 1.5965 -1.5808 -3.2242 -1.7435 -0.5996 23.8565 -1.5696 11.2115
267 16 Car -1 -1 -10 574 178 597 193 -1 -1 -1 -1000 -1000 -1000 -10 0
267 17 Car -1 -1 -10 599 177 625 193 -1 -1 -1 -1000 -1000 -1000 -10 0
268 1 Car -1 -1 -1.5278 603 177 660 230 1.5874 -1.5612 -3.3057 -1.7256 -0.7239 23.8854 -1.4975 11.404
268 17 Car -1 -1 -10 594 177 620 195 -1 -1 -1 -1000 -1000 -1000 -10 0
268 16 Car -1 -1 -10 568 179 593 195 -1 -1 -1 -1000 -1000 -1000 -10 0
269 1 Car -1 -1 -1.5636 604 177 660 230 1.6216 -1.6179 -3.4408 -1.7156 -0.7257 23.9401 -1.5332 9.8817
269 17 Car -1 -1 1.6881 590 178 615 195 1.5954 -1.4752 -3.821 -1.8038 0.6358 60.0725 1.6775 6.4199
269 16 Car -1 -1 -10 562 179 588 195 -1 -1 -1 -1000 -1000 -1000 -10 0
270 1 Car -1 -1 -1.5637 605 177 661 230 1.6034 -1.6078 -3.2718 -1.7248 -0.7207 23.9268 -1.5336 11.1262
270 17 Car -1 -1 -10 584 178 611 197 1.5954 -1.4752 -3.821 -1.8038 0.6358 60.0725 -10 0
270 16 Car -1 -1 -10 555 179 582 197 -1 -1 -1 -1000 -1000 -1000 -10 0
271 1 Car -1 -1 -1.5774 605 177 662 230 1.5742 -1.5744 -3.1696 -1.7084 -0.7664 23.8953 -1.5453 10.7418
271 17 Car -1 -1 1.6848 578 178 608 198 1.6752 -1.4945 -4.3059 -1.9089 1.2268 54.2061 1.6622 4.0166
271 16 Car -1 -1 -10 547 179 577 198 -1 -1 -1 -1000 -1000 -1000 -10 0
272 1 Car -1 -1 -1.558 606 177 663 230 1.5896 -1.5791 -3.2991 -1.7007 -0.7786 23.9318 -1.5255 11.6218
272 16 Car -1 -1 -10 539 180 571 200 -1 -1 -1 -1000 -1000 -1000 -10 0
272 17 Car -1 -1 1.7576 571 178 603 200 1.6636 -1.5062 -4.1085 -1.9199 1.687 50.7754 1.7244 4.2793
273 1 Car -1 -1 -1.5522 607 177 663 230 1.593 -1.5526 -3.1544 -1.6969 -0.7733 23.8971 -1.5198 10.5077
273 16 Car -1 -1 -10 530 180 564 201 -1 -1 -1 -1000 -1000 -1000 -10 0
273 17 Car -1 -1 1.722 564 179 597 202 1.5814 -1.4512 -3.5818 -1.8946 1.9895 47.4308 1.6801 6.2881
274 1 Car -1 -1 -1.57 607 177 664 229 1.5886 -1.6178 -3.2895 -1.7256 -0.8061 23.9741 -1.5364 10.8318
274 17 Car -1 -1 1.7133 555 179 592 203 1.6132 -1.4723 -3.7927 -1.8632 2.2443 44.1571 1.6625 7.8962
274 16 Car -1 -1 -10 519 180 558 202 -1 -1 -1 -1000 -1000 -1000 -10 0
275 1 Car -1 -1 -1.5612 608 175 664 229 1.5846 -1.5707 -3.356 -1.6954 -0.8316 23.9864 -1.5265 11.9571
275 17 Car -1 -1 1.7088 547 178 585 205 1.6637 -1.4671 -4.0092 -1.8239 2.4745 41.0696 1.6487 5.8689
275 16 Car -1 -1 -10 510 179 549 204 -1 -1 -1 -1000 -1000 -1000 -10 0
276 16 Car -1 -1 1.813 497 179 541 205 1.6651 -1.533 -4.0897 -1.8285 5.1252 41.5885 1.6904 4.4473
276 1 Car -1 -1 -1.5608 609 175 665 227 1.6101 -1.6017 -3.4263 -1.6287 -0.8605 23.9634 -1.5249 10.8015
276 17 Car -1 -1 1.7247 537 178 579 207 1.5929 -1.5254 -3.8037 -1.7943 2.695 38.0591 1.654 8.8696
277 16 Car -1 -1 1.7927 484 180 530 208 1.589 -1.4524 -3.719 -1.8443 5.3695 38.5817 1.6544 6.4959
277 17 Car -1 -1 1.727 525 178 572 210 1.6158 -1.5143 -3.7643 -1.7174 2.9563 34.816 1.6423 9.8717
277 1 Car -1 -1 -1.5633 610 173 665 226 1.6263 -1.6468 -3.4069 -1.6436 -0.9011 23.9616 -1.5257 10.846
278 16 Car -1 -1 1.8248 469 180 519 212 1.6052 -1.4486 -3.9915 -1.7911 5.574 35.6539 1.6697 7.2319
278 17 Car -1 -1 1.7553 512 178 564 214 1.6138 -1.4708 -3.8252 -1.6861 3.1606 31.6391 1.6558 10.8216
278 1 Car -1 -1 -1.5493 611 174 666 227 1.5794 -1.565 -3.2071 -1.642 -0.9572 23.9131 -1.5093 10.1624
279 17 Car -1 -1 1.7426 495 179 554 219 1.6209 -1.4852 -3.9998 -1.7502 3.3114 28.57 1.6273 10.7215
279 16 Car -1 -1 1.8554 449 182 506 216 1.5815 -1.4722 -3.6611 -1.8089 5.8733 32.2413 1.6752 5.6169
279 1 Car -1 -1 -1.5438 611 174 667 227 1.5977 -1.5965 -3.221 -1.622 -0.9759 23.9607 -1.5031 10.9693
280 16 Car -1 -1 1.8649 427 183 490 220 1.5942 -1.4481 -3.7069 -1.7876 6.0972 29.0953 1.6584 7.8792
280 1 Car -1 -1 -1.5559 612 175 668 227 1.584 -1.635 -3.2439 -1.6716 -0.9654 24.0065 -1.5157 10.3003
280 17 Car -1 -1 1.7653 476 180 542 226 1.617 -1.397 -4.1435 -1.7144 3.4914 25.2665 1.628 12.3795
281 16 Car -1 -1 1.8549 399 183 471 226 1.5795 -1.4351 -3.8299 -1.8447 6.2777 26.1935 1.6197 8.4474
281 1 Car -1 -1 -1.576 613 175 668 227 1.5895 -1.6177 -3.2656 -1.6159 -1.0049 24.0271 -1.5342 10.7388
281 17 Car -1 -1 1.7875 449 182 529 234 1.5898 -1.4344 -3.8191 -1.7758 3.6424 22.1194 1.6243 13.2499
282 17 Car -1 -1 1.8183 416 183 511 247 1.5845 -1.4081 -3.982 -1.7253 3.7612 18.9731 1.6226 13.9522
282 1 Car -1 -1 -1.5517 614 176 669 228 1.5897 -1.6089 -3.3981 -1.668 -1.0034 24.1481 -1.5102 10.9631
282 16 Car -1 -1 1.8806 361 184 451 235 1.6099 -1.4423 -3.8611 -1.8639 6.466 23.0016 1.6065 8.7377
283 17 Car -1 -1 1.8592 366 185 488 262 1.5843 -1.4518 -3.8872 -1.722 3.894 15.7259 1.6164 12.9119
283 1 Car -1 -1 -1.5912 615 175 670 227 1.5998 -1.6207 -3.2641 -1.6921 -1.0604 24.102 -1.5472 11.6988
283 16 Car -1 -1 1.9175 315 185 422 245 1.5948 -1.4499 -3.8563 -1.8357 6.559 19.9822 1.6004 6.7811
284 1 Car -1 -1 -1.5425 615 175 671 227 1.5895 -1.6086 -3.246 -1.6815 -1.1119 24.1695 -1.4965 10.7754
284 17 Car -1 -1 1.9126 290 188 456 289 1.539 -1.3915 -3.5838 -1.7375 3.9658 12.6034 1.6077 14.0304
284 16 Car -1 -1 1.997 249 187 385 257 1.5686 -1.4865 -3.4406 -1.7781 6.76 16.8385 1.6152 7.4729
284 18 Car -1 -1 -2.1971 75 142 162 171 1.6473 -1.4683 -4.2149 0.0538 26.0359 38.2376 -2.7949 5.5325
285 1 Car -1 -1 -1.5687 616 175 672 227 1.599 -1.6237 -3.3036 -1.6508 -1.1011 24.2178 -1.5233 11.6969
285 17 Car -1 -1 2.0073 149 190 400 340 1.5559 -1.4852 -3.4776 -1.7251 4.0476 9.5074 1.6048 13.5609
285 16 Car -1 -1 2.0448 151 188 320 276 1.5879 -1.5245 -3.6093 -1.7915 6.8225 13.8294 1.5865 8.3317
286 17 Car -1 -1 2.156 6 194 314 374 1.5756 -1.4305 -3.9535 -1.7208 4.0909 6.4678 1.592 11.718
286 1 Car -1 -1 -1.5609 617 174 672 226 1.6282 -1.6343 -3.3035 -1.6593 -1.1705 24.3063 -1.5128 11.1163
286 16 Car -1 -1 2.1626 0 192 267 318 1.5742 -1.4406 -3.8516 -1.7816 6.8801 10.7397 1.5928 5.3161
287 1 Car -1 -1 -1.5406 618 175 673 226 1.62 -1.6337 -3.3867 -1.6705 -1.1813 24.3181 -1.4921 10.8931
287 17 Car -1 -1 2.4412 1 199 164 369 1.6003 -1.487 -4.033 -1.6989 4.1587 3.5317 1.5745 10.3955
287 16 Car -1 -1 2.3099 0 198 185 374 1.6154 -1.4197 -4.0413 -1.7843 6.8922 8.1366 1.6071 7.8146
288 1 Car -1 -1 -1.5334 619 175 674 226 1.5858 -1.6175 -3.2392 -1.6481 -1.2525 24.3579 -1.482 10.9845
289 1 Car -1 -1 -1.5535 619 175 674 226 1.6008 -1.6209 -3.1848 -1.6448 -1.2302 24.3702 -1.5031 10.9002
290 1 Car -1 -1 -1.551 619 174 674 226 1.6105 -1.6427 -3.3183 -1.641 -1.234 24.4543 -1.5006 10.4346
291 1 Car -1 -1 -1.5509 619 175 673 226 1.6286 -1.6598 -3.4113 -1.7035 -1.2299 24.5264 -1.5008 10.5897
292 1 Car -1 -1 -1.5734 619 175 673 226 1.6065 -1.5863 -3.4102 -1.6946 -1.2205 24.654 -1.5239 11.2904
293 1 Car -1 -1 -1.5769 619 175 672 226 1.6012 -1.6259 -3.3524 -1.6801 -1.1922 24.7171 -1.5287 11.7198
