0 0 Car -1 -1 1.6383 656 181 688 207 1.714 -1.6894 -4.4207 -2.1965 -4.1679 48.5496 1.724 6.0421
0 1 Car -1 -1 0.1695 460 180 568 216 1.6439 -1.412 -4.4688 -1.8319 4.1151 30.8234 0.0368 12.7438
1 0 Car -1 -1 1.6455 656 180 688 207 1.7233 -1.6954 -4.4854 -2.2002 -4.1833 48.5433 1.7315 5.6215
1 1 Car -1 -1 0.122 472 180 581 217 1.6581 -1.4256 -4.5011 -1.8455 3.6778 30.9023 0.0035 10.6269
2 0 Car -1 -1 1.6344 656 180 687 206 1.7101 -1.6022 -4.7319 -2.1276 -4.1771 48.5923 1.7202 7.707
2 1 Car -1 -1 0.0646 486 180 595 217 1.647 -1.4449 -4.6277 -1.8391 3.0992 30.96 -0.0351 10.9536
3 1 Car -1 -1 0.0033 499 180 606 216 1.6569 -1.4468 -4.7715 -1.8451 2.5888 31.0295 -0.0799 11.0071
3 0 Car -1 -1 1.6508 656 180 687 207 1.7173 -1.6048 -4.6589 -2.1474 -4.2237 48.5142 1.7376 7.3794
4 1 Car -1 -1 -0.04 512 180 616 216 1.6388 -1.4795 -4.5185 -1.8506 2.0933 31.1274 -0.1071 9.4871
4 0 Car -1 -1 -10 656 180 686 206 1.7173 -1.6048 -4.6589 -2.1474 -4.2237 48.5142 -10 0
5 1 Car -1 -1 -0.1007 522 180 630 216 1.6471 -1.501 -4.5233 -1.8546 1.5803 31.2648 -0.1512 7.6611
5 0 Car -1 -1 1.6288 656 180 687 208 1.7037 -1.6089 -4.3398 -2.1678 -4.0757 48.4783 1.7127 4.4283
6 0 Car -1 -1 1.6503 656 181 688 207 1.7595 -1.6723 -4.7325 -2.2098 -4.2077 48.5427 1.7368 7.2863
6 1 Car -1 -1 -0.205 537 180 642 216 1.6339 -1.4816 -4.4529 -1.8317 1.0303 31.4109 -0.2378 9.5743
7 0 Car -1 -1 1.6398 656 181 688 206 1.735 -1.6207 -4.7978 -2.1317 -4.1894 48.5843 1.7258 7.7628
7 1 Car -1 -1 -0.2681 548 180 650 216 1.6158 -1.4407 -4.4366 -1.7768 0.5599 31.5858 -0.2858 10.4366
8 1 Car -1 -1 -0.3236 559 180 660 215 1.6867 -1.4985 -4.5524 -1.7788 0.0881 31.7624 -0.3264 11.296
8 0 Car -1 -1 1.6231 656 180 688 206 1.729 -1.6469 -4.6173 -2.1561 -4.1823 48.5446 1.709 7.179
9 1 Car -1 -1 -0.3772 572 180 669 215 1.6487 -1.4643 -4.2637 -1.77 -0.3749 32.0033 -0.3655 10.5494
9 0 Car -1 -1 1.6363 656 180 689 206 1.6705 -1.5998 -4.0651 -2.0645 -4.3145 48.4227 1.7252 5.035
10 1 Car -1 -1 -0.4343 582 180 682 216 1.6414 -1.4249 -4.2545 -1.7524 -0.9507 32.2829 -0.4049 11.1434
10 0 Car -1 -1 -10 654 180 687 207 1.6705 -1.5998 -4.0651 -2.0645 -4.3145 48.4227 -10 0
11 1 Car -1 -1 -0.5033 594 180 690 215 1.6572 -1.4571 -4.3599 -1.7761 -1.3818 32.5398 -0.4608 11.8763
11 0 Car -1 -1 -10 656 181 689 207 1.6705 -1.5998 -4.0651 -2.0645 -4.3145 48.4227 -10 0
12 1 Car -1 -1 -0.5853 604 180 701 215 1.6493 -1.4954 -4.3062 -1.7876 -1.953 32.8827 -0.526 9.9976
13 1 Car -1 -1 -0.6295 615 180 709 214 1.647 -1.4988 -4.2523 -1.8257 -2.418 33.2181 -0.5568 9.4741
14 1 Car -1 -1 -0.6999 625 180 718 214 1.6379 -1.4313 -4.3996 -1.8001 -2.9012 33.5904 -0.6138 11.4568
15 1 Car -1 -1 -0.7634 635 180 724 214 1.6414 -1.432 -4.3957 -1.773 -3.3917 34.0151 -0.664 11.5638
16 1 Car -1 -1 -0.8112 647 179 733 214 1.5932 -1.4434 -4.0745 -1.7908 -3.8039 34.4125 -0.7011 11.3037
17 1 Car -1 -1 -0.8701 656 179 739 213 1.5841 -1.4214 -4.0989 -1.7819 -4.2484 34.8813 -0.7489 11.1403
17 0 Car -1 -1 -10 652 180 696 206 1.6705 -1.5998 -4.0651 -2.0645 -4.3145 48.4227 -10 0
18 1 Car -1 -1 -0.9394 667 179 744 212 1.6228 -1.4546 -4.1378 -1.7673 -4.7671 35.4902 -0.8059 9.3393
18 0 Car -1 -1 -10 655 180 688 207 1.6705 -1.5998 -4.0651 -2.0645 -4.3145 48.4227 -10 0
19 1 Car -1 -1 -0.9869 678 179 747 211 1.5847 -1.4472 -3.9766 -1.7703 -5.1888 35.9209 -0.8434 9.0394
19 0 Car -1 -1 1.6283 656 180 688 206 1.7405 -1.6689 -4.4457 -2.233 -4.188 48.2903 1.7148 7.2249
20 1 Car -1 -1 -1.0304 687 180 753 211 1.5713 -1.4323 -3.8878 -1.7856 -5.6303 36.4932 -0.8773 8.6035
20 0 Car -1 -1 1.5907 655 180 687 207 1.7703 -1.7608 -4.7777 -2.2298 -4.1714 48.5356 1.6764 7.2472
21 0 Car -1 -1 1.6561 655 180 688 206 1.7224 -1.628 -4.5982 -2.1795 -4.2451 48.5367 1.7433 8.5804
21 1 Car -1 -1 -1.0789 692 180 757 211 1.6247 -1.4592 -4.1481 -1.7958 -6.0942 37.2163 -0.9166 10.1508
22 0 Car -1 -1 1.6372 656 180 688 207 1.7243 -1.6504 -4.5527 -2.1765 -4.3189 48.4931 1.726 7.9982
22 1 Car -1 -1 -1.1365 698 180 764 210 1.643 -1.5373 -4.1244 -1.8785 -6.4187 37.7695 -0.9681 9.6769
23 1 Car -1 -1 -1.19 707 180 765 210 1.6487 -1.5097 -4.1557 -1.9566 -6.8142 38.484 -1.0148 8.9375
23 0 Car -1 -1 1.6678 656 180 688 207 1.7318 -1.6466 -4.6327 -2.1558 -4.3016 48.5859 1.7561 8.3028
24 1 Car -1 -1 -1.2294 712 180 769 209 1.6447 -1.5566 -4.2691 -1.9502 -7.1754 39.1476 -1.0481 9.2657
24 0 Car -1 -1 1.6406 655 180 688 207 1.7429 -1.6833 -4.635 -2.2096 -4.318 48.5095 1.7294 8.4269
25 1 Car -1 -1 -1.2498 718 180 769 208 1.6679 -1.4987 -4.3381 -1.8867 -7.4965 39.8042 -1.0636 6.5842
25 0 Car -1 -1 1.6263 656 180 688 207 1.7125 -1.5836 -4.7024 -2.1518 -4.1998 48.5718 1.7126 7.7057
26 1 Car -1 -1 -1.3172 724 181 772 208 1.6862 -1.4908 -4.513 -1.9264 -7.8694 40.6398 -1.1259 7.1234
26 0 Car -1 -1 1.6057 656 180 688 206 1.7368 -1.6819 -4.6179 -2.2193 -4.2084 48.5092 1.6923 7.9678
27 1 Car -1 -1 -1.3509 728 181 773 207 1.6231 -1.4936 -4.2244 -1.8967 -8.0967 41.2527 -1.1571 8.7129
27 0 Car -1 -1 1.6151 655 180 688 206 1.7464 -1.6863 -4.7669 -2.2141 -4.2592 48.5538 1.7026 7.7406
28 1 Car -1 -1 -1.4006 731 181 775 207 1.6707 -1.551 -4.3683 -1.8954 -8.3896 42.1194 -1.204 6.5543
28 0 Car -1 -1 1.669 655 180 688 207 1.7501 -1.7124 -4.5987 -2.2404 -4.2539 48.5602 1.7564 6.8931
29 0 Car -1 -1 1.6661 655 180 688 207 1.7359 -1.6493 -4.6666 -2.2067 -4.2331 48.5008 1.7532 7.364
29 1 Car -1 -1 -1.3803 734 181 774 207 1.6843 -1.5352 -4.4884 -1.8996 -8.6133 42.8835 -1.1821 7.0952
30 0 Car -1 -1 1.6587 655 180 688 207 1.7364 -1.6666 -4.5863 -2.1831 -4.2174 48.5425 1.7453 8.2313
30 1 Car -1 -1 -1.471 737 181 776 207 1.6235 -1.5267 -4.1602 -1.9291 -8.9474 43.6048 -1.2686 5.6951
31 0 Car -1 -1 1.6482 656 180 688 207 1.7302 -1.6363 -4.7986 -2.2043 -4.2584 48.5507 1.7357 8.1709
31 1 Car -1 -1 -1.4271 739 181 775 207 1.6168 -1.4639 -4.054 -1.9693 -9.1143 44.4357 -1.2248 5.7279
32 0 Car -1 -1 1.6628 656 180 688 207 1.7272 -1.6647 -4.5355 -2.2254 -4.1802 48.5104 1.7487 7.9849
32 1 Car -1 -1 -1.5437 741 181 776 206 1.6411 -1.4838 -4.1349 -2.0026 -9.3784 45.2049 -1.3391 6.7956
33 0 Car -1 -1 1.6484 656 180 688 207 1.771 -1.7673 -4.7566 -2.2399 -4.2573 48.6136 1.7357 6.5316
33 1 Car -1 -1 -1.5484 743 181 775 206 1.6109 -1.4663 -3.9394 -2.0309 -9.5013 46.1014 -1.3452 6.2488
34 0 Car -1 -1 1.6619 656 180 688 207 1.7551 -1.684 -4.8126 -2.2016 -4.3199 48.5984 1.7506 8.5904
34 1 Car -1 -1 -1.531 745 182 776 206 1.612 -1.4631 -4.0565 -2.0126 -9.7117 46.968 -1.3271 6.5697
35 0 Car -1 -1 1.6609 655 180 688 207 1.7164 -1.6493 -4.6811 -2.1912 -4.2428 48.5483 1.7481 6.8192
35 1 Car -1 -1 -1.5738 746 182 776 206 1.6162 -1.4517 -3.9252 -2.0907 -10.0884 47.816 -1.3659 6.6235
36 0 Car -1 -1 1.6563 655 180 688 207 1.7367 -1.6559 -4.6862 -2.2104 -4.1862 48.5588 1.7423 8.1847
36 1 Car -1 -1 -1.5934 747 182 776 205 1.6302 -1.4335 -4.095 -2.0964 -10.2893 48.6077 -1.3848 7.0022
37 0 Car -1 -1 1.6573 655 180 688 207 1.7443 -1.6959 -4.6653 -2.2077 -4.302 48.5024 1.7458 7.5226
37 1 Car -1 -1 -1.484 748 183 777 205 1.6428 -1.4514 -4.2362 -2.1051 -10.5836 49.6261 -1.2739 4.3521
38 0 Car -1 -1 1.6577 656 180 688 207 1.7206 -1.6441 -4.5969 -2.1822 -4.336 48.5215 1.7468 8.4513
38 1 Car -1 -1 -10 749 183 777 204 1.6428 -1.4514 -4.2362 -2.1051 -10.5836 49.6261 -10 0
39 0 Car -1 -1 1.6049 655 180 688 207 1.7286 -1.6333 -4.7165 -2.1647 -4.1814 48.637 1.6906 6.7399
39 1 Car -1 -1 -10 749 183 777 204 1.6428 -1.4514 -4.2362 -2.1051 -10.5836 49.6261 -10 0
40 0 Car -1 -1 1.6449 656 180 688 207 1.7319 -1.6573 -4.6042 -2.1671 -4.2049 48.5244 1.7313 7.1419
40 1 Car -1 -1 -10 749 183 777 204 1.6428 -1.4514 -4.2362 -2.1051 -10.5836 49.6261 -10 0
41 0 Car -1 -1 1.6608 656 180 688 207 1.7409 -1.6868 -4.6705 -2.1886 -4.2134 48.5413 1.7474 6.793
41 1 Car -1 -1 -1.5856 750 183 776 204 1.6184 -1.4679 -4.1812 -2.1175 -11.3067 53.4806 -1.3772 4.3217
42 0 Car -1 -1 1.6264 655 180 688 207 1.7687 -1.7344 -4.7808 -2.2027 -4.2665 48.6147 1.7139 6.9368
42 1 Car -1 -1 -10 750 183 776 203 1.6184 -1.4679 -4.1812 -2.1175 -11.3067 53.4806 -10 0
43 0 Car -1 -1 1.6568 655 180 688 207 1.7494 -1.7372 -4.6473 -2.2398 -4.1905 48.574 1.7429 6.7014
43 1 Car -1 -1 -10 750 184 775 203 1.6184 -1.4679 -4.1812 -2.1175 -11.3067 53.4806 -10 0
44 0 Car -1 -1 1.6443 655 180 688 207 1.7291 -1.6341 -4.6374 -2.2117 -4.2125 48.546 1.7309 7.9456
44 1 Car -1 -1 -10 750 184 775 203 1.6184 -1.4679 -4.1812 -2.1175 -11.3067 53.4806 -10 0
45 0 Car -1 -1 1.6537 655 180 688 207 1.7257 -1.6283 -4.6952 -2.2002 -4.2455 48.5628 1.7409 7.9835
45 1 Car -1 -1 -10 750 184 775 203 1.6184 -1.4679 -4.1812 -2.1175 -11.3067 53.4806 -10 0
46 0 Car -1 -1 1.6525 656 180 688 207 1.769 -1.7233 -4.7364 -2.234 -4.2587 48.4525 1.7402 7.53
46 1 Car -1 -1 -10 750 184 774 202 1.6184 -1.4679 -4.1812 -2.1175 -11.3067 53.4806 -10 0
47 0 Car -1 -1 1.6694 656 180 688 207 1.7299 -1.6915 -4.5369 -2.175 -4.2369 48.5443 1.7564 6.9572
47 1 Car -1 -1 -10 749 184 774 203 1.6184 -1.4679 -4.1812 -2.1175 -11.3067 53.4806 -10 0
48 0 Car -1 -1 1.6503 656 180 688 207 1.7346 -1.6703 -4.6008 -2.215 -4.3301 48.5005 1.7393 8.0585
48 1 Car -1 -1 -10 749 184 773 203 1.6184 -1.4679 -4.1812 -2.1175 -11.3067 53.4806 -10 0
49 0 Car -1 -1 1.6672 656 180 688 207 1.723 -1.6571 -4.6423 -2.1949 -4.2642 48.5713 1.7547 8.0983
49 1 Car -1 -1 -10 748 184 772 202 1.6184 -1.4679 -4.1812 -2.1175 -11.3067 53.4806 -10 0
50 0 Car -1 -1 1.6211 655 180 688 207 1.7325 -1.6327 -4.6951 -2.1847 -4.2354 48.5066 1.7082 6.9702
50 1 Car -1 -1 -10 748 184 772 202 1.6184 -1.4679 -4.1812 -2.1175 -11.3067 53.4806 -10 0
51 0 Car -1 -1 1.6134 655 180 688 207 1.7617 -1.7172 -4.7413 -2.2392 -4.1634 48.4894 1.699 6.6288
51 1 Car -1 -1 -10 748 184 771 202 1.6184 -1.4679 -4.1812 -2.1175 -11.3067 53.4806 -10 0
52 0 Car -1 -1 1.6357 655 180 688 207 1.7311 -1.6359 -4.5814 -2.1626 -4.2737 48.5752 1.7234 7.7397
52 1 Car -1 -1 -10 748 185 770 202 1.6184 -1.4679 -4.1812 -2.1175 -11.3067 53.4806 -10 0
53 0 Car -1 -1 1.6506 655 180 688 207 1.7792 -1.7545 -4.7955 -2.2301 -4.2924 48.676 1.7386 7.2659
53 1 Car -1 -1 -10 748 185 770 201 1.6184 -1.4679 -4.1812 -2.1175 -11.3067 53.4806 -10 0
54 0 Car -1 -1 1.6463 655 180 688 207 1.7471 -1.6427 -4.6824 -2.2093 -4.2146 48.5643 1.7329 8.3888
54 1 Car -1 -1 -10 748 185 769 201 1.6184 -1.4679 -4.1812 -2.1175 -11.3067 53.4806 -10 0
55 0 Car -1 -1 1.6472 656 180 688 207 1.7293 -1.6846 -4.5878 -2.2345 -4.1963 48.5567 1.7334 7.7769
55 1 Car -1 -1 -10 748 185 768 201 1.6184 -1.4679 -4.1812 -2.1175 -11.3067 53.4806 -10 0
56 0 Car -1 -1 1.6522 656 180 688 207 1.7218 -1.6167 -4.644 -2.1609 -4.2026 48.5324 1.7386 8.2274
56 1 Car -1 -1 -10 748 185 768 201 1.6184 -1.4679 -4.1812 -2.1175 -11.3067 53.4806 -10 0
57 0 Car -1 -1 1.6406 656 180 688 207 1.7234 -1.6506 -4.5482 -2.1951 -4.3216 48.4907 1.7295 8.2553
57 1 Car -1 -1 -10 747 185 767 201 1.6184 -1.4679 -4.1812 -2.1175 -11.3067 53.4806 -10 0
58 0 Car -1 -1 1.6548 655 180 688 207 1.7193 -1.6307 -4.6327 -2.2053 -4.2475 48.5464 1.742 8.0278
58 1 Car -1 -1 -10 747 185 766 200 1.6184 -1.4679 -4.1812 -2.1175 -11.3067 53.4806 -10 0
59 0 Car -1 -1 1.6586 656 180 688 207 1.7512 -1.6982 -4.6438 -2.2132 -4.2264 48.5815 1.7453 8.4529
59 1 Car -1 -1 -10 746 184 766 200 1.6184 -1.4679 -4.1812 -2.1175 -11.3067 53.4806 -10 0
60 0 Car -1 -1 1.6507 655 180 688 207 1.7257 -1.6455 -4.5862 -2.1813 -4.1834 48.5208 1.7367 7.9315
60 1 Car -1 -1 -10 747 185 765 200 1.6184 -1.4679 -4.1812 -2.1175 -11.3067 53.4806 -10 0
61 0 Car -1 -1 1.6333 656 180 688 207 1.7277 -1.6652 -4.5341 -2.1769 -4.1889 48.5164 1.7194 8.083
61 1 Car -1 -1 -10 746 185 765 200 1.6184 -1.4679 -4.1812 -2.1175 -11.3067 53.4806 -10 0
62 0 Car -1 -1 1.6458 655 180 688 207 1.735 -1.6732 -4.5963 -2.2117 -4.1837 48.5275 1.7318 7.4765
62 1 Car -1 -1 -10 746 186 765 200 1.6184 -1.4679 -4.1812 -2.1175 -11.3067 53.4806 -10 0
63 0 Car -1 -1 1.6568 655 180 688 207 1.7619 -1.706 -4.7083 -2.2436 -4.2288 48.5454 1.7437 7.9273
63 1 Car -1 -1 -10 745 186 764 200 1.6184 -1.4679 -4.1812 -2.1175 -11.3067 53.4806 -10 0
64 0 Car -1 -1 1.6367 655 180 688 207 1.7226 -1.6755 -4.4763 -2.2037 -4.2952 48.4596 1.7251 6.6845
64 1 Car -1 -1 -10 745 186 763 200 1.6184 -1.4679 -4.1812 -2.1175 -11.3067 53.4806 -10 0
65 0 Car -1 -1 1.6713 656 180 688 207 1.7486 -1.7205 -4.5712 -2.2449 -4.2401 48.5366 1.7584 6.4099
66 0 Car -1 -1 1.654 655 180 688 207 1.7292 -1.6807 -4.5446 -2.1813 -4.3361 48.5039 1.7431 7.4647
67 0 Car -1 -1 1.6607 656 180 688 207 1.7151 -1.6462 -4.5798 -2.1929 -4.1916 48.5511 1.7468 8.0739
68 0 Car -1 -1 1.6778 656 180 688 207 1.7067 -1.5869 -4.4272 -2.1515 -4.3066 48.4619 1.7664 6.1626
69 0 Car -1 -1 1.6623 656 180 688 207 1.7043 -1.621 -4.4646 -2.136 -4.2332 48.5188 1.7493 7.3399
70 0 Car -1 -1 1.666 656 180 688 207 1.74 -1.6693 -4.6774 -2.1857 -4.3012 48.5723 1.7544 8.368
71 0 Car -1 -1 1.6829 656 180 688 207 1.7147 -1.6409 -4.4949 -2.173 -4.3439 48.5063 1.7723 7.8945
72 0 Car -1 -1 1.6659 656 180 688 207 1.7152 -1.6603 -4.4768 -2.1924 -4.3368 48.5035 1.7551 7.9729
73 0 Car -1 -1 1.6703 656 180 688 207 1.7269 -1.6654 -4.5195 -2.1925 -4.1813 48.5389 1.7562 7.7825
74 0 Car -1 -1 1.646 655 180 688 207 1.7545 -1.7027 -4.6885 -2.1821 -4.2681 48.6005 1.7336 7.7536
75 0 Car -1 -1 1.6544 655 180 688 207 1.7434 -1.6775 -4.6595 -2.2286 -4.2094 48.5602 1.7408 8.0234
76 0 Car -1 -1 1.6628 655 180 688 207 1.7254 -1.6505 -4.6285 -2.2002 -4.1816 48.5497 1.7487 8.308
77 0 Car -1 -1 1.6721 656 180 688 207 1.7221 -1.6484 -4.6295 -2.1797 -4.1985 48.5561 1.7583 7.7245
