0 0 Car -1 -1 -2.0649 880 205 1233 376 1.5711 -1.3939 -3.7718 -1.5775 -3.2647 5.3014 -1.513 7.2474
1 0 Car -1 -1 0.9794 904 209 1237 376 1.6397 -1.4572 -4.1093 -1.6813 -3.2442 4.358 1.6193 7.3331
2 0 Car -1 -1 -2.2709 937 211 1238 375 1.6019 -1.4567 -4.0908 -1.695 -3.2279 3.7199 -1.5562 6.1062
3 0 Car -1 -1 -2.3825 969 219 1240 375 1.5367 -1.4616 -3.9796 -1.5813 -3.1881 3.0432 -1.5738 7.4439
4 0 Car -1 -1 -10 1020 214 1241 374 1.5367 -1.4616 -3.9796 -1.5813 -3.1881 3.0432 -10 0
5 0 Car -1 -1 -10 1090 237 1241 373 1.5367 -1.4616 -3.9796 -1.5813 -3.1881 3.0432 -10 0
16 1 Car -1 -1 -1.5775 712 172 751 209 1.6985 -1.629 -4.3088 -1.6337 -5.7948 34.6054 -1.4116 5.1109
16 2 Car -1 -1 1.4249 712 175 769 216 1.7006 -1.6218 -4.3785 -1.7221 -5.4135 30.4987 1.6005 4.7863
67 3 Car -1 -1 -1.3038 563 149 620 196 2.044 -2.6072 -5.4666 -1.2997 1.0022 43.1811 -1.327 6.4368
68 3 Car -1 -1 -1.3179 560 150 618 198 2.0724 -2.6443 -5.6339 -1.4027 1.1402 42.545 -1.3447 8.5051
69 3 Car -1 -1 -1.323 558 154 613 199 1.9718 -2.4417 -5.2017 -1.4234 1.3498 41.7357 -1.3553 5.8768
70 3 Car -1 -1 -1.2905 554 156 614 200 1.965 -2.3374 -5.2838 -1.4616 1.3839 40.9497 -1.3243 7.3684
71 3 Car -1 -1 -1.3086 552 156 609 202 1.9522 -2.427 -5.1653 -1.562 1.5674 40.3082 -1.3475 4.0701
72 3 Car -1 -1 -1.3172 546 154 608 201 2.0339 -2.4315 -5.6902 -1.4729 1.7262 39.7402 -1.3606 6.3597
73 3 Car -1 -1 -1.3033 540 154 607 205 2.0932 -2.5193 -6.0064 -1.6258 1.878 39.058 -1.3514 10.8661
74 3 Car -1 -1 -1.2766 537 154 604 205 2.0432 -2.4872 -5.5307 -1.5913 1.9944 38.1911 -1.3287 4.645
75 3 Car -1 -1 -1.3089 534 154 599 204 1.9921 -2.3994 -5.5122 -1.5288 2.1678 37.6491 -1.3664 6.8114
76 3 Car -1 -1 -1.2824 529 150 599 203 2.0396 -2.4922 -5.7012 -1.4443 2.2599 37.0039 -1.3434 10.1148
77 3 Car -1 -1 -1.3284 527 151 593 207 2.0397 -2.5863 -5.5121 -1.5942 2.3941 36.185 -1.3944 4.3323
78 4 Car -1 -1 -10 461 176 520 198 -1 -1 -1 -1000 -1000 -1000 -10 0
78 3 Car -1 -1 -1.2857 522 152 595 209 2.0505 -2.5654 -5.6927 -1.6503 2.4088 35.5556 -1.3533 8.3405
79 4 Car -1 -1 -10 449 179 514 202 -1 -1 -1 -1000 -1000 -1000 -10 0
79 3 Car -1 -1 -1.2711 519 155 593 213 2.0124 -2.5635 -5.4597 -1.8034 2.5046 34.8636 -1.3428 9.0087
80 4 Car -1 -1 -2.6922 445 179 510 202 1.5996 -1.5383 -3.5586 -1.9176 8.496 46.6892 -2.8722 5.2465
80 3 Car -1 -1 -1.3121 517 157 587 215 2.0166 -2.5116 -5.3171 -1.8334 2.6535 34.1697 -1.3896 8.3463
80 5 Car -1 -1 -0.2815 791 175 900 212 1.6593 -1.5222 -4.13 -1.65 -9.9394 30.7432 0.0312 4.2332
81 4 Car -1 -1 -2.81 440 178 506 202 1.6091 -1.5098 -3.762 -1.8412 8.7786 45.9305 -2.9989 4.4277
81 3 Car -1 -1 -1.293 511 154 586 215 2.0468 -2.5407 -5.5642 -1.7853 2.7345 33.4452 -1.3746 10.8949
82 4 Car -1 -1 -2.7632 437 176 503 200 1.5666 -1.463 -3.582 -1.6896 8.8245 45.361 -2.9553 4.2535
82 3 Car -1 -1 -1.2807 507 152 584 212 2.007 -2.5241 -5.3583 -1.659 2.8074 32.7825 -1.3661 9.468
83 4 Car -1 -1 -10 430 175 499 200 1.5666 -1.463 -3.582 -1.6896 8.8245 45.361 -10 0
83 3 Car -1 -1 -1.2873 501 150 581 213 2.043 -2.5397 -5.6311 -1.6256 2.9655 32.1605 -1.3793 9.8907
84 4 Car -1 -1 -2.6928 425 176 496 201 1.5645 -1.4432 -3.6177 -1.7094 9.0815 43.8593 -2.897 5.4057
84 3 Car -1 -1 -1.2922 497 150 579 216 2.0562 -2.6369 -5.609 -1.7416 3.0062 31.4243 -1.3876 10.1679
85 4 Car -1 -1 -2.661 420 178 491 203 1.5975 -1.5301 -3.6111 -1.8156 9.1055 43.2107 -2.8687 6.037
85 3 Car -1 -1 -1.2808 493 154 577 217 2.03 -2.4322 -5.5619 -1.7306 3.0686 30.7419 -1.3803 7.0631
85 6 Car -1 -1 2.4325 0 178 81 224 1.6403 -1.5613 -4.2181 -1.779 22.4413 27.0697 1.7403 4.238
86 4 Car -1 -1 -2.6765 415 178 488 203 1.6345 -1.5731 -3.7572 -1.8374 9.3464 42.5651 -2.8926 6.8338
86 3 Car -1 -1 -1.2701 488 148 575 219 2.0552 -2.6723 -5.4449 -1.7655 3.1454 30.0704 -1.3743 7.5795
87 4 Car -1 -1 -2.6708 409 177 483 203 1.6072 -1.5205 -3.6375 -1.7796 9.3427 41.8164 -2.8906 7.0364
87 3 Car -1 -1 -1.2761 483 149 570 220 2.0262 -2.6214 -5.3266 -1.7475 3.2675 29.3237 -1.3871 10.5174
88 4 Car -1 -1 -2.6491 405 176 479 203 1.6635 -1.5832 -4.0257 -1.7414 9.7184 41.233 -2.8805 5.5691
88 3 Car -1 -1 -1.2697 479 152 569 219 2.0077 -2.4232 -5.5024 -1.6876 3.3056 28.7741 -1.3841 9.708
89 4 Car -1 -1 -2.6706 400 176 475 202 1.5908 -1.5091 -3.7718 -1.6732 9.6124 40.482 -2.9037 7.8953
89 3 Car -1 -1 -1.272 473 150 566 222 2.0094 -2.5076 -5.5997 -1.7447 3.3761 28.0564 -1.3917 10.3947
90 4 Car -1 -1 -2.6612 393 177 470 203 1.5953 -1.4459 -3.778 -1.5945 9.6437 39.7749 -2.8991 6.1265
90 3 Car -1 -1 -1.244 468 146 562 223 2.0028 -2.6045 -5.1468 -1.7187 3.4718 27.3678 -1.3702 8.3323
91 4 Car -1 -1 -10 388 178 466 205 1.5953 -1.4459 -3.778 -1.5945 9.6437 39.7749 -10 0
91 3 Car -1 -1 -1.2438 460 148 561 223 2.0211 -2.4756 -5.5475 -1.686 3.5352 26.748 -1.3752 9.1428
92 4 Car -1 -1 -2.7102 380 179 463 208 1.6169 -1.5301 -3.7567 -1.8529 10.0078 38.3909 -2.9652 5.6499
92 3 Car -1 -1 -1.241 455 144 558 228 2.048 -2.6965 -5.3216 -1.7955 3.5915 26.0888 -1.3778 9.2528
92 7 Car -1 -1 1.6685 562 153 586 172 1.5724 -1.4613 -3.6937 0.0577 2.8003 57.7031 1.62 4.6414
93 4 Car -1 -1 -2.6882 375 181 457 210 1.6097 -1.531 -3.7771 -1.937 10.0296 37.7763 -2.9477 7.1152
93 3 Car -1 -1 -1.2616 451 149 550 229 1.9705 -2.5006 -5.0649 -1.7668 3.7039 25.3476 -1.4067 4.404
94 4 Car -1 -1 -2.6935 370 180 452 209 1.625 -1.5686 -3.7296 -1.9872 10.2158 37.1281 -2.962 6.4527
94 3 Car -1 -1 -1.2341 443 150 551 231 1.9969 -2.4723 -5.2958 -1.7768 3.7398 24.7811 -1.3839 10.3805
95 4 Car -1 -1 -2.6627 364 181 446 211 1.607 -1.5757 -3.8431 -1.9632 10.3745 36.4842 -2.9398 8.2287
95 3 Car -1 -1 -1.244 436 147 546 233 2.0015 -2.5254 -5.2836 -1.7783 3.8244 24.0731 -1.4015 7.0505
96 4 Car -1 -1 -2.6727 357 181 440 211 1.612 -1.5636 -3.7657 -1.932 10.4343 35.8225 -2.9562 6.1069
96 3 Car -1 -1 -1.2426 430 147 542 236 2.013 -2.5616 -5.1883 -1.8383 3.8702 23.4391 -1.4063 8.6034
97 4 Car -1 -1 -2.6783 350 181 433 211 1.5807 -1.5613 -3.6997 -1.9392 10.625 35.1069 -2.9721 5.8469
97 3 Car -1 -1 -1.2465 427 151 539 236 1.9435 -2.3692 -5.05 -1.7727 3.8643 22.8338 -1.4142 9.3656
98 4 Car -1 -1 -2.6534 344 180 427 212 1.597 -1.5533 -3.8447 -1.8861 10.7324 34.5075 -2.955 6.3418
98 7 Car -1 -1 -1.3585 546 154 578 174 1.6115 -1.4687 -4.07 -0.1541 3.5719 54.3623 -1.4241 4.0604
99 4 Car -1 -1 -10 328 182 421 214 1.597 -1.5533 -3.8447 -1.8861 10.7324 34.5075 -10 0
99 3 Car -1 -1 -1.2198 406 140 532 240 2.0163 -2.6195 -5.191 -1.7753 4.0371 21.567 -1.4049 7.7906
100 4 Car -1 -1 -2.6416 323 182 415 214 1.5908 -1.4973 -3.5748 -1.8349 10.8273 33.1819 -2.957 5.5233
100 3 Car -1 -1 -1.2182 396 145 528 244 2.0049 -2.4851 -5.3173 -1.7965 4.0839 20.8993 -1.4112 6.6749
101 4 Car -1 -1 -2.6042 316 180 412 212 1.566 -1.51 -3.6351 -1.8005 11.1857 32.5122 -2.9356 5.5834
101 3 Car -1 -1 -1.2102 386 140 523 245 2.0013 -2.5423 -5.1683 -1.7578 4.1376 20.0767 -1.4134 6.662
102 4 Car -1 -1 -2.6083 303 176 406 210 1.6201 -1.6053 -3.7235 -1.7464 11.3214 31.9287 -2.949 7.1232
102 3 Car -1 -1 -1.2068 377 139 517 241 1.9626 -2.3908 -5.1616 -1.6124 4.2119 19.5338 -1.4192 6.4401
103 4 Car -1 -1 -2.6065 295 176 396 210 1.634 -1.5644 -3.7419 -1.7297 11.7068 31.3371 -2.964 4.3642
103 3 Car -1 -1 -1.1588 363 139 517 248 1.9852 -2.4669 -5.1977 -1.7133 4.2493 18.9749 -1.3791 9.3517
104 4 Car -1 -1 -2.5982 289 177 389 211 1.6381 -1.5767 -3.8924 -1.7161 11.6735 30.728 -2.9612 4.3002
104 3 Car -1 -1 -1.1831 359 138 507 250 1.9431 -2.4485 -4.8519 -1.7038 4.3093 18.3503 -1.4137 11.1463
105 4 Car -1 -1 -2.636 281 181 381 215 1.6562 -1.6605 -3.8708 -1.8793 11.4552 29.9505 -3.0013 4.1929
105 3 Car -1 -1 -1.2024 341 136 500 253 1.9627 -2.4196 -5.2015 -1.6664 4.4081 17.6685 -1.4469 7.7692
106 4 Car -1 -1 -10 276 181 386 218 1.6562 -1.6605 -3.8708 -1.8793 11.4552 29.9505 -10 0
106 3 Car -1 -1 -1.2006 326 135 497 259 1.9938 -2.4408 -5.4772 -1.7101 4.4135 17.0214 -1.4543 6.3892
107 4 Car -1 -1 -10 269 182 376 218 1.6562 -1.6605 -3.8708 -1.8793 11.4552 29.9505 -10 0
107 3 Car -1 -1 -1.1877 312 133 490 261 1.992 -2.4183 -5.25 -1.6734 4.4556 16.3134 -1.4543 7.9195
108 3 Car -1 -1 -1.1601 296 127 486 269 2.0038 -2.562 -5.2045 -1.7502 4.4941 15.7476 -1.4381 8.53
109 3 Car -1 -1 -1.1314 274 122 483 268 2.002 -2.5153 -5.4175 -1.6489 4.5552 15.222 -1.4221 10.2982
110 3 Car -1 -1 -1.1348 260 121 472 273 1.9889 -2.4977 -5.1125 -1.6541 4.5919 14.5068 -1.4414 8.845
111 3 Car -1 -1 -1.1133 231 126 465 284 1.9833 -2.4426 -5.4041 -1.7202 4.6876 13.947 -1.4375 10.9317
112 3 Car -1 -1 -1.1154 213 120 456 285 1.9831 -2.4266 -5.3131 -1.6539 4.72 13.3724 -1.4547 10.5545
113 3 Car -1 -1 -1.0972 177 120 450 295 2.0136 -2.3793 -5.5416 -1.6639 4.7446 12.6547 -1.4559 9.1601
114 3 Car -1 -1 -1.1095 152 106 437 305 2.033 -2.5585 -5.4355 -1.704 4.7993 12.0672 -1.488 10.0451
115 3 Car -1 -1 -1.0852 124 103 423 314 2.0025 -2.5782 -5.1854 -1.7358 4.8795 11.4773 -1.4871 10.6608
116 3 Car -1 -1 -1.0562 88 122 415 319 1.9503 -2.2355 -5.2606 -1.6666 4.8791 10.886 -1.4775 9.2635
117 3 Car -1 -1 -1.0102 37 94 408 338 2.0099 -2.557 -5.3388 -1.7394 4.9478 10.3375 -1.4566 10.4905
118 3 Car -1 -1 -1.0125 0 79 397 348 2.028 -2.525 -5.6908 -1.6475 4.9686 9.7022 -1.4858 9.2765
119 3 Car -1 -1 -1.0046 0 82 366 356 1.9648 -2.4298 -5.1245 -1.628 5.0589 9.0115 -1.5161 10.9137
120 3 Car -1 -1 -0.9296 0 77 356 374 1.9623 -2.4422 -5.0816 -1.6773 5.0892 8.4213 -1.4732 8.571
122 3 Car -1 -1 -0.9263 0 86 308 374 1.899 -2.2964 -4.7077 -1.7156 5.0832 7.2619 -1.537 4.0073
123 3 Car -1 -1 -0.8773 0 91 286 374 1.874 -2.153 -4.9006 -1.6755 5.1671 6.6942 -1.5347 6.1495
128 3 Car -1 -1 -2.3574 0 180 88 255 1.5973 -1.4482 -3.9279 -1.6196 13.4197 15.0315 -3.0862 5.0272
129 8 Car -1 -1 -2.3651 0 179 68 260 1.6459 -1.5078 -4.1825 -1.6437 13.5505 14.4015 -3.1201 7.1044
130 8 Car -1 -1 -2.2673 0 177 31 262 1.6012 -1.4888 -3.8874 -1.5844 13.5625 13.7353 -3.0464 5.7442
151 9 Car -1 -1 -0.0583 121 131 234 169 1.6242 -1.4934 -4.0953 0.1638 18.5739 31.0192 -0.5979 5.4985
153 10 Car -1 -1 -0.833 1051 173 1241 251 1.6527 -1.6185 -3.7952 -1.6235 -12.1284 16.1454 -0.1887 4.0131
163 10 Car -1 -1 -10 1154 174 1242 296 1.6527 -1.6185 -3.7952 -1.6235 -12.1284 16.1454 -10 0
164 11 Car -1 -1 -10 1168 171 1242 298 -1 -1 -1 -1000 -1000 -1000 -10 0
237 12 Car -1 -1 -10 1052 189 1242 375 -1 -1 -1 -1000 -1000 -1000 -10 0
237 13 Car -1 -1 -1.6737 653 176 677 196 1.5884 -1.5515 -3.5548 -1.8979 -4.5114 59.6654 -1.5982 4.1367
249 14 Car -1 -1 -10 7 215 288 375 -1 -1 -1 -1000 -1000 -1000 -10 0
250 13 Car -1 -1 -1.6345 581 176 605 197 1.5589 -1.4599 -3.5175 -1.7185 1.2414 52.3405 -1.6582 5.8552
256 15 Car -1 -1 -1.6208 575 181 602 205 1.6235 -1.5239 -3.7384 -2.1198 1.4986 48.6997 -1.6516 6.1404
257 15 Car -1 -1 -1.6483 574 183 602 208 1.5988 -1.5413 -3.5441 -2.2568 1.4731 48.0899 -1.6789 4.5634
263 15 Car -1 -1 -1.6954 602 176 633 201 1.52 -1.4545 -3.271 -1.7054 -0.4404 44.2879 -1.6855 4.6105
266 15 Car -1 -1 -1.669 617 176 649 204 1.5632 -1.5484 -3.3234 -1.7815 -1.2919 42.6305 -1.6387 5.5212
274 16 Car -1 -1 -1.7174 649 179 688 210 1.5117 -1.4672 -3.1546 -1.848 -2.9793 37.3848 -1.6379 7.2352
280 16 Car -1 -1 -1.6928 679 176 721 210 1.5368 -1.4931 -3.1402 -1.6739 -4.09 33.2641 -1.5704 4.8298
286 17 Car -1 -1 -1.6914 712 179 763 221 1.5909 -1.567 -3.5385 -1.837 -5.0512 29.1131 -1.5196 5.3607
291 17 Car -1 -1 -1.8935 725 178 802 223 1.5599 -1.4454 -3.6099 -1.6581 -5.2827 25.3475 -1.688 5.4527
293 17 Car -1 -1 -1.7475 741 175 809 223 1.5692 -1.4772 -3.6489 -1.5724 -5.4522 24.3354 -1.5271 5.2985
308 18 Car -1 -1 -10 504 169 546 210 -1 -1 -1 -1000 -1000 -1000 -10 0
310 19 Car -1 -1 -1.5292 632 172 674 215 1.7505 -1.8293 -4.2367 -1.8135 -2.0045 32.9201 -1.4684 7.119
313 19 Car -1 -1 -1.5837 644 168 688 216 1.746 -1.8628 -4.1975 -1.7059 -2.3068 30.4501 -1.5081 6.6154
320 20 Car -1 -1 -10 10 202 246 370 -1 -1 -1 -1000 -1000 -1000 -10 0
321 20 Car -1 -1 -10 3 217 231 372 -1 -1 -1 -1000 -1000 -1000 -10 0
322 20 Car -1 -1 -10 1 218 230 374 -1 -1 -1 -1000 -1000 -1000 -10 0
323 20 Car -1 -1 -10 3 222 193 375 -1 -1 -1 -1000 -1000 -1000 -10 0
338 21 Car -1 -1 2.4493 1025 166 1226 231 1.6549 -1.6362 -4.2277 -1.4702 -13.4493 19.0076 3.0651 6.1864
339 21 Car -1 -1 2.3305 1046 171 1197 228 1.654 -1.5518 -4.2175 -1.4361 -13.5233 18.6433 2.958 6.5538
