0 0 Car -1 -1 1.525 480 164 513 193 1.5799 -1.4525 -3.6871 -0.6349 6.0825 38.6302 1.3688 6.1535
0 1 Car -1 -1 -10 495 166 525 189 -1 -1 -1 -1000 -1000 -1000 -10 0
0 2 Car -1 -1 2.5089 1032 163 1175 208 1.6752 -1.6363 -4.1955 -1.0115 -18.6201 26.5089 3.1212 6.6723
1 0 Car -1 -1 1.5468 480 164 513 193 1.5822 -1.4673 -3.6613 -0.6224 5.973 38.6105 1.3933 4.8977
1 1 Car -1 -1 -10 496 166 525 189 -1 -1 -1 -1000 -1000 -1000 -10 0
1 2 Car -1 -1 -0.6182 1036 165 1175 210 1.6616 -1.6131 -4.0383 -1.0843 -18.7059 26.5476 -0.0044 4.1854
2 0 Car -1 -1 -10 480 164 513 193 1.5822 -1.4673 -3.6613 -0.6224 5.973 38.6105 -10 0
2 1 Car -1 -1 -10 496 166 526 189 -1 -1 -1 -1000 -1000 -1000 -10 0
3 0 Car -1 -1 1.5831 480 164 513 193 1.5547 -1.4375 -3.7314 -0.6766 5.8977 38.5716 1.4314 5.8866
3 1 Car -1 -1 -10 496 166 526 188 -1 -1 -1 -1000 -1000 -1000 -10 0
4 0 Car -1 -1 1.5248 480 164 513 193 1.6435 -1.5538 -4.005 -0.6419 6.1343 38.6706 1.3675 5.4871
4 1 Car -1 -1 -10 496 166 525 189 -1 -1 -1 -1000 -1000 -1000 -10 0
5 0 Car -1 -1 1.5461 480 164 514 193 1.5772 -1.4318 -3.6422 -0.6783 6.0012 38.2414 1.3904 7.4655
5 1 Car -1 -1 1.6162 495 167 525 190 1.5444 -1.4664 -3.826 -0.6151 5.9248 44.5717 1.484 4.5717
5 2 Car -1 -1 -0.5607 1037 159 1188 209 1.7217 -1.7712 -4.3154 -1.0305 -18.8183 26.3859 0.0588 4.5381
6 0 Car -1 -1 1.6334 481 165 513 195 1.6074 -1.4705 -3.6016 -0.7123 5.7613 38.1264 1.4834 6.8559
6 1 Car -1 -1 1.7285 496 167 526 191 1.6081 -1.4778 -3.8722 -0.64 5.6964 44.5362 1.6013 4.0922
6 2 Car -1 -1 2.5065 1042 159 1191 208 1.6934 -1.7826 -4.3529 -1.0134 -18.9874 26.3806 3.1303 4.3576
7 0 Car -1 -1 -10 481 166 514 196 1.6074 -1.4705 -3.6016 -0.7123 5.7613 38.1264 -10 0
7 1 Car -1 -1 -10 497 168 526 191 1.6081 -1.4778 -3.8722 -0.64 5.6964 44.5362 -10 0
8 0 Car -1 -1 1.5967 482 167 514 196 1.5902 -1.4636 -3.6706 -0.8105 5.9202 37.9305 1.4419 4.3512
8 1 Car -1 -1 -10 499 168 527 192 1.6081 -1.4778 -3.8722 -0.64 5.6964 44.5362 -10 0
8 2 Car -1 -1 -0.6096 1044 171 1191 213 1.6345 -1.5031 -4.2242 -1.1649 -18.8614 26.1496 0.0153 5.1818
9 0 Car -1 -1 -10 482 166 515 196 1.5902 -1.4636 -3.6706 -0.8105 5.9202 37.9305 -10 0
9 1 Car -1 -1 -10 499 169 527 192 1.6081 -1.4778 -3.8722 -0.64 5.6964 44.5362 -10 0
9 3 Car -1 -1 -10 522 170 561 188 -1 -1 -1 -1000 -1000 -1000 -10 0
9 2 Car -1 -1 2.516 1044 165 1204 212 1.7327 -1.6923 -4.6322 -1.1468 -19.0712 26.1277 3.1465 6.948
10 0 Car -1 -1 1.5713 483 167 516 196 1.5674 -1.4448 -3.5053 -0.8348 5.6711 37.7649 1.4222 4.9574
10 1 Car -1 -1 -10 500 168 529 192 1.6081 -1.4778 -3.8722 -0.64 5.6964 44.5362 -10 0
10 3 Car -1 -1 -10 525 168 562 187 -1 -1 -1 -1000 -1000 -1000 -10 0
10 2 Car -1 -1 -0.6079 1050 172 1199 214 1.6516 -1.5136 -4.2194 -1.2148 -18.9868 25.982 0.0231 4.9135
11 0 Car -1 -1 -10 483 166 516 196 1.5674 -1.4448 -3.5053 -0.8348 5.6711 37.7649 -10 0
11 1 Car -1 -1 -10 499 169 529 191 1.6081 -1.4778 -3.8722 -0.64 5.6964 44.5362 -10 0
11 3 Car -1 -1 -10 526 168 563 186 -1 -1 -1 -1000 -1000 -1000 -10 0
11 2 Car -1 -1 -0.6335 1058 172 1191 213 1.5429 -1.4352 -3.7059 -1.1622 -18.844 25.7605 -0.002 5.6076
12 0 Car -1 -1 -10 485 166 517 196 1.5674 -1.4448 -3.5053 -0.8348 5.6711 37.7649 -10 0
12 1 Car -1 -1 -10 499 168 530 191 1.6081 -1.4778 -3.8722 -0.64 5.6964 44.5362 -10 0
12 3 Car -1 -1 -10 529 168 566 186 -1 -1 -1 -1000 -1000 -1000 -10 0
12 2 Car -1 -1 -3.7773 1056 166 1204 214 1.6913 -1.6816 -4.1213 -1.2084 -18.9698 25.6959 -3.1414 4.0881
13 0 Car -1 -1 -10 486 166 519 197 1.5674 -1.4448 -3.5053 -0.8348 5.6711 37.7649 -10 0
13 1 Car -1 -1 -10 502 168 532 191 1.6081 -1.4778 -3.8722 -0.64 5.6964 44.5362 -10 0
13 3 Car -1 -1 -10 532 168 568 186 -1 -1 -1 -1000 -1000 -1000 -10 0
13 2 Car -1 -1 -3.7506 1067 164 1222 214 1.7077 -1.7367 -4.2353 -1.1722 -19.319 25.4718 -3.1017 6.7911
14 0 Car -1 -1 1.589 488 166 521 196 1.5714 -1.5397 -3.7411 -0.7842 5.2927 36.6718 1.4457 4.226
14 1 Car -1 -1 -10 506 168 534 191 1.6081 -1.4778 -3.8722 -0.64 5.6964 44.5362 -10 0
14 3 Car -1 -1 -10 536 169 570 186 -1 -1 -1 -1000 -1000 -1000 -10 0
14 2 Car -1 -1 2.5167 1073 165 1223 215 1.7012 -1.7122 -4.1598 -1.1924 -19.3759 25.2445 3.1713 6.3245
15 0 Car -1 -1 -10 491 166 524 197 1.5714 -1.5397 -3.7411 -0.7842 5.2927 36.6718 -10 0
15 3 Car -1 -1 -10 541 168 573 186 -1 -1 -1 -1000 -1000 -1000 -10 0
15 1 Car -1 -1 -10 508 168 536 191 1.6081 -1.4778 -3.8722 -0.64 5.6964 44.5362 -10 0
16 0 Car -1 -1 -10 493 166 527 197 1.5714 -1.5397 -3.7411 -0.7842 5.2927 36.6718 -10 0
16 3 Car -1 -1 -10 544 168 575 186 -1 -1 -1 -1000 -1000 -1000 -10 0
16 1 Car -1 -1 -10 511 168 540 191 1.6081 -1.4778 -3.8722 -0.64 5.6964 44.5362 -10 0
17 0 Car -1 -1 1.5586 497 166 530 197 1.5388 -1.4373 -3.5086 -0.7439 4.6516 35.2533 1.4274 4.6045
17 1 Car -1 -1 -10 514 168 543 191 1.6081 -1.4778 -3.8722 -0.64 5.6964 44.5362 -10 0
17 3 Car -1 -1 -10 549 168 577 186 -1 -1 -1 -1000 -1000 -1000 -10 0
18 0 Car -1 -1 1.6144 500 165 533 197 1.5804 -1.5092 -3.6927 -0.7491 4.3077 35.1713 1.4925 5.8636
18 1 Car -1 -1 -10 517 168 546 191 1.6081 -1.4778 -3.8722 -0.64 5.6964 44.5362 -10 0
18 3 Car -1 -1 -10 553 168 579 185 -1 -1 -1 -1000 -1000 -1000 -10 0
19 0 Car -1 -1 1.6003 503 165 536 197 1.5762 -1.4572 -3.5778 -0.7344 4.1823 34.7072 1.4804 5.7188
19 1 Car -1 -1 -10 519 168 550 191 1.6081 -1.4778 -3.8722 -0.64 5.6964 44.5362 -10 0
19 3 Car -1 -1 -10 557 167 582 185 -1 -1 -1 -1000 -1000 -1000 -10 0
20 0 Car -1 -1 1.5711 506 164 541 197 1.6213 -1.4753 -4.053 -0.7374 4.0065 34.3135 1.4549 4.7251
20 1 Car -1 -1 -10 523 166 553 191 1.6081 -1.4778 -3.8722 -0.64 5.6964 44.5362 -10 0
20 3 Car -1 -1 -10 562 165 584 183 -1 -1 -1 -1000 -1000 -1000 -10 0
21 0 Car -1 -1 1.5761 510 163 544 196 1.5697 -1.4535 -3.4874 -0.672 3.8273 33.4293 1.4621 4.2142
21 1 Car -1 -1 1.6075 528 165 556 190 1.6135 -1.4669 -4.1093 -0.5823 3.8647 41.7072 1.5151 4.8381
21 3 Car -1 -1 -10 567 165 587 182 -1 -1 -1 -1000 -1000 -1000 -10 0
22 0 Car -1 -1 1.5972 513 162 549 196 1.5795 -1.4573 -3.5592 -0.6752 3.5707 33.1211 1.4898 5.3104
22 1 Car -1 -1 -10 531 164 561 189 1.6135 -1.4669 -4.1093 -0.5823 3.8647 41.7072 -10 0
22 3 Car -1 -1 -10 572 164 591 181 -1 -1 -1 -1000 -1000 -1000 -10 0
23 0 Car -1 -1 1.5884 517 162 553 196 1.5851 -1.4439 -3.751 -0.6588 3.3413 32.8141 1.487 5.0228
23 1 Car -1 -1 -10 534 164 564 190 1.6135 -1.4669 -4.1093 -0.5823 3.8647 41.7072 -10 0
23 3 Car -1 -1 -1.5722 575 164 595 181 1.6348 -1.5421 -3.9014 -0.0704 1.958 69.105 -1.6005 4.0991
23 2 Car -1 -1 -0.7514 1150 172 1223 218 1.6097 -1.4329 -3.8439 -1.1762 -20.0164 22.7081 -0.0289 4.8774
24 0 Car -1 -1 1.5825 521 162 557 197 1.686 -1.507 -4.0865 -0.6529 3.1305 32.2462 1.4857 6.9845
24 1 Car -1 -1 -10 538 165 568 191 1.6135 -1.4669 -4.1093 -0.5823 3.8647 41.7072 -10 0
24 3 Car -1 -1 -1.5878 578 165 599 182 1.6369 -1.5158 -3.9675 -0.0469 1.4707 69.1357 -1.6091 4.0683
24 2 Car -1 -1 -0.7247 1161 169 1223 218 1.6894 -1.489 -4.4588 -1.164 -20.4038 22.2697 0.017 6.5858
25 0 Car -1 -1 1.6322 523 162 560 198 1.6348 -1.5291 -3.9116 -0.6786 2.8271 31.7253 1.5434 5.8447
25 1 Car -1 -1 -10 541 166 572 192 1.6135 -1.4669 -4.1093 -0.5823 3.8647 41.7072 -10 0
25 3 Car -1 -1 -1.643 582 165 603 182 1.6938 -1.6446 -4.3535 -0.1269 1.2016 69.606 -1.6603 4.1252
26 0 Car -1 -1 1.5559 526 162 564 198 1.6174 -1.4914 -3.6598 -0.7007 2.7217 31.0883 1.4685 7.2252
26 1 Car -1 -1 -10 544 165 575 191 1.6135 -1.4669 -4.1093 -0.5823 3.8647 41.7072 -10 0
26 3 Car -1 -1 -10 583 165 607 182 1.6938 -1.6446 -4.3535 -0.1269 1.2016 69.606 -10 0
27 0 Car -1 -1 1.5935 528 161 567 198 1.651 -1.4637 -3.7336 -0.7198 2.5699 30.4957 1.5094 7.0107
27 1 Car -1 -1 -10 544 164 578 191 1.6135 -1.4669 -4.1093 -0.5823 3.8647 41.7072 -10 0
27 3 Car -1 -1 -10 583 165 609 182 1.6938 -1.6446 -4.3535 -0.1269 1.2016 69.606 -10 0
28 0 Car -1 -1 1.5767 529 162 568 199 1.7147 -1.4981 -4.278 -0.7484 2.4876 30.2842 1.4948 7.9362
28 1 Car -1 -1 -10 547 165 580 192 1.6135 -1.4669 -4.1093 -0.5823 3.8647 41.7072 -10 0
28 3 Car -1 -1 -1.7438 583 165 611 183 1.6473 -1.5484 -4.0485 -0.04 0.7792 69.3873 -1.755 4.615
29 0 Car -1 -1 1.5875 528 163 568 200 1.6003 -1.4953 -3.9346 -0.7547 2.3912 29.6742 1.5071 6.9975
29 1 Car -1 -1 -10 547 166 579 193 1.6135 -1.4669 -4.1093 -0.5823 3.8647 41.7072 -10 0
29 3 Car -1 -1 -10 582 167 610 184 1.6473 -1.5484 -4.0485 -0.04 0.7792 69.3873 -10 0
30 0 Car -1 -1 -10 525 165 566 204 1.6003 -1.4953 -3.9346 -0.7547 2.3912 29.6742 -10 0
30 1 Car -1 -1 -10 545 167 578 196 1.6135 -1.4669 -4.1093 -0.5823 3.8647 41.7072 -10 0
30 3 Car -1 -1 -10 576 168 607 186 1.6473 -1.5484 -4.0485 -0.04 0.7792 69.3873 -10 0
31 0 Car -1 -1 1.6222 519 165 561 206 1.6019 -1.456 -3.5644 -0.8836 2.5292 28.1093 1.5325 6.872
31 1 Car -1 -1 1.6313 540 169 573 197 1.5299 -1.4317 -3.5358 -0.8206 2.4348 36.4942 1.5647 5.7759
31 3 Car -1 -1 -10 572 170 602 187 1.6473 -1.5484 -4.0485 -0.04 0.7792 69.3873 -10 0
32 0 Car -1 -1 1.6265 512 166 555 207 1.647 -1.4529 -4.0611 -0.903 2.7799 27.793 1.5268 8.5444
32 1 Car -1 -1 1.6296 531 169 567 198 1.5868 -1.4783 -3.9433 -0.8536 2.7194 35.9123 1.5541 4.8322
32 3 Car -1 -1 -10 565 170 595 187 1.6473 -1.5484 -4.0485 -0.04 0.7792 69.3873 -10 0
33 0 Car -1 -1 1.5862 502 165 547 207 1.5993 -1.5052 -3.8813 -0.9027 3.1436 27.0529 1.4705 6.6654
33 1 Car -1 -1 1.6288 524 169 559 197 1.6125 -1.4728 -4.1716 -0.7771 3.1797 35.4092 1.5392 4.3117
33 3 Car -1 -1 -10 554 168 586 185 1.6473 -1.5484 -4.0485 -0.04 0.7792 69.3873 -10 0
34 0 Car -1 -1 1.6159 492 163 538 207 1.5347 -1.4334 -3.6359 -0.8728 3.2836 26.3637 1.4919 8.3518
34 1 Car -1 -1 1.6195 514 166 550 196 1.6154 -1.4773 -4.0417 -0.7625 3.5974 34.7277 1.5162 4.2565
34 3 Car -1 -1 -10 542 167 576 185 1.6473 -1.5484 -4.0485 -0.04 0.7792 69.3873 -10 0
35 0 Car -1 -1 1.6464 480 163 528 208 1.6066 -1.4725 -3.6346 -0.876 3.5572 25.5305 1.508 5.0789
35 1 Car -1 -1 1.6109 504 166 540 197 1.6086 -1.4814 -3.982 -0.7608 4.0093 34.0108 1.4936 5.1428
35 3 Car -1 -1 -10 530 167 565 185 1.6473 -1.5484 -4.0485 -0.04 0.7792 69.3873 -10 0
36 0 Car -1 -1 1.6089 466 164 516 211 1.6244 -1.5141 -3.9647 -0.9719 4.0647 24.9782 1.4475 8.9233
36 1 Car -1 -1 1.6566 490 169 528 199 1.5753 -1.4625 -3.7548 -0.8335 4.5094 33.4293 1.5225 4.5656
36 3 Car -1 -1 -10 515 169 553 186 1.6473 -1.5484 -4.0485 -0.04 0.7792 69.3873 -10 0
37 0 Car -1 -1 1.6387 450 165 502 213 1.5548 -1.5384 -3.444 -0.9807 4.3366 24.024 1.4602 8.7359
37 1 Car -1 -1 -10 476 168 514 200 1.5753 -1.4625 -3.7548 -0.8335 4.5094 33.4293 -10 0
37 3 Car -1 -1 -10 503 169 537 186 1.6473 -1.5484 -4.0485 -0.04 0.7792 69.3873 -10 0
38 0 Car -1 -1 1.63 433 163 487 214 1.6192 -1.4652 -3.947 -0.9915 4.7396 23.4548 1.4306 7.4427
38 1 Car -1 -1 1.6324 460 167 499 199 1.55 -1.4772 -3.8787 -0.8647 5.6086 32.0635 1.4593 5.2977
38 3 Car -1 -1 -10 487 168 522 185 1.6473 -1.5484 -4.0485 -0.04 0.7792 69.3873 -10 0
39 0 Car -1 -1 1.5886 414 162 470 213 1.5696 -1.4301 -3.6537 -0.9393 5.1291 22.5397 1.3649 8.9281
39 1 Car -1 -1 1.6319 441 164 483 198 1.5549 -1.442 -3.7204 -0.7412 6.1853 31.2266 1.4364 5.812
39 3 Car -1 -1 -10 468 166 506 184 1.6473 -1.5484 -4.0485 -0.04 0.7792 69.3873 -10 0
39 2 Car -1 -1 2.3748 1155 159 1223 220 1.6916 -1.6492 -4.5018 -1.0933 -18.4276 20.0151 3.119 6.0084
40 0 Car -1 -1 1.6222 394 160 452 213 1.5324 -1.4444 -3.3933 -0.9224 5.4593 21.5927 1.3746 9.7065
40 1 Car -1 -1 1.6787 421 162 465 197 1.5736 -1.4616 -3.8281 -0.6737 6.8815 30.4721 1.4566 6.3392
40 3 Car -1 -1 -10 449 164 488 182 1.6473 -1.5484 -4.0485 -0.04 0.7792 69.3873 -10 0
40 2 Car -1 -1 2.368 1138 158 1223 224 1.7022 -1.7871 -4.3981 -1.1883 -17.7877 19.8924 3.0976 4.6764
41 0 Car -1 -1 1.5577 371 162 435 217 1.603 -1.4621 -3.7257 -0.9249 5.9909 20.7818 1.2771 10.4715
41 1 Car -1 -1 1.6792 402 165 446 201 1.6009 -1.4509 -4.0728 -0.7997 7.5154 29.6496 1.431 6.8437
41 3 Car -1 -1 -10 428 166 467 184 1.6473 -1.5484 -4.0485 -0.04 0.7792 69.3873 -10 0
41 2 Car -1 -1 2.3192 1123 157 1223 225 1.6976 -1.8294 -4.2809 -1.2121 -17.3526 20.0492 3.0327 4.7978
42 0 Car -1 -1 1.5923 346 163 412 222 1.5773 -1.5215 -3.5658 -1.0698 6.3213 19.7727 1.2829 8.5807
42 1 Car -1 -1 1.6853 378 166 424 204 1.6488 -1.4782 -4.1358 -0.8661 8.2528 28.9418 1.4075 6.8096
42 3 Car -1 -1 -10 403 166 446 186 1.6473 -1.5484 -4.0485 -0.04 0.7792 69.3873 -10 0
42 2 Car -1 -1 2.3025 1107 158 1223 228 1.6958 -1.8496 -4.331 -1.2763 -16.8451 20.0158 3.0021 6.8193
43 0 Car -1 -1 1.5343 317 164 387 227 1.4726 -1.3948 -3.4458 -1.106 6.7484 18.8182 1.19 10.8609
43 1 Car -1 -1 1.6767 349 169 396 206 1.631 -1.5025 -3.9872 -0.9638 9.0791 27.9759 1.3629 5.5212
43 3 Car -1 -1 -10 376 169 419 188 1.6473 -1.5484 -4.0485 -0.04 0.7792 69.3873 -10 0
43 2 Car -1 -1 2.3153 1082 165 1223 227 1.7122 -1.6672 -4.4472 -1.2687 -16.3096 20.2292 2.9939 9.261
44 0 Car -1 -1 1.558 283 165 358 233 1.5061 -1.4046 -3.554 -1.131 7.1468 17.8139 1.1765 11.5863
44 1 Car -1 -1 1.6934 317 168 367 209 1.6438 -1.5359 -4.0779 -1.0182 10.0537 27.1686 1.339 6.4729
44 3 Car -1 -1 -10 349 171 390 189 1.6473 -1.5484 -4.0485 -0.04 0.7792 69.3873 -10 0
44 2 Car -1 -1 2.3462 1055 165 1223 231 1.7314 -1.8079 -4.2202 -1.3964 -15.4981 20.3506 2.9971 8.3732
45 0 Car -1 -1 1.5052 242 166 326 238 1.5305 -1.4908 -3.5084 -1.1785 7.666 16.762 1.0763 9.8462
45 1 Car -1 -1 1.66 279 169 335 213 1.6628 -1.5343 -4.3425 -1.0627 11.0009 26.2732 1.2635 4.4967
45 3 Car -1 -1 -10 308 170 357 191 1.6473 -1.5484 -4.0485 -0.04 0.7792 69.3873 -10 0
45 2 Car -1 -1 2.3396 1024 165 1210 232 1.7483 -1.825 -4.4971 -1.4127 -14.7822 20.5201 2.9638 8.1403
46 0 Car -1 -1 1.5088 195 168 291 245 1.5658 -1.5341 -3.6089 -1.2572 8.089 15.8046 1.0358 10.707
46 1 Car -1 -1 1.6959 233 170 296 214 1.6548 -1.528 -4.082 -1.1294 11.8744 24.9602 1.2519 4.4405
46 3 Car -1 -1 -10 269 172 319 193 1.6473 -1.5484 -4.0485 -0.04 0.7792 69.3873 -10 0
46 2 Car -1 -1 2.3629 994 167 1174 231 1.7456 -1.7816 -4.4503 -1.4181 -13.9793 20.7474 2.9558 7.7291
47 0 Car -1 -1 1.458 140 170 251 254 1.4768 -1.4879 -3.3693 -1.3375 8.4508 14.5395 0.9315 9.7762
47 1 Car -1 -1 1.6961 182 173 253 218 1.6816 -1.6088 -4.1581 -1.2073 12.9896 24.0609 1.2011 4.7936
47 3 Car -1 -1 -10 223 174 278 194 1.6473 -1.5484 -4.0485 -0.04 0.7792 69.3873 -10 0
47 2 Car -1 -1 2.3636 959 173 1131 234 1.7438 -1.6896 -4.3595 -1.4969 -12.9663 20.9177 2.9185 9.2615
48 0 Car -1 -1 1.4206 77 170 206 264 1.5251 -1.4723 -3.3626 -1.3519 8.8999 13.5267 0.8387 11.044
48 3 Car -1 -1 -10 177 176 228 197 1.6473 -1.5484 -4.0485 -0.04 0.7792 69.3873 -10 0
48 1 Car -1 -1 1.731 125 173 204 219 1.6645 -1.5702 -4.034 -1.2877 13.9751 22.9348 1.1838 4.6223
48 2 Car -1 -1 2.3562 921 168 1090 232 1.7497 -1.7771 -4.4798 -1.4488 -11.9049 21.0974 2.8699 7.9796
49 0 Car -1 -1 1.3999 4 169 153 270 1.5289 -1.4377 -3.3524 -1.3431 9.2254 12.4249 0.7612 11.7948
49 2 Car -1 -1 2.3261 886 170 1050 231 1.7386 -1.6935 -4.5646 -1.4198 -10.8806 21.2544 2.7992 10.6254
50 0 Car -1 -1 1.3766 1 174 97 283 1.5181 -1.4597 -3.7296 -1.3699 9.4904 11.2096 0.6741 7.7748
50 2 Car -1 -1 2.354 849 168 1011 231 1.7365 -1.742 -4.5438 -1.4171 -9.7493 21.2484 2.7842 10.061
51 3 Car -1 -1 -10 1 175 42 201 1.6473 -1.5484 -4.0485 -0.04 0.7792 69.3873 -10 0
51 2 Car -1 -1 2.3193 813 161 968 226 1.7539 -1.7909 -4.4738 -1.2694 -8.6318 21.3521 2.7035 8.4572
51 0 Car -1 -1 1.5019 0 172 46 297 1.5631 -1.4961 -3.8309 -1.4038 9.5438 10.3197 0.7556 4.0666
52 2 Car -1 -1 2.2879 780 158 931 226 1.7637 -1.8645 -4.5203 -1.2591 -7.5741 21.3378 2.629 6.5267
53 2 Car -1 -1 2.2952 745 154 891 220 1.7321 -1.7959 -4.4054 -1.0887 -6.4333 21.259 2.5891 8.2351
54 2 Car -1 -1 2.3132 704 162 855 226 1.7521 -1.7427 -4.5567 -1.2483 -5.2323 21.0409 2.5569 9.1928
55 4 Car -1 -1 -10 1166 168 1225 197 -1 -1 -1 -1000 -1000 -1000 -10 0
55 2 Car -1 -1 2.281 667 158 815 223 1.7365 -1.7443 -4.5416 -1.1538 -4.0742 20.8752 2.4737 8.3578
56 5 Car -1 -1 -10 1107 170 1160 199 -1 -1 -1 -1000 -1000 -1000 -10 0
56 2 Car -1 -1 2.3076 631 159 781 226 1.7412 -1.7505 -4.5095 -1.2103 -3.0004 20.6145 2.4522 9.6601
57 6 Car -1 -1 -10 1052 173 1101 201 -1 -1 -1 -1000 -1000 -1000 -10 0
57 2 Car -1 -1 2.2803 595 161 743 230 1.7412 -1.7868 -4.4833 -1.2917 -1.9212 20.3593 2.3744 10.0219
58 7 Car -1 -1 -10 998 177 1046 204 -1 -1 -1 -1000 -1000 -1000 -10 0
58 2 Car -1 -1 2.2957 551 169 704 234 1.7425 -1.6286 -4.5604 -1.361 -0.7244 19.959 2.332 9.7852
59 8 Car -1 -1 -10 946 178 993 206 -1 -1 -1 -1000 -1000 -1000 -10 0
59 2 Car -1 -1 2.2998 511 164 664 238 1.7242 -1.81 -4.3829 -1.4229 0.3872 19.4291 2.2799 9.4248
60 9 Car -1 -1 -10 897 179 942 206 -1 -1 -1 -1000 -1000 -1000 -10 0
60 10 Car -1 -1 -1.7098 1164 192 1225 290 1.5398 -1.5024 -3.6398 -1.754 -10.7433 12.1508 -0.9858 8.3991
60 2 Car -1 -1 2.3239 459 169 625 244 1.7269 -1.7496 -4.5912 -1.4864 1.5594 18.8444 2.2413 7.8024
61 11 Car -1 -1 -10 850 176 893 203 -1 -1 -1 -1000 -1000 -1000 -10 0
61 10 Car -1 -1 -1.696 1119 187 1222 291 1.5547 -1.4482 -3.4592 -1.699 -10.0623 12.2748 -1.0094 9.0008
61 2 Car -1 -1 2.2946 414 162 584 246 1.7587 -1.8789 -4.5484 -1.4808 2.5989 18.2744 2.1533 7.4539
62 10 Car -1 -1 -1.7176 1081 188 1218 288 1.5414 -1.4711 -3.4009 -1.6742 -9.3009 12.3318 -1.0714 9.4781
62 12 Car -1 -1 -10 803 174 845 202 -1 -1 -1 -1000 -1000 -1000 -10 0
62 6 Car -1 -1 -10 1044 179 1096 223 -1 -1 -1 -1000 -1000 -1000 -10 0
62 5 Car -1 -1 -10 1074 181 1175 257 -1 -1 -1 -1000 -1000 -1000 -10 0
62 2 Car -1 -1 2.3292 360 163 540 246 1.7532 -1.7774 -4.4814 -1.4143 3.6917 17.5772 2.1222 10.3014
63 13 Car -1 -1 1.9215 757 176 800 203 1.6021 -1.5036 -3.862 -1.3796 -12.1609 49.8797 2.1606 4.5963
63 10 Car -1 -1 -1.7246 1038 191 1194 293 1.5181 -1.4652 -3.3501 -1.6948 -8.5969 12.3931 -1.1182 10.6995
63 6 Car -1 -1 -1.7115 1027 185 1142 257 1.6094 -1.5659 -3.7938 -1.6832 -11.5062 17.3732 -1.1265 7.6006
63 7 Car -1 -1 -1.5682 998 181 1047 223 1.5431 -1.4638 -3.2894 -1.6019 -16.6462 28.5893 -1.041 6.2969
63 2 Car -1 -1 2.3364 301 161 495 247 1.7268 -1.7476 -4.5571 -1.3689 4.7202 16.7865 2.0623 11.484
64 7 Car -1 -1 -1.4545 953 181 1002 223 1.5571 -1.5059 -3.3256 -1.5971 -15.1144 28.7224 -0.9701 6.2589
64 10 Car -1 -1 -1.7327 996 192 1139 297 1.5887 -1.4706 -3.5914 -1.7114 -7.8856 12.3713 -1.1652 11.2908
64 13 Car -1 -1 1.9566 712 176 756 203 1.6398 -1.5369 -4.0795 -1.3706 -9.0511 49.175 2.1386 6.5475
64 6 Car -1 -1 -1.7149 986 185 1096 258 1.6099 -1.6033 -3.594 -1.7141 -10.5872 17.5023 -1.1709 7.9941
64 2 Car -1 -1 2.3654 246 160 442 254 1.6962 -1.8242 -4.0885 -1.436 5.6823 15.844 2.0211 11.6174
65 7 Car -1 -1 -1.5913 913 183 958 222 1.5187 -1.5055 -3.2208 -1.6416 -13.5795 28.9462 -1.1527 6.667
65 10 Car -1 -1 -1.7344 961 195 1115 296 1.5743 -1.4426 -3.5965 -1.6603 -7.2231 12.2766 -1.2026 11.805
65 13 Car -1 -1 1.9162 669 176 715 204 1.632 -1.5507 -4.0068 -1.3261 -5.9637 48.2223 2.0392 7.5335
65 6 Car -1 -1 -1.7387 946 186 1054 257 1.6259 -1.6065 -3.6644 -1.748 -9.6577 17.5574 -1.2358 9.1268
65 2 Car -1 -1 2.3649 169 157 405 259 1.7818 -1.8142 -4.6568 -1.4088 6.5319 15.1132 1.9569 9.4973
66 7 Car -1 -1 -1.4904 875 182 920 221 1.5614 -1.5322 -3.2722 -1.6067 -12.1029 29.1849 -1.0973 5.3973
66 13 Car -1 -1 1.97 628 174 674 203 1.6225 -1.6335 -3.8271 -1.309 -3.1715 47.2187 2.0371 7.8291
66 6 Car -1 -1 -1.7255 912 184 1018 257 1.653 -1.6514 -3.8124 -1.7082 -8.7503 17.6423 -1.265 8.6936
66 10 Car -1 -1 -1.7539 926 191 1083 297 1.6013 -1.438 -3.6963 -1.6708 -6.5528 12.1002 -1.2575 11.8175
66 2 Car -1 -1 2.3909 89 158 348 265 1.7595 -1.7757 -4.5398 -1.409 7.3955 14.0895 1.9075 9.8698
67 13 Car -1 -1 1.9628 590 172 637 202 1.5951 -1.6063 -3.7946 -1.2378 -0.5806 45.8913 1.9755 7.1553
67 11 Car -1 -1 -10 842 179 886 217 -1 -1 -1 -1000 -1000 -1000 -10 0
67 10 Car -1 -1 -1.8191 902 186 1059 297 1.561 -1.5416 -3.4865 -1.6526 -5.9656 11.8087 -1.3513 11.7408
67 6 Car -1 -1 -1.7622 880 181 987 255 1.6489 -1.6199 -3.9726 -1.6175 -7.8615 17.4897 -1.3397 8.4206
67 2 Car -1 -1 2.401 0 156 299 273 1.7692 -1.7703 -4.6875 -1.4145 8.1063 13.1842 1.8497 10.8765
68 13 Car -1 -1 1.9566 555 170 603 200 1.6641 -1.6986 -3.8776 -1.0665 1.5453 44.566 1.922 7.4576
68 7 Car -1 -1 -1.5031 814 176 859 215 1.5595 -1.4829 -3.2704 -1.3068 -9.491 28.9518 -1.1863 7.9701
68 10 Car -1 -1 -1.8239 879 184 1040 297 1.5578 -1.4888 -3.5079 -1.546 -5.4615 11.5305 -1.3815 12.0067
68 6 Car -1 -1 -1.7427 853 177 957 252 1.6712 -1.6203 -4.1737 -1.5674 -7.1496 17.267 -1.3501 10.2292
68 2 Car -1 -1 2.4258 0 149 246 284 1.7382 -1.9185 -4.4027 -1.4763 8.6583 12.337 1.8138 9.403
69 13 Car -1 -1 1.9625 524 168 572 200 1.621 -1.704 -3.7773 -0.9931 3.4125 43.063 1.8834 9.5659
69 10 Car -1 -1 -1.8202 858 184 1029 301 1.5335 -1.4308 -3.2605 -1.5573 -4.9999 11.1401 -1.3984 13.0027
69 7 Car -1 -1 -1.5367 790 174 835 214 1.5821 -1.5005 -3.3664 -1.2649 -8.4598 28.7748 -1.2507 9.3374
69 6 Car -1 -1 -1.7741 831 176 937 252 1.6845 -1.6696 -4.1522 -1.566 -6.5481 17.0199 -1.4068 10.5132
69 12 Car -1 -1 -10 781 175 816 205 -1 -1 -1 -1000 -1000 -1000 -10 0
69 2 Car -1 -1 2.4524 0 147 184 288 1.7184 -1.8166 -4.1612 -1.3888 9.1368 11.3166 1.7732 9.4436
70 13 Car -1 -1 1.9775 494 166 545 199 1.5876 -1.6381 -3.6381 -0.9115 4.9583 41.5742 1.8588 9.453
70 7 Car -1 -1 -1.5084 771 174 815 214 1.5868 -1.5173 -3.3209 -1.2705 -7.6107 28.4395 -1.2469 7.4999
70 6 Car -1 -1 -1.7732 815 174 927 253 1.6551 -1.6009 -4.1122 -1.496 -5.96 16.5795 -1.4281 10.1468
70 10 Car -1 -1 -1.8551 844 184 1026 306 1.565 -1.4554 -3.7939 -1.5862 -4.6764 10.7213 -1.4438 12.391
70 12 Car -1 -1 -10 760 174 792 203 -1 -1 -1 -1000 -1000 -1000 -10 0
70 2 Car -1 -1 2.4418 0 137 129 302 1.7145 -1.9006 -4.2326 -1.4032 9.4478 10.3299 1.701 5.7661
71 6 Car -1 -1 -1.7885 800 173 914 253 1.659 -1.5673 -4.0475 -1.4836 -5.5628 16.1166 -1.4562 11.2106
71 7 Car -1 -1 -1.5832 755 173 800 214 1.581 -1.567 -3.3723 -1.2199 -6.8417 28.0334 -1.3439 10.2456
71 13 Car -1 -1 1.9706 467 167 521 201 1.637 -1.7064 -3.8387 -1.0265 6.2197 40.1176 1.8168 10.3513
71 10 Car -1 -1 -1.8659 832 182 1030 313 1.5814 -1.4773 -3.5238 -1.5323 -4.3705 10.1996 -1.4611 12.3402
71 12 Car -1 -1 -10 744 174 776 203 -1 -1 -1 -1000 -1000 -1000 -10 0
71 2 Car -1 -1 2.4715 0 156 77 323 1.655 -1.7278 -4.2612 -1.4838 9.7025 9.5095 1.6761 4.1535
72 13 Car -1 -1 1.9742 441 169 498 206 1.6757 -1.7188 -3.9706 -1.1761 7.3311 38.5904 1.7865 10.2766
72 7 Car -1 -1 -1.4891 741 174 787 216 1.5479 -1.4685 -3.33 -1.2476 -6.2969 27.5308 -1.2643 9.161
72 6 Car -1 -1 -1.7945 788 174 909 259 1.6872 -1.6505 -4.1608 -1.553 -5.2305 15.6383 -1.4717 10.9388
72 10 Car -1 -1 -1.8959 827 185 1037 320 1.578 -1.436 -3.7106 -1.5312 -4.1813 9.7232 -1.4898 13.6572
72 12 Car -1 -1 -10 730 176 764 206 -1 -1 -1 -1000 -1000 -1000 -10 0
73 13 Car -1 -1 1.9882 416 173 477 211 1.6653 -1.7527 -3.9408 -1.3964 8.2683 37.0011 1.7683 10.0369
73 7 Car -1 -1 -1.6193 730 178 776 218 1.5337 -1.48 -3.2778 -1.3653 -5.6433 27.0699 -1.4138 8.7099
73 10 Car -1 -1 -1.8916 822 190 1050 329 1.5884 -1.4613 -3.7201 -1.5608 -3.9607 9.2301 -1.4862 13.2112
73 6 Car -1 -1 -1.8189 779 176 907 263 1.6654 -1.5822 -4.2712 -1.5835 -4.8798 15.1422 -1.5071 11.7732
73 12 Car -1 -1 -10 720 179 755 209 -1 -1 -1 -1000 -1000 -1000 -10 0
73 14 Car -1 -1 -10 706 177 730 198 -1 -1 -1 -1000 -1000 -1000 -10 0
74 7 Car -1 -1 -1.5486 721 178 768 221 1.5658 -1.5751 -3.335 -1.4577 -5.3017 26.541 -1.3514 7.2922
74 13 Car -1 -1 1.9881 392 173 457 213 1.6739 -1.7305 -3.9876 -1.4007 9.0051 35.4175 1.7391 10.8114
74 10 Car -1 -1 -1.9378 823 190 1074 345 1.6042 -1.5342 -3.584 -1.6539 -3.8118 8.6151 -1.5213 11.0712
74 6 Car -1 -1 -1.8286 774 178 906 268 1.6308 -1.6101 -3.9828 -1.5705 -4.621 14.476 -1.5196 11.4225
74 12 Car -1 -1 -10 708 179 743 210 -1 -1 -1 -1000 -1000 -1000 -10 0
74 14 Car -1 -1 -10 697 179 722 200 -1 -1 -1 -1000 -1000 -1000 -10 0
75 7 Car -1 -1 -1.6271 713 178 763 221 1.597 -1.5362 -3.3365 -1.4375 -4.8497 25.8721 -1.4418 10.1838
75 13 Car -1 -1 2.025 369 172 439 214 1.6693 -1.6924 -4.0466 -1.3936 9.5856 33.7754 1.7485 10.6535
75 6 Car -1 -1 -1.8303 772 177 910 272 1.6458 -1.5885 -4.195 -1.5721 -4.4578 13.9339 -1.5206 10.3878
75 10 Car -1 -1 -1.9476 821 190 1108 360 1.5663 -1.4381 -3.7462 -1.5748 -3.6914 8.0059 -1.5155 11.3335
75 12 Car -1 -1 -1.6775 700 179 735 209 1.5932 -1.6066 -3.5622 -1.4435 -5.4329 30.8515 -1.5032 5.2666
75 14 Car -1 -1 -10 689 178 714 199 -1 -1 -1 -1000 -1000 -1000 -10 0
76 7 Car -1 -1 -1.6011 707 178 758 221 1.5694 -1.5077 -3.3208 -1.4706 -4.5895 25.2358 -1.4212 10.3567
76 6 Car -1 -1 -1.852 772 178 917 280 1.6697 -1.5629 -4.3305 -1.5723 -4.326 13.3636 -1.539 11.0429
76 10 Car -1 -1 -1.9987 830 192 1154 370 1.5617 -1.4757 -3.4599 -1.6229 -3.5455 7.3407 -1.5488 13.1594
76 13 Car -1 -1 2.0255 346 172 419 217 1.671 -1.6948 -4.0918 -1.388 10.0793 32.3244 1.7232 11.8108
76 12 Car -1 -1 -1.6809 696 179 733 211 1.6062 -1.5858 -3.709 -1.4734 -5.0659 30.3627 -1.5156 5.9776
76 14 Car -1 -1 -10 680 179 704 199 -1 -1 -1 -1000 -1000 -1000 -10 0
76 15 Car -1 -1 -10 692 180 728 209 -1 -1 -1 -1000 -1000 -1000 -10 0
77 7 Car -1 -1 -1.5852 702 177 754 222 1.5601 -1.5363 -3.3082 -1.4651 -4.3301 24.6225 -1.4111 10.1546
77 10 Car -1 -1 -2.02 834 192 1208 370 1.5811 -1.4851 -3.6986 -1.6432 -3.4933 6.7551 -1.5427 13.5423
77 6 Car -1 -1 -1.8705 770 180 926 284 1.6404 -1.5126 -4.0055 -1.4753 -4.1351 12.6097 -1.5536 11.0492
77 13 Car -1 -1 2.0397 321 173 399 219 1.6923 -1.7693 -4.102 -1.4765 10.6114 30.7376 1.7072 10.1348
77 15 Car -1 -1 -1.6739 686 179 722 211 1.5852 -1.5695 -3.7879 -1.4169 -5.2805 40.7747 -1.5451 4.6567
77 14 Car -1 -1 -10 674 178 700 200 -1 -1 -1 -1000 -1000 -1000 -10 0
77 12 Car -1 -1 -1.6778 694 176 744 217 1.6678 -1.6084 -3.9085 -1.4715 -4.7308 29.7154 -1.5199 6.9079
78 7 Car -1 -1 -1.5624 697 178 751 225 1.5816 -1.5086 -3.4104 -1.4653 -4.0698 24.0528 -1.3948 10.9422
78 10 Car -1 -1 -2.0745 851 195 1219 371 1.5602 -1.5067 -3.6117 -1.657 -3.387 6.0632 -1.5651 12.0602
78 6 Car -1 -1 -1.8831 770 181 943 291 1.6262 -1.5516 -3.8748 -1.5582 -3.9852 11.9681 -1.5616 12.2227
78 15 Car -1 -1 -10 682 180 718 212 1.5852 -1.5695 -3.7879 -1.4169 -5.2805 40.7747 -10 0
78 13 Car -1 -1 2.0622 296 174 379 222 1.6901 -1.6986 -4.0881 -1.5092 10.9653 29.2644 1.7037 12.5391
78 14 Car -1 -1 -10 667 179 693 201 -1 -1 -1 -1000 -1000 -1000 -10 0
78 16 Car -1 -1 -10 515 179 546 197 -1 -1 -1 -1000 -1000 -1000 -10 0
78 12 Car -1 -1 -1.7129 686 181 730 217 1.5814 -1.598 -3.6222 -1.4818 -4.4137 29.1507 -1.5626 6.5125
78 17 Car -1 -1 -10 677 180 714 210 -1 -1 -1 -1000 -1000 -1000 -10 0
79 13 Car -1 -1 2.0903 269 174 360 224 1.6641 -1.7224 -4.0156 -1.5372 11.2951 27.7039 1.7032 10.5445
79 7 Car -1 -1 -1.6015 693 177 748 225 1.5481 -1.5286 -3.2686 -1.4543 -3.8535 23.3581 -1.438 8.2966
79 6 Car -1 -1 -1.9063 774 179 965 300 1.6783 -1.5232 -4.4526 -1.5364 -3.9134 11.3765 -1.575 12.0622
79 10 Car -1 -1 -2.1366 870 193 1219 371 1.5309 -1.4829 -3.609 -1.606 -3.3614 5.3885 -1.5788 9.42
79 12 Car -1 -1 -1.6853 684 178 728 214 1.5963 -1.5737 -3.6801 -1.4984 -4.2076 28.4048 -1.5383 7.7826
79 16 Car -1 -1 1.8204 506 178 537 197 1.6098 -1.4763 -4.0006 -1.2209 6.9517 59.2051 1.7035 4.4131
79 15 Car -1 -1 -1.6598 676 179 712 211 1.612 -1.556 -3.8807 -1.4842 -4.4142 34.2784 -1.5317 4.8361
79 14 Car -1 -1 -1.6525 663 178 689 200 1.603 -1.6292 -3.6448 -1.4865 -4.5678 39.4631 -1.5373 4.5044
80 13 Car -1 -1 2.1004 242 172 342 228 1.6705 -1.7619 -3.9937 -1.5498 11.4918 26.2625 1.6879 12.9156
80 6 Car -1 -1 -1.9191 776 178 985 309 1.6386 -1.5287 -4.0753 -1.5746 -3.8454 10.6691 -1.5731 12.4291
80 10 Car -1 -1 -2.177 889 194 1214 370 1.546 -1.5026 -3.6384 -1.6513 -3.3241 4.7398 -1.5654 8.6229
80 7 Car -1 -1 -1.5957 692 176 748 224 1.5586 -1.581 -3.2325 -1.4483 -3.7737 22.6098 -1.4303 9.0786
80 15 Car -1 -1 -1.6537 674 179 713 211 1.5923 -1.5799 -3.6607 -1.4563 -4.1903 33.5479 -1.5294 5.0782
80 16 Car -1 -1 1.7557 497 178 529 196 1.5758 -1.4548 -3.728 -1.1929 7.4885 57.4783 1.6261 5.1219
80 14 Car -1 -1 -10 659 177 686 200 1.603 -1.6292 -3.6448 -1.4865 -4.5678 39.4631 -10 0
80 12 Car -1 -1 -1.6833 685 176 737 220 1.5998 -1.5988 -3.6648 -1.4583 -4.0705 27.7269 -1.5375 7.3509
81 13 Car -1 -1 2.1163 213 172 320 230 1.7083 -1.7014 -4.237 -1.4939 11.7498 24.7277 1.6727 12.558
81 6 Car -1 -1 -1.9396 785 178 1016 318 1.6633 -1.5364 -4.2179 -1.5166 -3.7955 9.9158 -1.574 12.4354
81 12 Car -1 -1 -1.7087 686 175 742 221 1.5783 -1.5581 -3.7123 -1.3522 -3.8677 27.0061 -1.5665 7.6809
81 10 Car -1 -1 -2.2618 919 198 1219 370 1.5408 -1.4415 -3.6339 -1.592 -3.3023 4.0452 -1.5771 8.7499
81 7 Car -1 -1 -1.5751 692 176 755 228 1.5332 -1.5151 -3.072 -1.3763 -3.6699 21.9197 -1.4092 10.8462
81 15 Car -1 -1 -1.6396 673 178 714 211 1.6231 -1.5336 -3.8378 -1.3468 -4.138 32.7378 -1.5138 4.3516
81 16 Car -1 -1 -10 488 177 521 196 1.5758 -1.4548 -3.728 -1.1929 7.4885 57.4783 -10 0
81 14 Car -1 -1 -1.6352 656 176 683 198 1.6303 -1.6021 -3.7514 -1.302 -4.1404 38.056 -1.5268 5.2718
82 6 Car -1 -1 -1.9579 795 177 1061 333 1.6375 -1.503 -4.0687 -1.4757 -3.701 9.1335 -1.5729 12.504
82 12 Car -1 -1 -1.7065 682 176 736 220 1.6253 -1.6204 -3.7972 -1.4257 -3.7952 26.2985 -1.5632 6.8661
82 13 Car -1 -1 2.1539 176 173 299 232 1.6799 -1.7786 -4.1135 -1.5467 11.8894 23.2473 1.6812 11.8186
82 10 Car -1 -1 -2.4032 950 204 1220 371 1.5451 -1.5431 -3.787 -1.6371 -3.2884 3.1794 -1.6009 7.733
82 7 Car -1 -1 -1.6122 693 175 757 231 1.5879 -1.5811 -3.34 -1.4535 -3.5492 21.2191 -1.4465 9.3815
82 16 Car -1 -1 1.856 479 176 514 197 1.5772 -1.4572 -3.9287 -1.213 8.1886 54.3016 1.7063 5.3132
82 15 Car -1 -1 -1.6506 671 177 712 212 1.5987 -1.5592 -3.8472 -1.3365 -3.8951 32.0406 -1.5296 5.7079
82 14 Car -1 -1 -10 654 176 681 198 1.6303 -1.6021 -3.7514 -1.302 -4.1404 38.056 -10 0
83 13 Car -1 -1 2.1712 139 172 274 237 1.687 -1.7478 -3.9563 -1.5103 12.0463 21.6827 1.664 11.5744
83 6 Car -1 -1 -2.0057 800 179 1106 352 1.6707 -1.5245 -4.257 -1.54 -3.6923 8.4556 -1.5939 12.4291
83 12 Car -1 -1 -1.7183 681 176 737 221 1.5848 -1.5371 -3.6356 -1.3711 -3.666 25.4684 -1.5753 8.8145
83 7 Car -1 -1 -1.6252 692 175 759 233 1.5198 -1.5273 -3.292 -1.3856 -3.4241 20.4324 -1.4591 8.4412
83 15 Car -1 -1 -1.6514 670 177 712 213 1.5955 -1.5604 -3.8693 -1.3454 -3.8683 31.3347 -1.5286 5.4559
83 16 Car -1 -1 1.8603 471 177 507 197 1.6034 -1.4571 -3.9057 -1.1664 8.6007 52.6699 1.6985 5.2573
83 10 Car -1 -1 -10 1001 202 1222 368 1.5451 -1.5431 -3.787 -1.6371 -3.2884 3.1794 -10 0
83 14 Car -1 -1 -10 651 175 678 198 1.6303 -1.6021 -3.7514 -1.302 -4.1404 38.056 -10 0
83 17 Car -1 -1 -10 663 176 696 207 -1 -1 -1 -1000 -1000 -1000 -10 0
84 6 Car -1 -1 -2.0259 823 177 1180 370 1.6785 -1.5741 -4.193 -1.554 -3.6723 7.7294 -1.5824 12.1577
84 12 Car -1 -1 -1.705 680 175 739 222 1.5985 -1.5292 -3.5805 -1.3502 -3.5605 24.6048 -1.5613 8.8723
84 7 Car -1 -1 -1.6536 692 174 764 236 1.5881 -1.5909 -3.2448 -1.4584 -3.3193 19.6554 -1.4863 8.4347
84 13 Car -1 -1 2.1736 97 171 249 241 1.7216 -1.7614 -4.1621 -1.5634 12.173 20.2607 1.6326 13.5237
84 15 Car -1 -1 -1.6625 668 177 711 213 1.5561 -1.498 -3.5534 -1.2716 -3.6109 30.4915 -1.5446 5.6835
84 16 Car -1 -1 1.8482 462 176 500 198 1.5962 -1.4656 -4.0128 -1.2142 8.9571 50.9575 1.6742 8.4405
84 17 Car -1 -1 -10 650 175 677 198 -1 -1 -1 -1000 -1000 -1000 -10 0
84 14 Car -1 -1 -1.6707 659 176 695 207 1.6494 -1.6215 -3.9129 -1.3159 -3.7619 35.8948 -1.5663 4.2285
85 12 Car -1 -1 -1.7216 681 174 744 224 1.5932 -1.4846 -3.7415 -1.3532 -3.5112 23.8773 -1.5756 8.3153
85 13 Car -1 -1 2.2269 48 171 217 248 1.6567 -1.7235 -4.0454 -1.5429 12.2409 18.7802 1.6492 13.4953
85 6 Car -1 -1 -2.0694 836 175 1219 371 1.6589 -1.531 -4.2193 -1.516 -3.6185 6.9104 -1.587 12.1372
85 16 Car -1 -1 1.8242 454 176 494 198 1.6214 -1.5111 -3.9221 -1.1897 9.1646 49.325 1.6404 8.349
85 7 Car -1 -1 -1.6472 697 173 769 236 1.5256 -1.4692 -3.3262 -1.375 -3.3414 18.9386 -1.4726 9.3037
85 15 Car -1 -1 -1.6403 668 176 713 213 1.5587 -1.482 -3.6635 -1.26 -3.5972 29.7602 -1.52 5.9436
85 18 Car -1 -1 -10 649 174 677 198 -1 -1 -1 -1000 -1000 -1000 -10 0
85 14 Car -1 -1 -1.6588 659 175 696 206 1.6242 -1.6391 -3.7441 -1.2542 -3.6314 35.1237 -1.5558 6.4589
86 12 Car -1 -1 -1.7268 683 174 750 226 1.5832 -1.5647 -3.727 -1.393 -3.5269 23.1843 -1.5759 9.8379
86 13 Car -1 -1 2.2589 1 171 187 258 1.6775 -1.7095 -4.1629 -1.6391 12.2887 17.3188 1.6418 12.4766
86 7 Car -1 -1 -1.6465 699 173 777 240 1.5521 -1.5353 -3.3588 -1.3872 -3.2974 18.11 -1.4664 10.6791
86 6 Car -1 -1 -2.1207 857 175 1217 370 1.6009 -1.5222 -4.0835 -1.5232 -3.634 6.1233 -1.585 12.1191
86 16 Car -1 -1 1.862 445 176 489 200 1.6066 -1.4504 -3.9192 -1.1861 9.2307 47.5802 1.6704 8.3329
86 15 Car -1 -1 -1.6652 669 176 716 214 1.5601 -1.4883 -3.6986 -1.3142 -3.498 29.0462 -1.5453 4.8997
86 18 Car -1 -1 -10 649 174 678 199 -1 -1 -1 -1000 -1000 -1000 -10 0
86 14 Car -1 -1 -1.6306 659 176 697 207 1.6201 -1.6012 -3.7068 -1.2862 -3.5977 34.256 -1.526 5.7262
87 12 Car -1 -1 -1.7297 686 174 755 228 1.6011 -1.588 -3.6695 -1.3592 -3.4764 22.3297 -1.5752 9.4192
87 7 Car -1 -1 -1.6331 705 174 785 245 1.5578 -1.5464 -3.4063 -1.4215 -3.3163 17.3526 -1.4442 10.5851
87 13 Car -1 -1 2.3128 2 173 148 265 1.6571 -1.8197 -3.9673 -1.7285 12.3738 15.8482 1.6499 11.3243
87 6 Car -1 -1 -2.1881 877 175 1218 370 1.6589 -1.6322 -3.8536 -1.612 -3.6488 5.3051 -1.5857 11.4121
87 16 Car -1 -1 1.8896 438 177 482 203 1.6146 -1.4845 -4.0209 -1.2544 9.4612 45.9854 1.6866 8.3056
87 15 Car -1 -1 -1.6568 671 177 719 216 1.56 -1.5356 -3.6382 -1.3421 -3.5714 28.2099 -1.5309 6.8172
87 18 Car -1 -1 -10 650 175 678 200 -1 -1 -1 -1000 -1000 -1000 -10 0
87 14 Car -1 -1 -1.6582 660 176 701 210 1.6458 -1.6202 -3.8205 -1.2792 -3.6336 33.4514 -1.55 4.1554
88 12 Car -1 -1 -1.7408 689 174 761 231 1.6215 -1.5848 -3.6688 -1.3671 -3.5116 21.6084 -1.5797 8.4519
88 7 Car -1 -1 -1.6526 710 175 796 249 1.6016 -1.5916 -3.5207 -1.4292 -3.3365 16.5636 -1.4539 9.2989
88 16 Car -1 -1 1.911 430 178 476 205 1.5809 -1.4778 -3.8102 -1.3629 9.5345 44.1621 1.6984 9.4676
88 15 Car -1 -1 -1.6759 672 178 723 218 1.6178 -1.4816 -3.9567 -1.3629 -3.5908 27.3973 -1.5456 7.8578
88 6 Car -1 -1 -2.2704 909 182 1217 371 1.5422 -1.5235 -3.7241 -1.6339 -3.6316 4.4757 -1.5887 10.9883
88 13 Car -1 -1 2.3402 3 171 108 273 1.6829 -1.7662 -3.9749 -1.6852 12.3988 14.388 1.6289 8.7892
88 14 Car -1 -1 -1.6514 662 176 704 211 1.6015 -1.6308 -3.6495 -1.3175 -3.5595 32.593 -1.5426 6.4346
88 18 Car -1 -1 -1.6081 651 176 682 202 1.5817 -1.4866 -4.0809 -1.1992 -3.7664 44.4226 -1.5235 4.3051
89 16 Car -1 -1 1.9298 421 178 470 206 1.5811 -1.4357 -3.883 -1.3596 9.6001 42.6465 1.7084 7.6424
89 12 Car -1 -1 -1.7374 691 173 763 234 1.5881 -1.6012 -3.6703 -1.4461 -3.4928 20.702 -1.5702 9.0331
89 7 Car -1 -1 -1.6692 715 174 807 254 1.5461 -1.5361 -3.3013 -1.4604 -3.2801 15.7254 -1.4636 10.8629
89 15 Car -1 -1 -1.6955 674 178 727 220 1.5896 -1.5359 -3.722 -1.3371 -3.5088 26.5793 -1.5642 6.0409
89 6 Car -1 -1 -2.3596 957 181 1223 370 1.6568 -1.5619 -4.0495 -1.5336 -3.6357 3.6701 -1.5789 8.2282
89 14 Car -1 -1 -1.6495 663 176 707 212 1.6372 -1.6092 -3.8753 -1.3416 -3.5974 31.7616 -1.5367 5.287
89 18 Car -1 -1 -10 651 175 681 202 1.5817 -1.4866 -4.0809 -1.1992 -3.7664 44.4226 -10 0
89 13 Car -1 -1 2.3667 0 175 61 293 1.6664 -1.7644 -4.3808 -1.6941 12.457 12.8267 1.5959 7.338
90 7 Car -1 -1 -1.6739 720 175 819 260 1.5638 -1.5429 -3.3696 -1.4408 -3.3411 14.8757 -1.453 9.0891
90 12 Car -1 -1 -1.7652 695 174 772 236 1.5868 -1.5869 -3.6477 -1.4186 -3.4985 19.7656 -1.5901 8.4395
90 15 Car -1 -1 -1.6685 676 177 732 221 1.6043 -1.4791 -3.7659 -1.3813 -3.513 25.6265 -1.5323 6.6137
90 6 Car -1 -1 -2.4573 1012 185 1219 370 1.6072 -1.5889 -4.1451 -1.5195 -3.4835 2.8135 -1.5659 7.2172
90 16 Car -1 -1 1.9235 411 179 462 207 1.6059 -1.5114 -3.9061 -1.4558 9.7371 41.0444 1.6905 7.9518
90 14 Car -1 -1 -1.6703 664 176 711 214 1.6559 -1.5747 -4.0159 -1.3626 -3.5175 31.0526 -1.5575 6.405
90 18 Car -1 -1 -1.6346 652 176 685 203 1.6123 -1.4659 -4.0445 -1.1956 -3.5436 42.8017 -1.552 4.3181
91 7 Car -1 -1 -1.6626 727 175 835 263 1.5906 -1.532 -3.2386 -1.4743 -3.2943 14.0151 -1.4317 11.3481
91 16 Car -1 -1 1.9361 401 180 455 210 1.6195 -1.4496 -3.9822 -1.4307 9.8676 39.3267 1.6903 9.3912
91 12 Car -1 -1 -1.7511 697 175 778 240 1.6224 -1.6183 -3.615 -1.4583 -3.4805 19.0148 -1.57 10.1412
91 15 Car -1 -1 -1.6815 678 177 735 222 1.5902 -1.5133 -3.6979 -1.3904 -3.5141 24.8694 -1.5411 7.2947
91 14 Car -1 -1 -1.6784 665 177 713 215 1.6001 -1.6255 -3.6974 -1.394 -3.4504 30.096 -1.5642 6.6291
91 18 Car -1 -1 -10 652 176 685 203 1.6123 -1.4659 -4.0445 -1.1956 -3.5436 42.8017 -10 0
91 6 Car -1 -1 -2.5654 1098 186 1220 371 1.5586 -1.5157 -3.7796 -1.5084 -3.4948 2.2908 -1.5748 4.799
92 7 Car -1 -1 -1.6937 734 174 850 271 1.5624 -1.5435 -3.3273 -1.4734 -3.2877 13.1352 -1.4484 12.2451
92 12 Car -1 -1 -1.7642 701 174 789 244 1.5865 -1.5586 -3.4956 -1.4156 -3.4637 18.125 -1.5754 11.7065
92 14 Car -1 -1 -1.6685 667 177 717 217 1.6191 -1.5087 -3.8409 -1.3601 -3.4986 29.1919 -1.5492 7.5774
92 16 Car -1 -1 1.944 389 181 446 212 1.5753 -1.5043 -3.6859 -1.4759 9.9529 37.5713 1.6851 8.9436
92 15 Car -1 -1 -1.6808 681 176 738 224 1.5696 -1.4766 -3.6802 -1.3992 -3.498 23.967 -1.5359 7.8346
92 18 Car -1 -1 -10 654 177 686 205 1.6123 -1.4659 -4.0445 -1.1956 -3.5436 42.8017 -10 0
93 12 Car -1 -1 -1.7779 706 175 801 247 1.5687 -1.5324 -3.4297 -1.4506 -3.4561 17.1328 -1.5789 10.2179
93 7 Car -1 -1 -1.7009 743 174 872 279 1.5863 -1.5845 -3.4817 -1.5327 -3.3239 12.2506 -1.4359 12.9574
93 14 Car -1 -1 -1.6869 668 176 721 219 1.6238 -1.5601 -3.856 -1.3408 -3.5102 28.4688 -1.5642 7.7507
93 16 Car -1 -1 1.9514 376 181 436 213 1.6023 -1.5575 -3.7732 -1.5353 10.0727 35.9126 1.6779 8.3137
93 15 Car -1 -1 -1.6859 683 177 748 228 1.5192 -1.4725 -3.4594 -1.3852 -3.4327 23.0096 -1.5378 8.4336
93 18 Car -1 -1 -10 654 177 688 205 1.6123 -1.4659 -4.0445 -1.1956 -3.5436 42.8017 -10 0
94 7 Car -1 -1 -1.7074 752 173 895 289 1.5831 -1.5498 -3.474 -1.4925 -3.3002 11.3611 -1.4247 12.2269
94 12 Car -1 -1 -1.7881 711 174 814 252 1.531 -1.55 -3.3048 -1.4225 -3.4517 16.2207 -1.5785 10.4543
94 16 Car -1 -1 1.9749 362 181 426 215 1.5923 -1.4854 -3.9406 -1.4661 10.1631 34.3765 1.6875 10.3221
94 14 Car -1 -1 -1.689 671 176 727 219 1.623 -1.6071 -3.8571 -1.3772 -3.4724 27.55 -1.5636 7.9807
94 15 Car -1 -1 -1.7048 686 176 756 228 1.5451 -1.4804 -3.6809 -1.3829 -3.4577 22.2256 -1.5505 8.7981
94 18 Car -1 -1 -1.6283 655 176 690 205 1.5795 -1.521 -3.6342 -1.2596 -3.6542 38.993 -1.5349 4.7644
95 16 Car -1 -1 1.9815 347 181 415 217 1.6095 -1.4738 -3.8472 -1.5173 10.2953 32.5754 1.6754 10.1852
95 12 Car -1 -1 -1.7994 717 174 827 257 1.5884 -1.5613 -3.6278 -1.4414 -3.4627 15.3649 -1.5777 10.778
95 14 Car -1 -1 -1.6728 672 176 729 220 1.6161 -1.5157 -3.8257 -1.3275 -3.4841 26.5358 -1.5423 8.686
95 15 Car -1 -1 -1.6979 690 175 762 233 1.6015 -1.4921 -3.8407 -1.4188 -3.4557 21.3889 -1.5377 9.4098
95 7 Car -1 -1 -1.7564 762 173 924 304 1.5986 -1.6033 -3.4375 -1.4844 -3.294 10.477 -1.4517 11.2527
95 18 Car -1 -1 -10 656 176 690 205 1.5795 -1.521 -3.6342 -1.2596 -3.6542 38.993 -10 0
96 15 Car -1 -1 -1.7114 692 176 768 236 1.5659 -1.4841 -3.6557 -1.4174 -3.4173 20.3889 -1.5453 9.5856
96 14 Car -1 -1 -1.6727 673 176 733 223 1.6048 -1.5522 -3.805 -1.3867 -3.456 25.6804 -1.5389 8.624
96 12 Car -1 -1 -1.8135 722 174 845 264 1.5634 -1.5814 -3.5407 -1.4642 -3.4457 14.3881 -1.5784 11.3025
96 16 Car -1 -1 2.0105 329 182 402 219 1.6111 -1.4763 -3.9938 -1.5232 10.39 30.9382 1.6865 12.2996
96 7 Car -1 -1 -1.7686 776 174 962 319 1.5887 -1.5793 -3.485 -1.5231 -3.303 9.4843 -1.4335 11.4644
96 18 Car -1 -1 -10 657 177 693 206 1.5795 -1.521 -3.6342 -1.2596 -3.6542 38.993 -10 0
97 14 Car -1 -1 -1.698 675 177 739 225 1.6035 -1.518 -3.8662 -1.4107 -3.4168 24.7095 -1.5606 8.5014
97 7 Car -1 -1 -1.7963 790 175 1011 340 1.5485 -1.5113 -3.4976 -1.4966 -3.2759 8.5993 -1.4323 12.0574
97 12 Car -1 -1 -1.83 729 175 863 273 1.5832 -1.5751 -3.5877 -1.5222 -3.4278 13.4867 -1.5811 11.8583
97 16 Car -1 -1 2.0306 311 182 391 222 1.6152 -1.5282 -3.9834 -1.5756 10.5024 29.3273 1.6867 12.6196
97 18 Car -1 -1 -1.6627 658 177 694 207 1.5922 -1.57 -3.6258 -1.3629 -3.8308 31.1627 -1.5404 5.7878
97 15 Car -1 -1 -1.7021 696 177 779 240 1.5825 -1.4869 -3.5988 -1.4052 -3.4722 19.4103 -1.5251 9.8606
98 7 Car -1 -1 -1.8338 808 177 1078 366 1.592 -1.543 -3.5359 -1.5103 -3.2704 7.7204 -1.4331 12.4046
98 15 Car -1 -1 -1.713 699 177 787 244 1.5754 -1.4976 -3.8021 -1.4587 -3.4432 18.6053 -1.53 11.0662
98 14 Car -1 -1 -1.7158 678 177 743 226 1.6108 -1.5386 -3.8494 -1.4122 -3.4415 23.8089 -1.5723 9.8014
98 18 Car -1 -1 -1.6549 658 177 696 208 1.5635 -1.4953 -3.6139 -1.3602 -3.4527 35.2215 -1.5571 5.5198
98 12 Car -1 -1 -1.8369 739 175 882 281 1.5975 -1.6328 -3.4396 -1.5547 -3.407 12.5541 -1.5719 12.5671
98 16 Car -1 -1 2.0389 288 182 376 225 1.6067 -1.5336 -3.9516 -1.5879 10.5855 27.6495 1.6733 12.2341
98 19 Car -1 -1 -1.6519 672 175 717 216 1.6217 -1.6149 -3.635 -1.4304 -3.7514 30.1744 -1.5282 6.5494
99 14 Car -1 -1 -1.699 680 177 750 229 1.6263 -1.5391 -4.085 -1.4192 -3.412 22.9166 -1.5512 8.6339
99 15 Car -1 -1 -1.7249 704 178 796 246 1.5369 -1.5195 -3.4569 -1.4582 -3.41 17.514 -1.5326 11.2629
99 7 Car -1 -1 -1.8887 833 171 1155 370 1.5539 -1.5345 -3.3464 -1.5316 -3.2878 6.6646 -1.4305 12.4374
99 12 Car -1 -1 -1.8591 748 174 917 290 1.5585 -1.5161 -3.4535 -1.5118 -3.4321 11.5751 -1.5709 11.4151
99 16 Car -1 -1 2.0697 265 181 360 228 1.6103 -1.483 -3.8322 -1.5895 10.6577 26.0428 1.6812 11.6426
99 18 Car -1 -1 -1.6596 659 177 700 210 1.5974 -1.4732 -3.9148 -1.3145 -3.4119 34.2868 -1.5605 6.8046
99 19 Car -1 -1 -1.6896 672 177 722 215 1.59 -1.4952 -3.5768 -1.3641 -3.7303 29.1461 -1.5623 7.8868
100 15 Car -1 -1 -1.7426 708 178 807 251 1.5431 -1.5078 -3.5996 -1.4698 -3.4064 16.5205 -1.5392 11.1876
100 14 Car -1 -1 -1.7118 684 177 754 231 1.622 -1.5714 -3.8876 -1.4207 -3.3858 21.9532 -1.5588 10.327
100 16 Car -1 -1 2.0808 240 181 342 231 1.6017 -1.5113 -3.7963 -1.5125 10.7527 24.465 1.6667 11.7174
100 12 Car -1 -1 -1.8926 756 173 948 303 1.5738 -1.572 -3.2501 -1.5113 -3.4294 10.571 -1.5789 12.932
100 18 Car -1 -1 -1.6358 660 177 701 210 1.6228 -1.5141 -3.8468 -1.3218 -3.4706 33.3238 -1.5321 5.287
100 7 Car -1 -1 -1.9563 862 177 1219 371 1.5594 -1.6116 -3.4785 -1.5236 -3.2885 5.6992 -1.433 11.1803
100 19 Car -1 -1 -1.6624 676 177 725 217 1.5981 -1.4986 -3.6539 -1.379 -3.7523 28.2659 -1.5304 7.8272
101 14 Car -1 -1 -1.7203 687 175 760 232 1.6281 -1.5497 -3.8437 -1.4335 -3.3661 20.8758 -1.5605 10.2345
101 16 Car -1 -1 2.1241 208 180 322 234 1.5784 -1.4428 -3.6534 -1.535 10.8506 22.7723 1.6795 13.6259
101 15 Car -1 -1 -1.7571 716 176 820 255 1.5508 -1.5313 -3.5214 -1.4541 -3.385 15.4851 -1.5419 11.5577
101 18 Car -1 -1 -1.6958 661 176 701 209 1.6216 -1.5634 -3.6762 -1.3632 -3.7149 27.3014 -1.5605 6.6218
101 12 Car -1 -1 -1.9071 767 172 987 317 1.5688 -1.5542 -3.4131 -1.4589 -3.4159 9.5932 -1.5651 12.8495
101 7 Car -1 -1 -2.0534 904 178 1222 370 1.5531 -1.5726 -3.5725 -1.5146 -3.2477 4.7185 -1.4506 9.4781
101 20 Car -1 -1 -10 568 173 590 191 -1 -1 -1 -1000 -1000 -1000 -10 0
102 15 Car -1 -1 -1.7742 722 176 838 260 1.5627 -1.5432 -3.4787 -1.4596 -3.3923 14.5411 -1.545 11.4669
102 12 Car -1 -1 -1.9458 788 171 1036 337 1.5852 -1.5446 -3.4263 -1.4963 -3.4152 8.6493 -1.5697 12.6866
102 14 Car -1 -1 -1.7304 690 174 768 236 1.6029 -1.5484 -3.8466 -1.3756 -3.3837 19.9064 -1.5621 10.1134
102 18 Car -1 -1 -1.6674 662 176 705 211 1.6099 -1.5366 -3.8139 -1.2723 -3.3655 31.4196 -1.5607 6.1096
102 7 Car -1 -1 -2.1777 958 179 1224 371 1.5989 -1.5776 -3.7866 -1.5222 -3.2609 3.628 -1.4455 8.5205
102 16 Car -1 -1 2.148 171 180 300 239 1.6231 -1.5664 -3.8073 -1.5313 10.9311 21.2103 1.6722 13.0739
102 20 Car -1 -1 -10 564 172 588 191 -1 -1 -1 -1000 -1000 -1000 -10 0
102 19 Car -1 -1 -1.6836 678 175 734 219 1.6378 -1.5525 -3.8743 -1.367 -3.6857 26.4309 -1.545 8.347
103 14 Car -1 -1 -1.7207 694 174 776 240 1.6026 -1.5253 -3.7416 -1.3853 -3.339 18.881 -1.5456 11.3266
103 12 Car -1 -1 -1.9738 804 172 1115 362 1.6229 -1.558 -3.6501 -1.5126 -3.4296 7.6601 -1.5529 13.1278
103 16 Car -1 -1 2.1951 129 181 273 245 1.5722 -1.4675 -3.8224 -1.5463 10.9935 19.5407 1.6827 13.4804
103 15 Car -1 -1 -1.7759 730 178 856 269 1.5499 -1.455 -3.3091 -1.4599 -3.3478 13.5025 -1.5329 12.8955
103 18 Car -1 -1 -1.6574 662 176 706 212 1.6085 -1.4593 -3.8759 -1.2948 -3.3019 30.4629 -1.5494 6.8227
103 7 Car -1 -1 -2.3374 1041 189 1225 370 1.5704 -1.5828 -3.7642 -1.5267 -3.2698 2.7065 -1.458 4.5221
103 20 Car -1 -1 1.6378 560 174 583 193 1.6202 -1.5526 -3.9272 -0.95 2.9189 61.4553 1.5904 4.9731
103 19 Car -1 -1 -1.6932 681 176 740 223 1.6217 -1.5742 -3.8863 -1.3626 -3.6795 25.3201 -1.5489 7.8079
104 14 Car -1 -1 -1.7359 698 176 790 246 1.6038 -1.5064 -3.7368 -1.4236 -3.3215 17.892 -1.5524 11.5712
104 15 Car -1 -1 -1.8003 738 178 877 280 1.5615 -1.5255 -3.3087 -1.5 -3.3772 12.576 -1.5379 12.2333
104 12 Car -1 -1 -2.0484 837 173 1207 370 1.5772 -1.5022 -3.6769 -1.492 -3.3901 6.5876 -1.5732 12.9256
104 18 Car -1 -1 -1.6497 662 177 710 214 1.6241 -1.5196 -3.9523 -1.3458 -3.3645 29.5441 -1.5363 8.2748
104 16 Car -1 -1 2.2241 79 182 243 252 1.5677 -1.4738 -3.6999 -1.5912 11.0599 17.9343 1.6715 13.4655
104 19 Car -1 -1 -1.6786 685 178 748 226 1.6278 -1.5874 -3.756 -1.4689 -3.6541 24.296 -1.5293 9.1504
104 20 Car -1 -1 -10 555 176 580 195 1.6202 -1.5526 -3.9272 -0.95 2.9189 61.4553 -10 0
105 14 Car -1 -1 -1.7429 703 177 801 251 1.6182 -1.5363 -3.7681 -1.4768 -3.3312 16.9082 -1.5484 11.3516
105 16 Car -1 -1 2.2764 16 185 208 262 1.6045 -1.541 -3.8887 -1.6622 11.1257 16.4182 1.6809 12.7354
105 15 Car -1 -1 -1.8225 749 179 904 294 1.5664 -1.49 -3.4337 -1.5086 -3.3344 11.5196 -1.5408 13.35
105 18 Car -1 -1 -1.6672 663 178 712 216 1.6074 -1.5056 -3.8595 -1.3967 -3.3436 28.5012 -1.5504 7.8458
105 12 Car -1 -1 -2.1095 866 176 1220 370 1.6054 -1.5774 -3.7133 -1.6329 -3.3811 5.598 -1.5661 11.4467
105 19 Car -1 -1 -1.6907 687 179 754 230 1.6388 -1.5555 -3.8471 -1.4983 -3.6344 23.3855 -1.5365 8.2959
105 20 Car -1 -1 1.7164 549 178 576 197 1.6314 -1.4677 -3.8805 -1.152 3.3935 56.0977 1.656 5.4564
