0 0 Car -1 -1 -10 566 169 584 184 -1 -1 -1 -1000 -1000 -1000 -10 0
1 1 Car -1 -1 -10 742 155 799 176 -1 -1 -1 -1000 -1000 -1000 -10 0
1 0 Car -1 -1 -10 564 169 583 183 -1 -1 -1 -1000 -1000 -1000 -10 0
2 1 Car -1 -1 -10 748 155 806 176 -1 -1 -1 -1000 -1000 -1000 -10 0
3 1 Car -1 -1 -10 752 155 813 176 -1 -1 -1 -1000 -1000 -1000 -10 0
3 0 Car -1 -1 -10 563 168 582 183 -1 -1 -1 -1000 -1000 -1000 -10 0
4 1 Car -1 -1 -10 755 154 814 175 -1 -1 -1 -1000 -1000 -1000 -10 0
4 0 Car -1 -1 -10 561 167 582 183 -1 -1 -1 -1000 -1000 -1000 -10 0
5 1 Car -1 -1 -10 758 154 820 175 -1 -1 -1 -1000 -1000 -1000 -10 0
5 0 Car -1 -1 -10 560 167 581 183 -1 -1 -1 -1000 -1000 -1000 -10 0
6 1 Car -1 -1 -10 762 152 825 175 -1 -1 -1 -1000 -1000 -1000 -10 0
6 0 Car -1 -1 -10 559 166 580 183 -1 -1 -1 -1000 -1000 -1000 -10 0
7 1 Car -1 -1 -10 771 153 830 174 -1 -1 -1 -1000 -1000 -1000 -10 0
7 0 Car -1 -1 -10 558 164 580 181 -1 -1 -1 -1000 -1000 -1000 -10 0
8 0 Car -1 -1 -10 557 165 580 182 -1 -1 -1 -1000 -1000 -1000 -10 0
8 1 Car -1 -1 -10 771 151 834 174 -1 -1 -1 -1000 -1000 -1000 -10 0
8 2 Car -1 -1 3.697 119 160 195 184 1.5481 -1.4384 -3.5289 -0.2434 26.7083 42.2342 3.1331 5.9344
9 0 Car -1 -1 -10 555 165 578 182 -1 -1 -1 -1000 -1000 -1000 -10 0
10 0 Car -1 -1 -10 554 163 576 181 -1 -1 -1 -1000 -1000 -1000 -10 0
11 0 Car -1 -1 1.688 553 160 576 178 1.6675 -1.5014 -4.3452 0.0734 3.3089 61.1645 1.6339 4.2144
12 0 Car -1 -1 1.6593 551 161 575 179 1.6681 -1.5724 -4.1091 0.0029 3.2627 59.8857 1.6049 4.9642
13 0 Car -1 -1 -1.4818 550 164 574 182 1.6077 -1.4672 -4.0429 -0.3321 3.5114 58.8547 -1.5414 5.0168
14 0 Car -1 -1 -1.5627 550 164 574 184 1.6008 -1.4406 -3.8069 -0.3948 3.5225 57.5182 -1.6239 5.6277
15 0 Car -1 -1 1.5938 548 165 573 185 1.6764 -1.532 -4.1522 -0.3587 3.6071 56.1532 1.5297 4.8567
16 0 Car -1 -1 -10 547 165 572 185 1.6764 -1.532 -4.1522 -0.3587 3.6071 56.1532 -10 0
17 0 Car -1 -1 -1.5022 545 164 571 184 1.6157 -1.4381 -3.9499 -0.384 3.6399 54.1863 -1.5693 6.1838
17 1 Car -1 -1 -10 810 148 887 177 -1 -1 -1 -1000 -1000 -1000 -10 0
18 0 Car -1 -1 1.6399 543 165 570 186 1.662 -1.4804 -3.9938 -0.2582 3.7074 52.6293 1.5696 5.9242
18 1 Car -1 -1 -10 817 147 897 176 -1 -1 -1 -1000 -1000 -1000 -10 0
19 0 Car -1 -1 -10 542 166 569 188 1.662 -1.4804 -3.9938 -0.2582 3.7074 52.6293 -10 0
19 1 Car -1 -1 -10 825 146 919 176 -1 -1 -1 -1000 -1000 -1000 -10 0
20 0 Car -1 -1 -1.5004 540 168 568 190 1.5998 -1.4508 -3.8567 -0.8041 3.565 50.4674 -1.5709 4.1275
20 1 Car -1 -1 -10 832 147 920 177 -1 -1 -1 -1000 -1000 -1000 -10 0
21 0 Car -1 -1 -1.4793 538 170 567 192 1.6114 -1.4301 -3.8299 -0.7829 3.6443 49.3022 -1.553 6.0714
21 1 Car -1 -1 -0.4202 835 147 931 179 1.6529 -1.4977 -4.342 0.0286 -13.9118 35.1979 -0.0438 4.9796
22 1 Car -1 -1 2.7069 845 145 943 181 1.6228 -1.4591 -4.2137 0.0172 -13.8652 33.914 3.095 4.9219
22 0 Car -1 -1 -1.521 536 169 565 193 1.608 -1.4433 -3.8265 -0.8524 3.7197 48.1423 -1.5981 5.5893
23 1 Car -1 -1 2.7122 851 145 953 180 1.6299 -1.4531 -4.1801 0.0462 -13.8911 32.8973 3.1118 5.5402
23 0 Car -1 -1 -1.5265 534 170 565 194 1.6032 -1.4228 -3.77 -0.8389 3.758 47.1148 -1.6061 7.6003
24 1 Car -1 -1 -10 859 144 967 180 1.6299 -1.4531 -4.1801 0.0462 -13.8911 32.8973 -10 0
24 0 Car -1 -1 -1.4883 532 169 563 194 1.6193 -1.4195 -3.7979 -0.8833 3.7507 45.937 -1.5698 7.3653
25 0 Car -1 -1 -1.4995 529 171 562 196 1.6386 -1.4898 -3.8794 -0.9549 3.7186 44.959 -1.5821 6.052
25 1 Car -1 -1 2.6574 867 144 980 181 1.6167 -1.4753 -4.1287 -0.036 -13.8379 30.5186 3.0831 5.0944
26 1 Car -1 -1 2.6429 880 146 994 184 1.6107 -1.4502 -4.1304 -0.1805 -13.8457 29.4956 3.0818 7.5427
26 0 Car -1 -1 -1.4977 527 174 561 199 1.5798 -1.4248 -3.7045 -1.1999 3.6276 43.5461 -1.5808 6.922
27 1 Car -1 -1 2.6441 888 148 1011 189 1.6433 -1.5005 -4.0972 -0.3219 -13.757 28.3063 3.0965 7.1333
27 0 Car -1 -1 -1.4691 524 176 559 203 1.6806 -1.4929 -4.4074 -1.3196 3.6982 42.7266 -1.5554 6.2015
28 1 Car -1 -1 2.6163 900 148 1027 191 1.6457 -1.5027 -4.176 -0.3185 -13.7874 27.3051 3.0839 7.4501
28 0 Car -1 -1 -1.4595 522 176 558 203 1.6367 -1.4616 -4.0065 -1.2435 3.7824 41.374 -1.5507 6.8543
29 1 Car -1 -1 2.5716 910 147 1048 191 1.5955 -1.47 -4.1065 -0.3235 -13.8167 26.1199 3.0582 6.8504
29 0 Car -1 -1 -1.4554 520 174 556 203 1.6074 -1.5147 -3.7696 -1.1906 3.7889 40.28 -1.5491 6.0241
30 1 Car -1 -1 2.5887 924 145 1068 191 1.6086 -1.5139 -3.9617 -0.3612 -13.6165 24.9671 3.088 8.9222
30 0 Car -1 -1 -1.487 517 175 555 204 1.5824 -1.4876 -3.7194 -1.2668 3.7553 39.1301 -1.5827 7.8082
31 1 Car -1 -1 2.5607 939 143 1087 192 1.5879 -1.421 -3.9064 -0.3055 -13.703 23.8596 3.082 10.3855
31 0 Car -1 -1 -1.4803 514 174 553 204 1.6038 -1.4621 -3.5926 -1.2249 3.7914 37.9161 -1.58 7.5966
32 1 Car -1 -1 2.5269 956 142 1109 191 1.6187 -1.4714 -4.1505 -0.2898 -13.6884 22.7588 3.0684 11.2743
32 0 Car -1 -1 -1.4566 512 173 552 204 1.5845 -1.4515 -3.5438 -1.1187 3.7371 36.8374 -1.5577 7.811
33 1 Car -1 -1 2.5246 970 140 1137 192 1.6402 -1.4182 -4.3241 -0.2467 -13.7912 21.6752 3.0913 11.322
33 0 Car -1 -1 -1.4737 509 173 551 205 1.5788 -1.4354 -3.4579 -1.1857 3.7757 35.6066 -1.5793 8.8618
34 1 Car -1 -1 2.5097 990 139 1162 195 1.6286 -1.4993 -4.1146 -0.3855 -13.7415 20.6097 3.0977 9.761
34 0 Car -1 -1 -1.4756 507 174 549 208 1.5927 -1.4584 -3.5311 -1.2168 3.7765 34.5901 -1.5843 8.2438
34 3 Car -1 -1 -10 891 147 979 174 -1 -1 -1 -1000 -1000 -1000 -10 0
35 0 Car -1 -1 -1.4727 503 174 549 208 1.6034 -1.5044 -3.5565 -1.2703 3.7383 33.543 -1.5836 9.3968
35 1 Car -1 -1 2.4714 1012 138 1195 197 1.6216 -1.4661 -4.2185 -0.4003 -13.6727 19.4757 3.0835 12.2611
36 0 Car -1 -1 -1.4622 500 173 547 208 1.5807 -1.4194 -3.4933 -1.1913 3.7092 32.4359 -1.576 10.1582
36 1 Car -1 -1 2.4402 1042 134 1218 198 1.6479 -1.4352 -4.3465 -0.3385 -13.7879 18.4416 3.0822 12.0236
36 3 Car -1 -1 -10 909 146 992 174 -1 -1 -1 -1000 -1000 -1000 -10 0
37 1 Car -1 -1 2.4186 1062 133 1221 200 1.6298 -1.4568 -4.1284 -0.3792 -13.8084 17.3341 3.0912 8.4978
37 0 Car -1 -1 -1.4567 494 173 546 209 1.6049 -1.4632 -3.5269 -1.1864 3.6911 31.3418 -1.574 10.5021
37 3 Car -1 -1 -10 919 145 1002 173 -1 -1 -1 -1000 -1000 -1000 -10 0
38 0 Car -1 -1 -1.4516 492 174 543 211 1.593 -1.4755 -3.4821 -1.1834 3.7147 30.2674 -1.5737 9.0699
38 1 Car -1 -1 2.3909 1093 131 1224 203 1.6491 -1.5219 -4.3153 -0.3898 -13.8722 16.3026 3.0959 10.2198
39 0 Car -1 -1 -1.458 489 173 542 212 1.5999 -1.5142 -3.4403 -1.2046 3.6816 29.2341 -1.5832 11.3912
39 1 Car -1 -1 2.3519 1125 133 1225 206 1.6228 -1.5641 -4.2082 -0.4877 -13.8784 15.1544 3.0934 8.1841
40 0 Car -1 -1 -1.4362 486 173 541 214 1.5801 -1.4588 -3.6075 -1.2072 3.6038 28.3022 -1.5628 11.0853
40 3 Car -1 -1 -10 939 145 1031 174 -1 -1 -1 -1000 -1000 -1000 -10 0
40 1 Car -1 -1 -3.8545 1158 126 1223 209 1.6378 -1.5396 -4.2315 -0.5324 -13.8097 14.1058 -3.0797 4.0983
41 0 Car -1 -1 -1.4342 482 174 540 217 1.5273 -1.4341 -3.2902 -1.2391 3.5753 27.179 -1.565 11.0471
41 3 Car -1 -1 -10 950 146 1044 174 -1 -1 -1 -1000 -1000 -1000 -10 0
42 0 Car -1 -1 -1.4215 477 175 538 220 1.6088 -1.4422 -3.7627 -1.2465 3.5852 26.3253 -1.5569 9.3892
42 3 Car -1 -1 -0.5218 956 147 1056 178 1.6973 -1.57 -4.4453 0.0701 -23.8362 42.5162 -0.0108 4.6844
43 0 Car -1 -1 -1.4249 473 173 536 219 1.5791 -1.4473 -3.6232 -1.2251 3.5077 25.336 -1.5624 12.3065
43 3 Car -1 -1 -10 968 146 1065 176 1.6973 -1.57 -4.4453 0.0701 -23.8362 42.5162 -10 0
43 4 Car -1 -1 -0.413 897 160 976 186 1.5826 -1.4601 -3.8507 -0.3376 -19.2263 41.1006 0.0246 4.0527
44 0 Car -1 -1 -1.4262 468 171 535 220 1.541 -1.477 -3.5407 -1.2286 3.4851 24.2802 -1.5687 12.052
44 3 Car -1 -1 -10 979 146 1078 175 1.6973 -1.57 -4.4453 0.0701 -23.8362 42.5162 -10 0
44 4 Car -1 -1 -0.4164 898 156 991 183 1.6907 -1.5473 -4.4631 -0.1879 -19.258 40.1891 0.0305 4.2125
45 0 Car -1 -1 -1.4112 462 171 533 221 1.5319 -1.415 -3.5191 -1.1456 3.4895 23.3101 -1.5598 12.0178
45 3 Car -1 -1 -0.5353 989 147 1085 177 1.6572 -1.551 -4.2065 0.0603 -23.9176 39.52 0.0089 6.8497
45 4 Car -1 -1 -0.4124 907 159 987 186 1.573 -1.446 -3.624 -0.3018 -18.924 39.1769 0.0376 5.5092
46 0 Car -1 -1 -1.4162 458 173 531 223 1.5931 -1.4553 -3.7397 -1.2272 3.4598 22.5114 -1.5687 12.3491
46 3 Car -1 -1 -0.5627 998 148 1099 180 1.6558 -1.5795 -4.3095 -0.037 -24.0229 38.5817 -0.0058 5.4976
46 4 Car -1 -1 -0.4191 913 159 996 186 1.5752 -1.4491 -3.6773 -0.3432 -18.8717 38.2656 0.0391 5.9748
47 0 Car -1 -1 -1.4088 451 172 529 226 1.5559 -1.4011 -3.6452 -1.2183 3.4278 21.5513 -1.5666 11.967
47 3 Car -1 -1 -0.5592 1009 149 1111 181 1.6351 -1.5196 -4.2628 -0.2131 -24.1001 37.6323 0.0104 5.9751
47 4 Car -1 -1 -3.5969 921 154 1023 186 1.7098 -1.6335 -4.5083 -0.3121 -19.3747 37.4537 -3.1195 4.4335
48 0 Car -1 -1 -1.4075 445 171 526 228 1.5694 -1.4514 -3.6575 -1.2422 3.4225 20.7248 -1.5711 12.3686
48 3 Car -1 -1 -10 1018 148 1127 180 1.6351 -1.5196 -4.2628 -0.2131 -24.1001 37.6323 -10 0
48 4 Car -1 -1 -0.4362 929 157 1021 186 1.589 -1.4483 -3.8982 -0.2893 -19.0263 36.4083 0.0454 6.1039
49 0 Car -1 -1 -1.3996 438 171 523 231 1.5653 -1.4416 -3.5724 -1.1823 3.3969 19.7218 -1.5701 12.3532
49 3 Car -1 -1 -0.5832 1029 145 1141 177 1.6701 -1.5565 -4.465 0.0456 -24.1292 35.8187 0.0097 8.0584
49 4 Car -1 -1 -0.4772 941 157 1033 187 1.5896 -1.4501 -3.7516 -0.3222 -19.1355 35.5325 0.0168 5.7221
50 0 Car -1 -1 -1.3929 432 171 520 233 1.5693 -1.4347 -3.6774 -1.2085 3.3958 18.962 -1.5701 12.5313
50 3 Car -1 -1 -0.5906 1040 144 1153 177 1.6391 -1.5604 -4.2336 0.0102 -24.1107 34.9304 0.0135 5.8895
50 4 Car -1 -1 -0.4942 952 157 1045 187 1.5886 -1.4394 -3.6784 -0.3363 -19.2439 34.6677 0.0126 6.0102
51 0 Car -1 -1 -1.3848 424 172 518 239 1.5519 -1.4443 -3.6489 -1.2992 3.3905 18.1466 -1.5695 13.8274
51 3 Car -1 -1 -0.592 1052 145 1169 182 1.6808 -1.5945 -4.4367 -0.1189 -24.1226 34.1852 0.0225 4.862
51 4 Car -1 -1 -0.4775 956 156 1064 187 1.6421 -1.4433 -4.2523 -0.315 -19.358 33.898 0.0414 7.898
52 0 Car -1 -1 -1.3775 416 175 516 244 1.5705 -1.4505 -3.6266 -1.3329 3.3428 17.4007 -1.5673 12.6203
52 3 Car -1 -1 -0.6225 1064 145 1182 182 1.7185 -1.6693 -4.4925 -0.2095 -24.1992 33.3624 0.005 6.5152
52 4 Car -1 -1 -0.5398 963 158 1065 188 1.6206 -1.4642 -4.0998 -0.5309 -19.3105 33.0403 -0.0108 5.9694
53 0 Car -1 -1 -1.3582 407 177 511 249 1.5586 -1.4299 -3.6278 -1.3739 3.3644 16.5347 -1.5589 13.1946
53 3 Car -1 -1 -0.6422 1079 145 1200 181 1.7157 -1.5806 -4.5236 -0.1992 -24.2277 32.5396 -0.0022 7.4119
53 4 Car -1 -1 -0.5087 974 158 1081 188 1.6311 -1.4469 -4.1557 -0.4202 -19.3859 32.2156 0.033 6.4077
54 0 Car -1 -1 -1.3604 397 176 508 252 1.5325 -1.3945 -3.5447 -1.3401 3.3073 15.8329 -1.5663 13.0073
54 3 Car -1 -1 -0.6391 1090 144 1218 181 1.7078 -1.612 -4.4191 -0.2436 -24.2177 31.799 0.0118 5.9809
54 4 Car -1 -1 -0.5264 980 158 1091 189 1.5888 -1.4398 -3.8393 -0.4768 -19.3474 31.4756 0.0247 7.197
55 0 Car -1 -1 -1.3504 385 175 506 257 1.5772 -1.449 -3.7295 -1.3905 3.3242 15.0394 -1.568 12.9299
55 3 Car -1 -1 -0.6635 1100 143 1223 183 1.6643 -1.5755 -4.4041 -0.1892 -24.3381 31.0037 0.002 9.99
55 4 Car -1 -1 -10 988 156 1104 189 1.5888 -1.4398 -3.8393 -0.4768 -19.3474 31.4756 -10 0
56 0 Car -1 -1 -1.3465 374 175 501 261 1.5564 -1.4332 -3.586 -1.393 3.3217 14.3383 -1.5741 13.1496
56 3 Car -1 -1 -10 1108 141 1220 180 1.6643 -1.5755 -4.4041 -0.1892 -24.3381 31.0037 -10 0
56 4 Car -1 -1 -3.6789 1005 152 1116 184 1.6197 -1.5297 -3.9471 -0.363 -19.2414 30.0147 -3.1088 5.8829
56 5 Car -1 -1 1.6564 474 168 500 188 1.6898 -1.4902 -4.2426 -0.6097 9.1162 55.1092 1.4925 4.6211
57 0 Car -1 -1 -1.3461 362 176 495 265 1.609 -1.5097 -3.8763 -1.4465 3.3105 13.7229 -1.5828 13.8682
57 3 Car -1 -1 -0.6501 1119 140 1223 180 1.659 -1.5219 -4.2324 -0.1533 -24.1911 29.5737 0.0355 5.252
57 4 Car -1 -1 -10 1001 147 1126 185 1.6197 -1.5297 -3.9471 -0.363 -19.2414 30.0147 -10 0
57 5 Car -1 -1 1.7038 474 169 502 189 1.5891 -1.4421 -3.5902 -0.6572 8.8464 53.9235 1.5412 5.9446
58 0 Car -1 -1 -1.3481 348 176 491 273 1.5792 -1.4214 -3.6986 -1.3945 3.2793 13.0511 -1.5943 15.6856
58 3 Car -1 -1 -0.6628 1130 140 1225 180 1.6385 -1.484 -4.0245 -0.2047 -23.9494 28.9125 0.0289 4.3771
58 5 Car -1 -1 1.671 472 168 499 188 1.6237 -1.4671 -3.9137 -0.5783 8.9399 53.3604 1.505 4.8168
59 0 Car -1 -1 -1.3128 335 177 486 279 1.5731 -1.4471 -3.8239 -1.4221 3.2987 12.3941 -1.5729 14.3345
59 3 Car -1 -1 -10 1139 139 1223 179 1.6385 -1.484 -4.0245 -0.2047 -23.9494 28.9125 -10 0
59 5 Car -1 -1 1.7059 471 168 500 188 1.6227 -1.4619 -3.7571 -0.583 8.8311 52.6175 1.5396 8.2031
60 0 Car -1 -1 -1.3087 317 179 483 286 1.5305 -1.4327 -3.6695 -1.4238 3.2617 11.748 -1.5795 13.1835
60 4 Car -1 -1 -0.5876 1046 156 1151 189 1.564 -1.4526 -3.5563 -0.3693 -19.3925 27.3619 0.0289 4.443
60 5 Car -1 -1 1.6898 470 168 498 188 1.6034 -1.4609 -3.6892 -0.5868 8.8408 52.0275 1.5215 6.8996
61 0 Car -1 -1 -1.3015 303 179 476 292 1.5821 -1.4569 -3.8099 -1.4413 3.2618 11.1996 -1.5849 13.8737
61 4 Car -1 -1 -3.7243 1059 149 1181 186 1.5945 -1.448 -3.8302 -0.4193 -19.2187 26.909 -3.1041 6.4218
61 5 Car -1 -1 1.7184 469 167 498 188 1.563 -1.4478 -3.5 -0.5543 8.781 51.4558 1.5494 5.7985
62 0 Car -1 -1 -1.2608 285 180 476 299 1.5279 -1.4508 -3.5222 -1.4772 3.249 10.6177 -1.5578 12.5317
62 4 Car -1 -1 -10 1067 149 1193 187 1.5945 -1.448 -3.8302 -0.4193 -19.2187 26.909 -10 0
62 5 Car -1 -1 1.6939 467 167 495 189 1.5608 -1.4619 -3.6054 -0.598 8.8078 50.5275 1.5213 7.2502
63 0 Car -1 -1 -1.2755 262 180 469 310 1.5396 -1.4043 -3.5863 -1.4435 3.2533 10.0952 -1.5872 13.1007
63 4 Car -1 -1 -10 1072 147 1200 186 1.5945 -1.448 -3.8302 -0.4193 -19.2187 26.909 -10 0
63 5 Car -1 -1 1.7536 464 168 495 189 1.5603 -1.4445 -3.5226 -0.6429 8.797 50.0601 1.5797 6.8033
64 0 Car -1 -1 -1.2528 243 182 464 321 1.6131 -1.4642 -3.8882 -1.4923 3.2583 9.6222 -1.5793 13.9785
64 4 Car -1 -1 -0.6198 1082 148 1212 188 1.6369 -1.464 -3.9906 -0.4234 -19.8714 25.1316 0.0493 4.5809
64 5 Car -1 -1 1.7068 464 168 495 190 1.6379 -1.5028 -3.9809 -0.6689 8.8577 50.2416 1.5323 7.0316
65 0 Car -1 -1 -1.2282 218 183 457 329 1.5292 -1.3773 -3.5987 -1.4478 3.2162 9.055 -1.5695 13.857
65 4 Car -1 -1 -0.6475 1085 150 1210 190 1.6178 -1.4544 -3.9051 -0.4098 -19.4285 24.6316 0.0203 6.7963
65 5 Car -1 -1 1.6904 464 168 493 190 1.5446 -1.4546 -3.5135 -0.6541 8.7562 49.3162 1.5147 6.9925
66 0 Car -1 -1 -1.2017 189 182 446 343 1.5543 -1.4322 -3.6073 -1.4989 3.2158 8.5753 -1.5605 15.0002
66 4 Car -1 -1 -0.631 1092 148 1224 192 1.586 -1.4523 -3.7663 -0.4078 -19.2501 24.2595 0.0397 4.4634
66 5 Car -1 -1 1.7092 463 169 491 191 1.5927 -1.5028 -3.8076 -0.7705 8.8782 49.164 1.5305 5.7212
67 0 Car -1 -1 -1.1805 165 184 437 358 1.595 -1.4636 -3.7675 -1.5101 3.236 8.1577 -1.5581 13.7453
67 4 Car -1 -1 -10 1104 149 1220 192 1.586 -1.4523 -3.7663 -0.4078 -19.2501 24.2595 -10 0
67 5 Car -1 -1 1.7666 461 169 491 191 1.5214 -1.5163 -3.4686 -0.8119 8.6367 48.6004 1.5907 6.0228
68 0 Car -1 -1 -1.1756 129 185 426 368 1.5659 -1.4317 -3.6626 -1.504 3.2119 7.6947 -1.571 14.0181
68 4 Car -1 -1 -10 1115 150 1219 193 1.586 -1.4523 -3.7663 -0.4078 -19.2501 24.2595 -10 0
68 5 Car -1 -1 1.7307 460 170 490 192 1.6268 -1.5513 -3.9637 -0.8501 8.64 48.2262 1.5535 5.0602
69 0 Car -1 -1 -1.1575 94 186 422 370 1.5673 -1.4549 -3.6076 -1.5006 3.2179 7.3101 -1.5722 14.0409
69 4 Car -1 -1 -10 1126 151 1222 192 1.586 -1.4523 -3.7663 -0.4078 -19.2501 24.2595 -10 0
69 5 Car -1 -1 1.7652 460 169 488 192 1.5713 -1.4459 -3.6226 -0.7611 8.6311 47.5258 1.5856 7.5261
70 0 Car -1 -1 -1.1337 44 186 411 371 1.5907 -1.4594 -3.679 -1.5505 3.2223 6.917 -1.5696 14.1906
70 4 Car -1 -1 -10 1135 151 1222 195 1.586 -1.4523 -3.7663 -0.4078 -19.2501 24.2595 -10 0
70 5 Car -1 -1 1.7416 458 170 488 193 1.5677 -1.446 -3.6073 -0.8544 8.644 47.2591 1.5607 6.9428
71 0 Car -1 -1 -1.1075 10 189 405 370 1.5483 -1.4057 -3.7345 -1.5111 3.2159 6.5619 -1.5632 13.8787
71 5 Car -1 -1 1.7643 456 170 488 193 1.702 -1.5812 -4.5161 -0.9577 8.7249 47.3127 1.5819 6.0792
71 4 Car -1 -1 -10 1143 153 1224 197 1.586 -1.4523 -3.7663 -0.4078 -19.2501 24.2595 -10 0
72 0 Car -1 -1 -1.1017 8 188 397 370 1.5164 -1.4118 -3.563 -1.519 3.1954 6.1156 -1.5832 14.3898
72 5 Car -1 -1 1.751 456 170 486 193 1.6146 -1.5266 -3.8244 -0.8799 8.7143 46.6811 1.5664 5.7986
72 4 Car -1 -1 -10 1151 151 1225 197 1.586 -1.4523 -3.7663 -0.4078 -19.2501 24.2595 -10 0
73 0 Car -1 -1 -1.082 6 188 378 370 1.5347 -1.3834 -3.7403 -1.5301 3.1897 5.8747 -1.5794 13.3525
73 5 Car -1 -1 1.7765 456 169 486 193 1.6095 -1.5118 -3.9473 -0.8845 8.6844 46.5273 1.592 7.621
73 4 Car -1 -1 -10 1163 148 1223 199 1.586 -1.4523 -3.7663 -0.4078 -19.2501 24.2595 -10 0
74 0 Car -1 -1 -1.0539 4 190 378 370 1.5688 -1.4436 -3.5937 -1.5609 3.205 5.5349 -1.5788 13.924
74 5 Car -1 -1 1.7902 455 169 485 193 1.6529 -1.6352 -3.9851 -0.9492 8.5438 46.0808 1.6068 6.5045
74 4 Car -1 -1 -10 1169 148 1224 198 1.586 -1.4523 -3.7663 -0.4078 -19.2501 24.2595 -10 0
75 0 Car -1 -1 -1.0228 5 189 371 371 1.54 -1.4182 -3.7399 -1.56 3.2106 5.1958 -1.5763 12.0775
75 5 Car -1 -1 1.7009 452 168 484 192 1.6096 -1.6345 -3.8214 -0.8878 8.6674 45.9243 1.5144 5.0086
76 0 Car -1 -1 -1.0089 7 192 366 370 1.5552 -1.443 -3.828 -1.5828 3.2149 5.0173 -1.5788 13.4447
76 5 Car -1 -1 -10 458 169 485 192 1.6096 -1.6345 -3.8214 -0.8878 8.6674 45.9243 -10 0
77 0 Car -1 -1 -0.9774 11 193 353 370 1.566 -1.4313 -3.9144 -1.5698 3.2142 4.826 -1.5649 11.8629
78 0 Car -1 -1 -0.9797 11 193 344 371 1.5455 -1.417 -3.8744 -1.5894 3.1851 4.5561 -1.5898 10.7133
79 0 Car -1 -1 -0.9512 11 194 337 370 1.548 -1.4227 -3.806 -1.5842 3.1999 4.3771 -1.5825 12.0901
79 5 Car -1 -1 -10 452 171 480 194 1.6096 -1.6345 -3.8214 -0.8878 8.6674 45.9243 -10 0
80 0 Car -1 -1 -0.924 12 195 329 370 1.5199 -1.4046 -3.7134 -1.5568 3.1976 4.1866 -1.5762 11.7579
80 5 Car -1 -1 1.8119 449 168 486 193 1.6372 -1.5784 -3.9026 -0.8476 8.5827 44.8077 1.6227 6.4671
81 0 Car -1 -1 -0.9151 9 195 325 370 1.532 -1.425 -3.8583 -1.5591 3.1691 4.0579 -1.5781 11.4752
81 5 Car -1 -1 1.7796 448 168 485 193 1.6616 -1.6135 -4.0489 -0.8974 8.6173 44.6103 1.5888 6.0211
82 0 Car -1 -1 -0.9196 9 195 323 370 1.5348 -1.4172 -3.672 -1.5537 3.1408 3.9964 -1.5857 10.0061
82 5 Car -1 -1 1.7367 449 168 482 194 1.6238 -1.6031 -3.9008 -0.9025 8.679 44.4213 1.5438 8.3464
82 6 Car -1 -1 2.3347 1174 145 1223 183 1.6216 -1.5326 -4.1169 -0.1383 -26.1321 29.2049 3.0646 5.7345
83 0 Car -1 -1 -0.8884 7 197 318 370 1.5443 -1.4137 -3.7866 -1.5926 3.1726 3.8095 -1.5829 10.233
83 5 Car -1 -1 1.7324 448 168 482 194 1.6226 -1.5936 -3.9285 -0.8764 8.6652 44.3529 1.5394 8.0379
84 0 Car -1 -1 -0.8939 8 198 314 370 1.5395 -1.4144 -3.6713 -1.5801 3.1239 3.7489 -1.5886 10.5442
84 5 Car -1 -1 1.7877 448 169 482 194 1.6154 -1.5247 -3.8721 -0.8248 8.5858 44.3018 1.5962 6.5383
84 6 Car -1 -1 2.3544 1154 143 1223 187 1.5866 -1.4937 -3.9214 -0.2261 -24.9518 28.7698 3.0688 5.0875
85 0 Car -1 -1 -0.856 10 197 308 370 1.5443 -1.4429 -3.9112 -1.5412 3.1723 3.6 -1.5783 10.0181
85 6 Car -1 -1 2.4003 1142 144 1224 185 1.5975 -1.4723 -4.0328 -0.2639 -24.3339 28.6777 3.104 4.6121
85 5 Car -1 -1 1.7409 448 169 482 194 1.6217 -1.5502 -3.9485 -0.8762 8.5666 44.0297 1.5487 7.0448
86 0 Car -1 -1 -0.8413 9 196 305 369 1.5726 -1.4342 -4.0763 -1.5752 3.1907 3.5184 -1.5779 11.5063
86 6 Car -1 -1 -10 1126 146 1223 186 1.5975 -1.4723 -4.0328 -0.2639 -24.3339 28.6777 -10 0
86 5 Car -1 -1 1.7199 447 169 481 195 1.6561 -1.5535 -4.1147 -0.9344 8.7009 44.2225 1.5256 6.9573
87 0 Car -1 -1 -0.8399 9 195 302 370 1.5546 -1.4324 -3.866 -1.5202 3.163 3.4746 -1.5784 9.4355
87 6 Car -1 -1 -0.7382 1113 146 1222 186 1.6129 -1.4438 -4.129 -0.2872 -23.1332 28.5898 -0.0579 7.0994
87 5 Car -1 -1 1.7307 447 170 481 195 1.6161 -1.4778 -3.8153 -0.874 8.7 43.8641 1.5349 7.3753
88 0 Car -1 -1 -0.8218 7 196 299 370 1.6122 -1.4401 -3.8977 -1.6705 3.1824 3.3407 -1.5829 11.3545
88 6 Car -1 -1 2.4022 1101 147 1223 186 1.6262 -1.4505 -4.1908 -0.3285 -22.5063 28.5657 3.0695 7.7011
88 5 Car -1 -1 1.7494 446 169 481 195 1.6742 -1.5153 -3.9684 -0.8781 8.6181 43.864 1.5554 7.495
89 0 Car -1 -1 -0.8215 7 196 300 370 1.5612 -1.4377 -3.9683 -1.5122 3.1832 3.3537 -1.5808 8.6985
89 6 Car -1 -1 -3.8691 1087 147 1215 187 1.649 -1.4495 -4.2609 -0.3089 -21.851 28.5168 -3.2152 8.3891
89 5 Car -1 -1 1.7523 446 169 481 195 1.6386 -1.5115 -3.8909 -0.8886 8.6513 43.8154 1.5573 8.1879
90 0 Car -1 -1 -0.8235 6 194 299 370 1.5752 -1.4515 -3.9324 -1.584 3.2117 3.453 -1.5727 9.9066
90 6 Car -1 -1 2.4754 1072 149 1200 189 1.6071 -1.4564 -4.0079 -0.3228 -21.2275 28.4626 3.1162 5.7592
90 5 Car -1 -1 1.7673 446 169 481 195 1.5799 -1.4406 -3.7743 -0.8687 8.6018 43.8202 1.5734 8.2244
91 0 Car -1 -1 -0.8285 6 194 297 369 1.5678 -1.4304 -3.9615 -1.5075 3.1832 3.3477 -1.5888 10.118
91 5 Car -1 -1 1.7072 446 170 481 195 1.6039 -1.4806 -3.8344 -0.8945 8.7194 43.8849 1.5111 5.4844
91 6 Car -1 -1 2.4952 1057 149 1193 189 1.6214 -1.4402 -4.1588 -0.3658 -20.5863 28.4452 3.1217 7.795
92 0 Car -1 -1 -0.8353 7 193 296 370 1.5494 -1.4385 -3.9439 -1.5817 3.1678 3.342 -1.5939 10.4359
92 6 Car -1 -1 2.5059 1043 150 1174 189 1.6451 -1.4885 -4.2054 -0.4397 -19.9101 28.4202 3.117 7.6963
92 5 Car -1 -1 1.7391 446 170 481 195 1.608 -1.4537 -3.7473 -0.8604 8.6353 43.8596 1.5447 7.519
93 0 Car -1 -1 -0.8235 5 197 297 370 1.5789 -1.4493 -4.1079 -1.6055 3.165 3.2993 -1.5881 9.4912
93 6 Car -1 -1 2.5581 1030 152 1154 191 1.6411 -1.4496 -4.2528 -0.4487 -19.4616 28.4991 3.1572 8.7676
93 5 Car -1 -1 1.729 446 171 482 196 1.6669 -1.5669 -4.0164 -1.0114 8.6703 43.8046 1.5336 6.2473
94 0 Car -1 -1 -0.8324 5 199 298 370 1.5696 -1.4476 -4.0799 -1.6036 3.1792 3.3841 -1.5866 9.6582
94 6 Car -1 -1 -3.705 1015 154 1138 194 1.6055 -1.5214 -3.7859 -0.4731 -18.6373 28.455 -3.1251 7.6033
94 5 Car -1 -1 1.756 447 172 481 198 1.6315 -1.6049 -4.0064 -1.091 8.5031 43.9826 1.5651 6.399
95 0 Car -1 -1 -0.8256 6 200 299 370 1.5652 -1.4312 -3.926 -1.6241 3.1686 3.3875 -1.5776 10.9043
95 5 Car -1 -1 1.736 447 173 481 198 1.6363 -1.5658 -4.0724 -1.1456 8.697 44.0219 1.541 8.6493
95 6 Car -1 -1 -3.6492 1003 155 1125 196 1.6443 -1.5252 -3.8556 -0.5507 -18.0657 28.5778 -3.0854 5.8408
96 0 Car -1 -1 -0.819 6 200 298 370 1.5652 -1.4497 -3.9903 -1.5566 3.1812 3.3314 -1.5814 8.6995
96 5 Car -1 -1 1.7678 447 172 481 198 1.6388 -1.5845 -4.1346 -1.0835 8.5296 43.9671 1.5762 5.5785
96 6 Car -1 -1 -10 979 156 1095 193 1.6443 -1.5252 -3.8556 -0.5507 -18.0657 28.5778 -10 0
97 0 Car -1 -1 -0.8161 6 199 299 370 1.5563 -1.4492 -3.9389 -1.5278 3.1826 3.403 -1.568 8.1941
97 5 Car -1 -1 1.696 447 173 481 198 1.675 -1.5939 -4.2614 -1.0845 8.5785 44.0259 1.5036 7.5378
97 6 Car -1 -1 -3.5663 960 158 1082 199 1.6681 -1.5094 -4.3327 -0.7227 -16.9538 28.6758 -3.0324 4.604
98 0 Car -1 -1 -0.8237 6 200 299 370 1.619 -1.4418 -4.0298 -1.5778 3.2052 3.3848 -1.5819 9.6811
98 5 Car -1 -1 1.7538 447 172 481 198 1.6638 -1.603 -4.0745 -1.0905 8.6448 43.9581 1.5596 6.6349
98 6 Car -1 -1 -3.5391 946 156 1064 199 1.6506 -1.4964 -4.2817 -0.7059 -16.1765 28.8278 -3.0277 6.3919
99 0 Car -1 -1 -0.8267 6 200 298 370 1.5624 -1.43 -3.8665 -1.5932 3.1907 3.4785 -1.569 8.0376
99 5 Car -1 -1 1.7161 447 172 481 197 1.6057 -1.5323 -3.8469 -1.0869 8.6804 43.8925 1.5209 8.7556
100 0 Car -1 -1 -0.8096 6 200 298 370 1.5761 -1.4397 -4.0686 -1.5254 3.2019 3.3567 -1.5714 8.7639
100 5 Car -1 -1 1.7007 447 173 481 198 1.6609 -1.6238 -4.0354 -1.1102 8.6007 43.9186 1.5074 6.1409
100 6 Car -1 -1 -3.3932 906 160 1026 199 1.656 -1.5687 -4.1406 -0.7646 -14.8175 29.2195 -2.9239 4.0661
101 0 Car -1 -1 -0.832 7 200 298 370 1.5768 -1.4341 -4.0334 -1.4982 3.1828 3.3484 -1.5921 8.6712
101 6 Car -1 -1 -10 894 159 1024 200 1.656 -1.5687 -4.1406 -0.7646 -14.8175 29.2195 -10 0
101 5 Car -1 -1 1.7235 447 172 481 197 1.6384 -1.5586 -3.843 -1.0532 8.7163 43.814 1.5271 7.8091
102 0 Car -1 -1 -0.8211 7 200 298 370 1.5608 -1.4435 -3.9613 -1.5741 3.2021 3.3931 -1.5776 9.6323
102 6 Car -1 -1 -3.276 876 159 993 200 1.6133 -1.429 -4.1045 -0.7235 -13.5387 29.5827 -2.8468 9.8069
102 5 Car -1 -1 1.7239 447 172 481 197 1.6125 -1.5609 -3.8003 -1.0653 8.6014 43.8939 1.5304 7.8795
103 0 Car -1 -1 -0.7992 7 200 298 370 1.5701 -1.4488 -4.0605 -1.5244 3.2436 3.2754 -1.5797 8.1009
103 6 Car -1 -1 -3.2206 860 160 974 201 1.6491 -1.4982 -4.1395 -0.7797 -13.0138 29.7965 -2.8088 6.7466
103 5 Car -1 -1 1.7128 447 172 481 198 1.6642 -1.6119 -3.9875 -1.0952 8.6463 44.0473 1.519 7.1662
104 0 Car -1 -1 -0.8289 7 199 299 370 1.5674 -1.438 -3.9813 -1.5775 3.1787 3.3573 -1.587 9.339
104 6 Car -1 -1 -3.1634 844 160 956 201 1.6325 -1.4594 -4.0859 -0.7716 -12.3031 30.0633 -2.775 7.595
104 5 Car -1 -1 1.7004 447 172 481 197 1.6609 -1.6335 -3.9996 -1.1052 8.6065 43.8386 1.5065 6.8734
105 0 Car -1 -1 -0.8272 8 200 300 370 1.5604 -1.438 -3.9648 -1.5851 3.1857 3.3647 -1.5852 9.7428
105 6 Car -1 -1 -3.0809 827 162 938 201 1.6174 -1.476 -4.0715 -0.8218 -11.6443 30.4244 -2.7154 8.6341
105 5 Car -1 -1 1.7184 447 172 482 197 1.672 -1.5849 -3.8901 -1.0873 8.6622 43.7913 1.5231 7.2137
106 0 Car -1 -1 -0.8254 7 200 299 370 1.5369 -1.4435 -3.9123 -1.5889 3.1486 3.3438 -1.5807 9.1178
106 6 Car -1 -1 -3.0134 809 163 919 202 1.618 -1.4435 -4.1111 -0.845 -10.941 30.7893 -2.672 8.1897
106 5 Car -1 -1 1.7461 447 172 481 198 1.5817 -1.5248 -3.8468 -1.0482 8.6025 43.9053 1.5527 7.0008
107 0 Car -1 -1 -0.825 7 200 300 370 1.5554 -1.4381 -3.9271 -1.6009 3.1805 3.3764 -1.5805 8.9775
107 5 Car -1 -1 1.7062 447 172 481 198 1.647 -1.6446 -3.9392 -1.1285 8.5778 43.9757 1.5136 8.0464
107 6 Car -1 -1 -2.9651 794 164 898 201 1.6023 -1.5834 -3.7672 -0.8777 -10.5996 31.009 -2.6358 8.2993
108 0 Car -1 -1 -0.8143 7 200 300 370 1.5491 -1.4431 -3.9621 -1.5452 3.1739 3.3608 -1.5711 8.7033
108 5 Car -1 -1 1.7091 447 172 482 197 1.6434 -1.5711 -3.957 -1.0951 8.7127 43.9112 1.5133 7.3636
108 6 Car -1 -1 -2.8745 773 165 877 200 1.6307 -1.5112 -3.8037 -0.8541 -10.0772 31.441 -2.5643 6.7508
109 0 Car -1 -1 -0.8129 8 200 300 370 1.5779 -1.4515 -4.0556 -1.5017 3.2011 3.3504 -1.5755 7.7232
109 5 Car -1 -1 1.7164 447 172 481 197 1.6691 -1.6256 -4.1406 -1.0755 8.7248 43.9263 1.5204 7.9894
109 6 Car -1 -1 -2.7814 776 165 864 199 1.6189 -1.4819 -3.9681 -0.7903 -9.3479 32.0247 -2.4974 5.1972
110 0 Car -1 -1 -0.8408 7 200 299 370 1.5512 -1.4419 -4.0066 -1.5613 3.1687 3.4243 -1.5874 9.5181
110 5 Car -1 -1 1.7069 447 172 481 198 1.7083 -1.6467 -4.2815 -1.1092 8.5761 43.9503 1.5142 7.281
110 6 Car -1 -1 -2.7271 756 165 854 201 1.6096 -1.4664 -3.78 -0.9099 -8.8215 32.4122 -2.4613 6.3575
111 0 Car -1 -1 -0.8363 8 200 299 370 1.5482 -1.4562 -3.9588 -1.565 3.1409 3.4218 -1.5789 8.5591
111 5 Car -1 -1 1.74 447 172 481 197 1.642 -1.611 -4.1424 -1.0648 8.5823 44.0222 1.5474 6.9156
111 6 Car -1 -1 -2.6587 743 167 831 200 1.6024 -1.5276 -3.7965 -0.8511 -8.317 32.8583 -2.4108 7.6703
112 0 Car -1 -1 -0.8277 8 199 300 370 1.5539 -1.4465 -3.9118 -1.579 3.1715 3.3731 -1.5823 8.8798
112 6 Car -1 -1 -2.596 730 167 821 201 1.5909 -1.4556 -3.7249 -0.8282 -7.8641 33.4129 -2.3649 8.6804
112 5 Car -1 -1 1.7563 447 172 481 197 1.6431 -1.61 -3.9877 -1.0574 8.5007 43.9034 1.5651 5.4715
113 0 Car -1 -1 -0.8342 7 200 300 370 1.5132 -1.4368 -3.7058 -1.498 3.1672 3.4066 -1.5832 7.6049
113 6 Car -1 -1 -2.4914 719 167 806 201 1.6037 -1.4327 -3.77 -0.8601 -7.4363 34.0251 -2.2762 8.0377
113 5 Car -1 -1 1.7548 447 172 481 197 1.6476 -1.6131 -3.9767 -1.0308 8.6864 44.112 1.5604 7.2572
114 0 Car -1 -1 -0.7896 7 200 299 370 1.5936 -1.4917 -4.0817 -1.6538 3.2021 3.2671 -1.565 10.9308
114 6 Car -1 -1 -2.422 709 167 793 200 1.6055 -1.4396 -3.9422 -0.8344 -6.9864 34.6581 -2.2231 8.413
114 5 Car -1 -1 1.7388 447 172 481 198 1.6704 -1.6337 -4.1411 -1.0828 8.6305 44.0177 1.5452 6.3031
115 0 Car -1 -1 -0.8214 7 199 299 370 1.5524 -1.4545 -4.0086 -1.5519 3.1439 3.3016 -1.5824 8.0134
115 6 Car -1 -1 -2.3636 701 167 780 200 1.6155 -1.4824 -3.9398 -0.8678 -6.5658 35.3706 -2.18 8.1492
115 5 Car -1 -1 1.7925 447 172 481 197 1.6515 -1.6195 -4.0154 -1.0846 8.501 43.919 1.6013 7.0233
116 0 Car -1 -1 -0.8244 7 199 299 370 1.5669 -1.4402 -4.0503 -1.5476 3.1861 3.3667 -1.5822 8.7699
116 6 Car -1 -1 -2.2931 693 168 767 198 1.6074 -1.5077 -3.8044 -0.8554 -6.2238 36.0401 -2.1221 8.5128
116 5 Car -1 -1 1.7517 447 172 481 198 1.6508 -1.5463 -3.7774 -1.0443 8.6106 43.7627 1.5575 6.9422
117 0 Car -1 -1 -0.8496 7 200 299 370 1.5526 -1.4241 -3.8461 -1.6066 3.1973 3.4458 -1.5976 9.8386
117 6 Car -1 -1 -2.2105 685 169 755 198 1.6171 -1.5131 -3.7971 -0.8756 -5.8862 36.6846 -2.0514 6.2307
117 5 Car -1 -1 1.7276 447 172 481 197 1.6527 -1.631 -4.0206 -1.0778 8.717 43.933 1.5318 7.1379
118 0 Car -1 -1 -0.8215 7 199 299 370 1.5821 -1.4561 -4.1184 -1.5735 3.1848 3.2792 -1.5923 8.0939
118 6 Car -1 -1 -2.1847 677 169 746 198 1.6265 -1.5285 -3.9642 -0.8524 -5.5727 37.4966 -2.0371 7.0597
118 5 Car -1 -1 1.7472 447 172 482 197 1.5833 -1.5563 -3.7895 -1.0389 8.6171 43.8935 1.5534 7.173
119 0 Car -1 -1 -0.8366 7 199 299 370 1.585 -1.4302 -3.9635 -1.6497 3.1815 3.4543 -1.581 10.2167
119 6 Car -1 -1 -2.1105 672 169 736 198 1.6609 -1.5325 -4.1119 -0.8272 -5.288 38.3199 -1.9734 9.1633
119 5 Car -1 -1 1.7195 447 172 481 197 1.6535 -1.6073 -4.0933 -1.061 8.6735 43.9782 1.5248 6.8481
120 0 Car -1 -1 -0.8168 7 200 299 370 1.5659 -1.4388 -4.0414 -1.6007 3.1872 3.321 -1.5816 9.8441
120 6 Car -1 -1 -2.0753 668 169 727 197 1.645 -1.5486 -3.9808 -0.8788 -4.9891 39.0503 -1.9482 8.0786
120 5 Car -1 -1 1.7794 447 172 481 197 1.6611 -1.6729 -4.0604 -1.1222 8.5823 44.0211 1.5868 7.2809
121 0 Car -1 -1 -0.7956 7 200 299 370 1.5591 -1.4432 -3.9648 -1.5671 3.1873 3.3675 -1.5535 8.4963
121 6 Car -1 -1 -2.009 665 169 718 196 1.6378 -1.5278 -3.9488 -0.8151 -4.7806 39.8794 -1.8897 8.8323
121 5 Car -1 -1 1.7502 447 172 481 197 1.5997 -1.5909 -3.9071 -1.0512 8.5961 43.8383 1.5565 6.1956
122 0 Car -1 -1 -0.8038 7 199 299 370 1.5646 -1.4401 -4.0136 -1.5188 3.2423 3.3022 -1.5801 8.44
122 6 Car -1 -1 -1.9217 663 169 711 196 1.6118 -1.4752 -3.6893 -0.7679 -4.5716 40.5582 -1.8095 9.2133
122 5 Car -1 -1 1.7625 447 172 481 197 1.6055 -1.5926 -3.8223 -1.046 8.5951 43.925 1.5693 7.2906
123 0 Car -1 -1 -0.831 7 200 299 370 1.5682 -1.4426 -4.0447 -1.5467 3.1799 3.3766 -1.5864 8.939
123 6 Car -1 -1 -1.8836 660 168 705 195 1.6263 -1.4855 -4.0298 -0.7972 -4.3816 41.7062 -1.779 7.0666
123 5 Car -1 -1 1.6749 447 172 481 197 1.6798 -1.5957 -4.0908 -1.1094 8.7239 43.959 1.479 7.4293
124 0 Car -1 -1 -0.8166 7 199 299 370 1.5698 -1.4355 -3.9854 -1.6046 3.1909 3.2974 -1.5856 8.9178
124 6 Car -1 -1 -1.8185 657 169 701 194 1.6561 -1.531 -4.0795 -0.7597 -4.2481 42.5033 -1.7189 6.9241
124 5 Car -1 -1 1.7369 447 172 481 197 1.5971 -1.5292 -3.7699 -1.0465 8.5758 43.9171 1.5441 7.3104
125 0 Car -1 -1 -0.8179 7 200 299 370 1.5552 -1.4406 -3.9817 -1.586 3.233 3.4078 -1.5769 11.1739
125 6 Car -1 -1 -1.7796 656 169 696 194 1.6006 -1.5232 -3.5392 -0.7532 -4.1922 43.2188 -1.6829 7.5962
125 5 Car -1 -1 1.8407 447 172 481 197 1.6605 -1.6101 -4.1143 -1.0647 8.4998 43.9104 1.6495 7.7366
126 0 Car -1 -1 -0.8218 7 200 299 370 1.5519 -1.4437 -3.9685 -1.5633 3.1696 3.372 -1.5763 8.5924
126 6 Car -1 -1 -1.7478 654 169 692 193 1.6262 -1.5281 -3.6977 -0.7746 -4.0444 44.2103 -1.6566 7.5813
126 5 Car -1 -1 1.6857 445 172 482 196 1.6327 -1.5836 -3.8726 -1.0648 8.6707 43.8362 1.4904 6.5242
127 0 Car -1 -1 -0.8221 7 199 300 370 1.5592 -1.4448 -4.0055 -1.5425 3.1796 3.3754 -1.5777 8.476
127 6 Car -1 -1 -1.722 652 168 688 193 1.6414 -1.55 -3.8065 -0.7362 -3.9768 45.2375 -1.6343 8.7919
127 5 Car -1 -1 1.7017 450 172 480 196 1.6301 -1.6172 -4.1034 -1.0546 8.4691 43.9871 1.5115 5.6384
128 0 Car -1 -1 -0.7892 7 200 299 370 1.5684 -1.4485 -4.0867 -1.6172 3.2345 3.2757 -1.5682 8.4959
128 6 Car -1 -1 -1.741 652 168 685 192 1.6575 -1.5735 -4.1436 -0.7856 -3.9358 46.327 -1.6562 7.0827
128 5 Car -1 -1 1.7534 447 171 484 198 1.6098 -1.606 -3.7547 -1.0898 8.5875 43.9548 1.5605 4.0098
129 0 Car -1 -1 -0.8189 7 200 299 370 1.5594 -1.4293 -3.9601 -1.6118 3.1939 3.334 -1.5828 9.5487
129 6 Car -1 -1 -1.6774 650 169 682 192 1.6388 -1.5342 -3.9384 -0.7104 -3.9817 47.3698 -1.5935 6.7374
129 5 Car -1 -1 1.6667 445 172 477 197 1.5899 -1.4933 -3.8269 -1.0128 8.921 44.0584 1.467 4.826
130 0 Car -1 -1 -0.8056 7 200 299 370 1.5713 -1.4429 -4.0519 -1.6272 3.1929 3.2413 -1.5834 8.7015
130 6 Car -1 -1 -1.6441 650 169 679 192 1.6472 -1.5924 -3.9952 -0.7237 -3.9989 48.2472 -1.5614 4.5549
130 5 Car -1 -1 1.6739 446 172 479 198 1.6187 -1.5539 -3.8158 -1.0615 8.8054 44.0094 1.4765 5.3828
131 0 Car -1 -1 -0.7997 7 199 299 370 1.5507 -1.4503 -3.9447 -1.5812 3.2237 3.3113 -1.5717 7.5394
131 6 Car -1 -1 -1.6415 649 169 677 191 1.6268 -1.5289 -4.0296 -0.685 -4.001 49.1829 -1.5603 5.5887
131 5 Car -1 -1 1.7278 447 172 485 199 1.6697 -1.5959 -4.156 -1.1297 8.5937 44.1954 1.5357 5.9726
132 0 Car -1 -1 -0.8283 7 199 299 370 1.5582 -1.4537 -3.9388 -1.6293 3.1643 3.4483 -1.5707 11.46
132 6 Car -1 -1 -1.6606 648 169 676 191 1.6096 -1.4433 -3.7534 -0.6887 -3.8942 49.9491 -1.5828 4.9834
132 5 Car -1 -1 1.7013 447 173 480 199 1.6902 -1.6559 -4.3088 -1.1376 8.7406 44.3216 1.5065 4.7986
133 0 Car -1 -1 -0.857 7 200 299 370 1.5425 -1.4256 -3.8152 -1.5582 3.208 3.5397 -1.5932 8.2669
133 6 Car -1 -1 -1.6992 647 169 674 190 1.6078 -1.4636 -3.768 -0.7268 -3.8684 51.0175 -1.6235 4.3051
133 5 Car -1 -1 1.7356 447 172 487 196 1.6679 -1.6407 -3.9715 -1.099 8.6236 44.0964 1.5425 6.3866
134 0 Car -1 -1 -0.8268 7 200 298 370 1.5501 -1.4399 -3.9356 -1.5914 3.2075 3.4259 -1.5793 9.1026
134 6 Car -1 -1 -1.6688 646 169 673 190 1.574 -1.4223 -3.5127 -0.6423 -3.8166 51.8391 -1.5953 5.6697
134 5 Car -1 -1 1.704 446 172 481 197 1.6266 -1.5662 -3.8253 -1.0935 8.6127 43.8974 1.5103 7.3457
135 0 Car -1 -1 -0.8065 7 200 298 370 1.5611 -1.4528 -3.9846 -1.5658 3.2264 3.3385 -1.5749 8.6936
135 6 Car -1 -1 -10 645 169 672 189 1.574 -1.4223 -3.5127 -0.6423 -3.8166 51.8391 -10 0
135 5 Car -1 -1 1.7492 447 172 481 198 1.6748 -1.6469 -4.2967 -1.1188 8.6628 43.988 1.5548 7.0424
136 0 Car -1 -1 -0.8168 7 200 299 370 1.5779 -1.4395 -4.0703 -1.5875 3.193 3.2667 -1.5908 9.483
136 6 Car -1 -1 -1.6252 644 168 670 189 1.6227 -1.5094 -3.7883 -0.6508 -3.9463 54.2294 -1.5526 5.144
136 5 Car -1 -1 1.7331 447 172 481 198 1.6552 -1.5905 -3.9768 -1.0919 8.626 43.812 1.5387 6.3106
137 0 Car -1 -1 -0.8278 7 199 299 370 1.5611 -1.4414 -4.0003 -1.5778 3.1849 3.3521 -1.5877 9.4558
137 6 Car -1 -1 -10 644 168 669 188 1.6227 -1.5094 -3.7883 -0.6508 -3.9463 54.2294 -10 0
137 5 Car -1 -1 1.7639 447 172 481 198 1.6189 -1.6167 -3.9781 -1.0765 8.5929 43.9041 1.5706 7.9131
138 0 Car -1 -1 -0.8247 8 199 299 370 1.5687 -1.4381 -3.9837 -1.5743 3.1813 3.328 -1.5876 8.6979
138 6 Car -1 -1 -10 643 168 668 188 1.6227 -1.5094 -3.7883 -0.6508 -3.9463 54.2294 -10 0
138 5 Car -1 -1 1.6948 447 172 482 197 1.6408 -1.5974 -3.9116 -1.072 8.7503 43.8199 1.4977 7.3154
139 0 Car -1 -1 -0.8387 7 199 300 370 1.5578 -1.4371 -3.9486 -1.5165 3.1733 3.3748 -1.5933 8.9591
139 5 Car -1 -1 1.6805 447 172 482 197 1.6624 -1.575 -3.9962 -1.0851 8.6881 43.8062 1.4847 7.0706
139 6 Car -1 -1 -10 643 168 668 188 1.6227 -1.5094 -3.7883 -0.6508 -3.9463 54.2294 -10 0
140 0 Car -1 -1 -0.8554 7 199 299 370 1.598 -1.4592 -4.0616 -1.579 3.1279 3.4074 -1.598 6.9083
140 6 Car -1 -1 -10 642 168 666 187 1.6227 -1.5094 -3.7883 -0.6508 -3.9463 54.2294 -10 0
140 5 Car -1 -1 1.7207 447 172 481 197 1.6662 -1.6096 -4.151 -1.0715 8.5706 43.9399 1.5281 7.4154
141 0 Car -1 -1 -0.8423 7 199 299 370 1.5433 -1.4399 -3.9468 -1.5867 3.1391 3.3959 -1.5884 9.5007
141 6 Car -1 -1 -10 642 167 665 187 1.6227 -1.5094 -3.7883 -0.6508 -3.9463 54.2294 -10 0
141 5 Car -1 -1 1.7288 447 172 482 197 1.6704 -1.6005 -4.0616 -1.0611 8.7244 44.0496 1.5333 7.5292
142 0 Car -1 -1 -0.8242 8 200 299 370 1.5742 -1.45 -4.031 -1.6061 3.1469 3.3459 -1.579 7.9721
142 6 Car -1 -1 -10 641 168 665 187 1.6227 -1.5094 -3.7883 -0.6508 -3.9463 54.2294 -10 0
142 5 Car -1 -1 1.728 446 172 481 197 1.6722 -1.645 -4.0698 -1.1036 8.6016 44.0967 1.5353 6.5279
143 0 Car -1 -1 -0.8431 7 199 300 370 1.555 -1.426 -3.8507 -1.6051 3.1413 3.3755 -1.5925 10.216
143 6 Car -1 -1 -10 641 168 664 187 1.6227 -1.5094 -3.7883 -0.6508 -3.9463 54.2294 -10 0
143 5 Car -1 -1 1.7155 447 172 481 198 1.6492 -1.6002 -3.9241 -1.0748 8.6969 44.0464 1.5206 7.6703
144 0 Car -1 -1 -0.8368 7 200 299 370 1.5519 -1.4421 -3.9728 -1.5781 3.1669 3.3632 -1.5922 9.94
144 5 Car -1 -1 1.7357 447 172 481 198 1.6024 -1.5648 -3.7242 -1.0761 8.684 43.8601 1.5402 8.0385
144 6 Car -1 -1 -10 641 168 663 186 1.6227 -1.5094 -3.7883 -0.6508 -3.9463 54.2294 -10 0
145 0 Car -1 -1 -0.84 7 200 299 370 1.5545 -1.4369 -3.9554 -1.584 3.1633 3.3726 -1.5934 9.5127
145 5 Car -1 -1 1.7631 447 172 481 198 1.6327 -1.5941 -4.127 -1.0677 8.6014 44.0409 1.5702 7.7134
145 6 Car -1 -1 -10 641 168 663 186 1.6227 -1.5094 -3.7883 -0.6508 -3.9463 54.2294 -10 0
146 0 Car -1 -1 -0.8514 7 200 299 370 1.549 -1.43 -3.8236 -1.6164 3.1336 3.4296 -1.5918 9.9039
146 5 Car -1 -1 1.6264 447 172 481 198 1.659 -1.5594 -3.8578 -1.0688 8.6904 43.8233 1.4307 7.7595
146 6 Car -1 -1 -10 640 168 661 186 1.6227 -1.5094 -3.7883 -0.6508 -3.9463 54.2294 -10 0
147 0 Car -1 -1 -0.8098 7 201 299 370 1.5995 -1.4413 -4.0114 -1.6163 3.1862 3.3242 -1.574 12.5607
147 5 Car -1 -1 1.7222 447 172 482 197 1.6273 -1.5966 -3.8634 -1.1096 8.6153 43.9713 1.5288 7.38
147 6 Car -1 -1 -10 639 168 660 185 1.6227 -1.5094 -3.7883 -0.6508 -3.9463 54.2294 -10 0
148 0 Car -1 -1 -0.8348 7 199 299 370 1.5469 -1.4402 -3.9176 -1.5697 3.1587 3.3457 -1.5915 10.3493
148 5 Car -1 -1 1.7204 447 172 481 198 1.6684 -1.6344 -4.1431 -1.0815 8.707 44.0103 1.525 6.9561
148 6 Car -1 -1 -10 640 169 659 185 1.6227 -1.5094 -3.7883 -0.6508 -3.9463 54.2294 -10 0
149 0 Car -1 -1 -0.8386 7 200 300 370 1.545 -1.4403 -3.9191 -1.5901 3.1498 3.3636 -1.5912 9.563
149 5 Car -1 -1 1.7226 447 172 481 197 1.6592 -1.6153 -4.1058 -1.0854 8.6655 43.9983 1.5282 7.0919
150 0 Car -1 -1 -0.8137 7 201 299 370 1.5594 -1.4428 -3.9453 -1.5912 3.1876 3.3904 -1.5683 8.324
150 5 Car -1 -1 1.7178 447 172 481 197 1.6516 -1.6563 -4.0861 -1.0893 8.6537 43.9365 1.5234 8.1912
151 0 Car -1 -1 -0.8168 7 200 300 370 1.5698 -1.4553 -4.054 -1.5732 3.1805 3.3815 -1.5716 8.1955
151 5 Car -1 -1 1.7092 447 172 481 197 1.6384 -1.5852 -3.9167 -1.0902 8.6024 43.9457 1.5159 7.5021
152 0 Car -1 -1 -0.8204 7 200 299 370 1.5522 -1.4378 -3.9544 -1.5346 3.1836 3.3582 -1.5791 9.178
152 5 Car -1 -1 1.6722 447 172 482 197 1.6677 -1.5901 -4.0516 -1.0636 8.7409 44.0366 1.4762 6.1422
153 0 Car -1 -1 -0.8338 7 199 299 370 1.5559 -1.4466 -3.9699 -1.5845 3.1738 3.4079 -1.5837 8.0927
153 5 Car -1 -1 1.7163 447 172 481 198 1.6999 -1.6368 -4.2888 -1.0773 8.6461 44.0403 1.5224 6.4886
154 0 Car -1 -1 -0.8368 7 200 299 370 1.5534 -1.4358 -3.9366 -1.5973 3.1849 3.4022 -1.5893 10.3276
154 5 Car -1 -1 1.6948 447 172 482 197 1.6369 -1.5999 -3.8912 -1.0829 8.6934 43.9797 1.4996 7.6331
155 0 Car -1 -1 -0.8034 8 200 299 370 1.5635 -1.4488 -3.9745 -1.6202 3.171 3.227 -1.5801 10.1645
155 5 Car -1 -1 1.71 447 172 482 197 1.6457 -1.5886 -3.8808 -1.0854 8.7019 43.8054 1.5139 7.6536
156 0 Car -1 -1 -0.82 7 200 299 370 1.5765 -1.4687 -4.0983 -1.5708 3.1454 3.3186 -1.5786 7.9262
156 5 Car -1 -1 1.6665 447 172 482 197 1.6569 -1.5571 -3.8762 -1.0725 8.7431 43.6628 1.4689 6.8938
157 0 Car -1 -1 -0.839 8 200 299 370 1.5644 -1.4554 -4.0176 -1.6358 3.1381 3.3443 -1.5926 8.7541
157 5 Car -1 -1 1.7216 447 172 481 197 1.6322 -1.5734 -3.9178 -1.099 8.6921 43.7289 1.5254 7.4717
158 0 Car -1 -1 -0.8053 8 199 299 370 1.5637 -1.4406 -4.0169 -1.5794 3.1805 3.3236 -1.5687 10.6991
158 5 Car -1 -1 1.7825 446 172 481 197 1.6478 -1.6077 -3.917 -1.0983 8.4985 43.7283 1.5906 7.4289
159 0 Car -1 -1 -0.8084 7 200 299 370 1.5684 -1.436 -3.9891 -1.5696 3.1942 3.3026 -1.5771 8.7905
159 5 Car -1 -1 1.7114 446 172 481 197 1.6465 -1.6169 -4.0141 -1.0595 8.6649 43.5206 1.5149 7.7002
160 0 Car -1 -1 -0.823 7 200 298 370 1.5715 -1.4483 -4.0776 -1.5642 3.1796 3.3324 -1.585 8.002
160 5 Car -1 -1 1.6854 446 172 481 198 1.6284 -1.5315 -3.9034 -1.0781 8.6706 43.4519 1.4884 7.4263
161 0 Car -1 -1 -0.7958 7 200 299 370 1.5724 -1.4832 -4.0271 -1.6081 3.21 3.2545 -1.5743 8.8911
161 5 Car -1 -1 1.7443 446 172 481 198 1.6624 -1.6432 -4.1163 -1.1117 8.4588 43.4405 1.552 7.6462
162 0 Car -1 -1 -0.8167 7 201 299 370 1.5645 -1.4469 -4.0492 -1.5787 3.17 3.3137 -1.5799 8.8112
162 5 Car -1 -1 1.7281 445 172 481 198 1.6503 -1.5975 -4.0902 -1.098 8.5141 43.3144 1.534 8.3886
163 0 Car -1 -1 -0.8199 8 200 300 370 1.5683 -1.4327 -3.9448 -1.6109 3.1788 3.3663 -1.5767 8.3757
163 5 Car -1 -1 1.7062 445 172 480 198 1.6213 -1.5962 -3.8161 -1.1153 8.6269 43.1008 1.5086 8.4593
164 0 Car -1 -1 -0.8052 8 200 299 370 1.5636 -1.4537 -4.0686 -1.5696 3.1789 3.2953 -1.5727 9.2142
164 5 Car -1 -1 1.7207 445 172 480 198 1.6579 -1.5546 -3.9193 -1.1005 8.5387 42.918 1.5243 7.6955
165 0 Car -1 -1 -0.8227 7 200 299 370 1.5509 -1.4508 -3.9938 -1.611 3.1595 3.3885 -1.5731 8.6181
165 5 Car -1 -1 1.6727 445 172 480 199 1.6501 -1.556 -3.9442 -1.0623 8.5592 42.6106 1.4744 7.1475
166 0 Car -1 -1 -0.8447 7 200 299 370 1.5615 -1.4485 -3.9691 -1.5831 3.1503 3.4312 -1.5875 7.3197
166 5 Car -1 -1 1.7238 444 172 480 199 1.6276 -1.5964 -3.9528 -1.108 8.5275 42.4485 1.5255 8.8114
167 0 Car -1 -1 -0.8495 8 200 299 370 1.537 -1.4405 -3.862 -1.535 3.1512 3.4845 -1.5847 8.3761
167 5 Car -1 -1 1.7564 444 172 480 199 1.6427 -1.5722 -3.9913 -1.0832 8.3372 42.2708 1.5617 7.5435
168 0 Car -1 -1 -0.8106 7 200 299 370 1.5518 -1.4523 -3.9335 -1.5521 3.1625 3.3208 -1.5716 8.1267
168 5 Car -1 -1 1.764 444 172 479 199 1.5939 -1.5135 -3.8205 -1.0708 8.3502 42.0559 1.568 8.6365
169 0 Car -1 -1 -0.8326 7 199 299 370 1.5734 -1.4431 -4.0856 -1.5477 3.183 3.3573 -1.5913 8.4034
169 5 Car -1 -1 1.7233 443 172 479 199 1.5974 -1.46 -3.8041 -1.0653 8.3574 41.7304 1.5256 7.1326
170 0 Car -1 -1 -0.8138 7 200 299 370 1.5689 -1.4517 -3.9251 -1.6147 3.172 3.322 -1.5761 11.2988
170 5 Car -1 -1 1.673 443 172 479 199 1.6091 -1.4962 -4.004 -1.0725 8.4401 41.4924 1.4724 9.0553
171 0 Car -1 -1 -0.82 8 199 299 370 1.5716 -1.447 -4.0447 -1.5743 3.1977 3.3975 -1.5751 8.9686
171 5 Car -1 -1 1.6849 442 172 478 199 1.6323 -1.5006 -4.0392 -1.0441 8.2727 41.0935 1.4862 8.0429
172 0 Car -1 -1 -0.8102 7 199 299 370 1.5665 -1.4387 -4.0178 -1.6015 3.1892 3.2979 -1.5788 10.0031
172 5 Car -1 -1 1.6876 442 172 478 199 1.6166 -1.4534 -4.1026 -1.0755 8.3513 40.8078 1.4857 8.6135
173 0 Car -1 -1 -0.832 7 199 299 370 1.5565 -1.4471 -3.963 -1.5367 3.1785 3.4535 -1.5759 7.9075
173 5 Car -1 -1 1.6383 441 172 478 200 1.6169 -1.517 -3.783 -1.1608 8.3439 40.3856 1.4345 7.9692
174 0 Car -1 -1 -0.8253 7 200 299 370 1.5684 -1.4518 -3.959 -1.5736 3.1793 3.3331 -1.5871 7.9371
174 5 Car -1 -1 1.6691 440 172 478 200 1.6055 -1.5207 -3.8388 -1.111 8.2291 39.8232 1.4654 9.3936
175 0 Car -1 -1 -0.8288 7 199 299 370 1.5298 -1.4286 -3.7819 -1.5943 3.2105 3.4206 -1.5825 8.6904
175 5 Car -1 -1 1.6963 440 172 478 201 1.6275 -1.5031 -4.022 -1.1312 8.1685 39.4921 1.4923 8.8524
176 0 Car -1 -1 -0.8157 7 200 299 370 1.5523 -1.4374 -3.97 -1.6183 3.2087 3.3683 -1.5768 8.7803
176 5 Car -1 -1 1.714 440 172 477 201 1.64 -1.5117 -4.1916 -1.1445 8.0864 39.1448 1.5103 7.1646
177 0 Car -1 -1 -0.8474 7 199 299 370 1.5632 -1.439 -3.9206 -1.5908 3.1506 3.4155 -1.5925 8.6421
177 5 Car -1 -1 1.7082 439 172 477 201 1.6334 -1.5513 -3.9095 -1.1216 7.9737 38.7564 1.5053 9.1076
178 0 Car -1 -1 -0.8108 7 200 299 370 1.5721 -1.4377 -3.9586 -1.5963 3.1885 3.3825 -1.5667 10.3386
178 5 Car -1 -1 1.6742 439 173 477 202 1.6527 -1.5849 -4.2306 -1.1421 7.9746 38.5887 1.4704 9.1099
179 0 Car -1 -1 -0.811 8 199 299 370 1.5453 -1.4479 -3.9691 -1.6073 3.1468 3.3422 -1.5663 9.6306
179 5 Car -1 -1 1.6565 439 173 477 202 1.5977 -1.4755 -4.0316 -1.1244 7.8628 38.0912 1.4529 8.2979
180 0 Car -1 -1 -0.839 7 199 299 370 1.5434 -1.4418 -3.8779 -1.5769 3.1411 3.4436 -1.5785 7.8726
180 5 Car -1 -1 1.6686 438 173 477 203 1.588 -1.4365 -3.8453 -1.0868 7.7365 37.5921 1.4656 7.914
181 0 Car -1 -1 -0.812 7 200 299 370 1.6089 -1.5392 -4.0626 -1.7152 3.1794 3.2481 -1.5867 9.8604
181 5 Car -1 -1 1.638 438 173 477 203 1.6377 -1.5253 -4.0936 -1.098 7.7807 37.3207 1.4325 7.3311
182 0 Car -1 -1 -0.8245 7 200 299 370 1.5591 -1.4408 -3.9814 -1.5949 3.1854 3.339 -1.5863 10.1444
182 5 Car -1 -1 1.5695 438 172 478 203 1.657 -1.4803 -4.1385 -1.1379 7.6281 36.8495 1.3654 7.8647
183 0 Car -1 -1 -0.8378 7 200 299 370 1.5373 -1.4404 -3.979 -1.601 3.1382 3.3921 -1.5843 10.5693
183 5 Car -1 -1 1.6838 439 172 479 204 1.6422 -1.5653 -4.0495 -1.1834 7.462 36.3432 1.4813 5.3936
184 0 Car -1 -1 -0.8365 8 200 299 370 1.5599 -1.4333 -3.9765 -1.6149 3.1715 3.3304 -1.5975 8.8693
184 5 Car -1 -1 1.5346 439 172 480 205 1.6499 -1.5333 -3.9209 -1.191 7.5284 36.013 1.3286 6.6026
185 0 Car -1 -1 -0.8168 7 199 299 370 1.5585 -1.4407 -3.9682 -1.5669 3.1823 3.3682 -1.5739 7.7859
185 5 Car -1 -1 1.5896 440 172 481 205 1.6506 -1.5145 -3.9147 -1.1992 7.3056 35.5779 1.3871 6.8522
186 0 Car -1 -1 -0.8271 8 200 299 370 1.5794 -1.4611 -4.0757 -1.5847 3.143 3.3037 -1.5876 6.9401
186 5 Car -1 -1 1.6649 441 172 482 204 1.5736 -1.4438 -3.7963 -1.1979 7.0344 35.0243 1.4667 8.1749
187 0 Car -1 -1 -0.8178 7 200 299 370 1.5981 -1.4685 -4.2332 -1.6469 3.1637 3.2065 -1.5965 10.3518
187 5 Car -1 -1 1.6058 441 172 484 205 1.6399 -1.5287 -4.0136 -1.1822 7.0709 34.7223 1.4049 8.4743
188 0 Car -1 -1 -0.8184 7 200 299 370 1.5771 -1.4385 -3.9159 -1.5887 3.1663 3.4035 -1.5677 8.4721
188 5 Car -1 -1 1.6153 441 172 485 206 1.6267 -1.5177 -4.0496 -1.2196 6.908 34.27 1.4164 8.1659
189 0 Car -1 -1 -0.8312 8 200 299 370 1.566 -1.4434 -4.022 -1.6091 3.1739 3.3543 -1.589 11.3982
189 5 Car -1 -1 1.4997 442 172 487 206 1.6521 -1.5437 -3.9587 -1.1758 6.8313 33.7424 1.2999 8.199
190 0 Car -1 -1 -0.8187 8 199 299 370 1.5488 -1.4459 -3.8862 -1.6296 3.1668 3.3696 -1.5731 10.4485
190 5 Car -1 -1 1.6104 442 172 489 207 1.6428 -1.4661 -3.9332 -1.1307 6.5811 33.3695 1.4157 7.7161
191 0 Car -1 -1 -0.8074 7 199 299 370 1.5626 -1.4369 -4.002 -1.5183 3.1761 3.3176 -1.571 9.2095
191 5 Car -1 -1 1.4888 443 172 492 207 1.5988 -1.5079 -3.9559 -1.169 6.5796 32.9705 1.2918 8.6364
192 0 Car -1 -1 -0.827 7 200 299 370 1.5605 -1.4388 -3.9716 -1.5713 3.1893 3.3578 -1.5866 10.5795
192 5 Car -1 -1 1.5575 443 172 495 208 1.6257 -1.5041 -3.953 -1.1707 6.2131 32.5929 1.3691 8.9104
193 0 Car -1 -1 -0.8176 7 200 299 370 1.5537 -1.4347 -3.9161 -1.5363 3.1698 3.3253 -1.5791 9.1806
193 5 Car -1 -1 1.4571 443 172 498 209 1.5986 -1.5249 -3.9222 -1.154 6.192 32.1321 1.2668 9.7604
194 0 Car -1 -1 -0.7995 8 200 299 370 1.5808 -1.4275 -4.0194 -1.5539 3.2558 3.2715 -1.5825 8.682
194 5 Car -1 -1 1.4444 444 172 501 209 1.6367 -1.5377 -4.038 -1.1973 6.0462 31.8895 1.257 9.3196
195 0 Car -1 -1 -0.8226 7 200 299 370 1.5776 -1.4537 -4.0934 -1.5982 3.1841 3.3247 -1.5864 9.9796
195 5 Car -1 -1 1.3941 447 172 506 208 1.6205 -1.4623 -3.9942 -1.1681 5.9006 31.3471 1.2081 9.2465
196 5 Car -1 -1 1.3528 448 172 509 209 1.5838 -1.4497 -3.8869 -1.1728 5.7162 30.9324 1.17 9.7498
196 0 Car -1 -1 -0.8045 7 199 299 370 1.5654 -1.4527 -4.0318 -1.5508 3.1677 3.2881 -1.5713 6.7322
197 5 Car -1 -1 1.325 450 172 513 209 1.5602 -1.4448 -3.7062 -1.1551 5.5733 30.5491 1.1446 11.0591
197 0 Car -1 -1 -0.8465 7 199 299 370 1.5734 -1.4368 -3.8364 -1.5899 3.176 3.4782 -1.5865 9.3762
198 5 Car -1 -1 1.2748 452 172 518 210 1.5852 -1.4646 -3.6747 -1.1572 5.3795 30.1352 1.0981 10.905
198 0 Car -1 -1 -0.8154 7 199 299 370 1.5589 -1.452 -3.994 -1.5329 3.1642 3.3334 -1.5748 6.9016
199 5 Car -1 -1 1.2537 454 172 523 210 1.5862 -1.4239 -3.8261 -1.1809 5.114 29.84 1.084 10.2666
199 0 Car -1 -1 -0.823 7 200 299 370 1.58 -1.4235 -3.7714 -1.5509 3.2243 3.4691 -1.5719 9.4712
200 5 Car -1 -1 1.2279 457 172 528 211 1.5746 -1.4518 -3.9437 -1.1722 4.9052 29.4207 1.0627 10.5537
200 0 Car -1 -1 -0.8549 7 200 299 370 1.5414 -1.4342 -3.8162 -1.6019 3.156 3.4465 -1.5963 9.7423
201 0 Car -1 -1 -0.8295 7 199 299 370 1.5675 -1.4416 -4.0224 -1.6162 3.1687 3.3265 -1.5906 10.9697
201 5 Car -1 -1 1.1926 460 172 533 211 1.5607 -1.4288 -3.8892 -1.1325 4.627 29.003 1.0344 11.5815
202 0 Car -1 -1 -0.8039 7 199 299 370 1.5384 -1.4438 -3.8608 -1.5705 3.2089 3.3753 -1.5641 8.2955
202 5 Car -1 -1 1.1795 463 171 540 211 1.5749 -1.443 -3.9886 -1.1455 4.4273 28.7365 1.0267 11.0593
203 0 Car -1 -1 -0.8272 7 200 299 370 1.5685 -1.4357 -4.0283 -1.5071 3.171 3.3572 -1.5841 8.8865
203 5 Car -1 -1 1.1309 466 171 548 211 1.5844 -1.4352 -3.7962 -1.1503 4.1875 28.4082 0.9845 11.5175
204 0 Car -1 -1 -0.8172 8 199 299 370 1.5493 -1.4395 -3.9789 -1.6071 3.1784 3.3749 -1.5726 8.8981
204 5 Car -1 -1 1.1038 470 171 555 211 1.5735 -1.5018 -3.9478 -1.1785 3.8893 28.0083 0.9659 12.4016
205 0 Car -1 -1 -0.8207 7 199 299 370 1.5842 -1.451 -4.1121 -1.6317 3.192 3.3125 -1.5876 9.1087
205 5 Car -1 -1 1.0408 474 170 562 212 1.5683 -1.422 -3.9717 -1.1682 3.5866 27.6615 0.9118 11.7564
206 0 Car -1 -1 -0.837 7 200 299 370 1.5762 -1.4429 -4.0814 -1.5612 3.1691 3.3472 -1.595 9.0974
206 5 Car -1 -1 1.0178 478 170 571 212 1.5647 -1.4301 -3.9128 -1.1328 3.2425 27.2643 0.8994 11.2144
207 0 Car -1 -1 -0.82 8 199 299 370 1.5471 -1.4364 -3.9631 -1.6201 3.2082 3.3501 -1.5838 9.1214
207 5 Car -1 -1 0.9982 483 170 579 213 1.5958 -1.4235 -4.0971 -1.1622 2.9232 26.9166 0.89 12.1161
208 0 Car -1 -1 -0.8508 7 199 299 370 1.5428 -1.4301 -3.7756 -1.5626 3.1602 3.5054 -1.5845 8.4173
208 5 Car -1 -1 0.9449 489 169 588 214 1.6069 -1.426 -4.1475 -1.1357 2.5976 26.6016 0.8476 12.218
209 0 Car -1 -1 -0.8474 7 199 299 370 1.5714 -1.4239 -3.7604 -1.5798 3.1723 3.4986 -1.5839 8.6203
209 5 Car -1 -1 0.8975 496 169 598 215 1.6055 -1.4061 -4.2148 -1.1402 2.284 26.3273 0.811 11.4585
210 0 Car -1 -1 -0.8265 8 200 299 370 1.5675 -1.4349 -3.7897 -1.5782 3.1793 3.4667 -1.5687 7.8632
210 5 Car -1 -1 0.8705 503 170 608 215 1.5991 -1.4548 -4.0474 -1.1498 1.9142 25.9368 0.7969 12.6017
211 0 Car -1 -1 -0.8091 7 199 299 370 1.5421 -1.4357 -3.8768 -1.6171 3.2234 3.4488 -1.5608 8.0536
211 5 Car -1 -1 0.8064 511 170 620 216 1.6122 -1.4664 -4.0972 -1.1695 1.5303 25.654 0.7468 12.0681
212 0 Car -1 -1 -0.8294 7 200 299 370 1.5587 -1.4657 -3.9599 -1.583 3.1582 3.3714 -1.5822 9.5627
212 5 Car -1 -1 0.7884 519 170 632 216 1.6387 -1.5167 -4.3132 -1.15 1.2368 25.4192 0.7397 10.7567
213 0 Car -1 -1 -0.8265 7 199 299 370 1.5597 -1.447 -3.983 -1.5749 3.1674 3.3573 -1.5828 8.9579
213 5 Car -1 -1 0.7117 525 170 645 216 1.5866 -1.4006 -4.3052 -1.1211 0.7754 25.0703 0.6808 12.0152
214 0 Car -1 -1 -0.829 7 200 299 370 1.5686 -1.4452 -3.9851 -1.5765 3.1673 3.3255 -1.59 8.346
214 5 Car -1 -1 0.695 535 170 659 216 1.6021 -1.4101 -4.3005 -1.1106 0.3941 24.832 0.6792 11.5276
215 0 Car -1 -1 -0.8228 7 200 299 370 1.5493 -1.4444 -3.9623 -1.6058 3.1478 3.3501 -1.5771 8.7462
215 5 Car -1 -1 0.6347 546 169 670 217 1.6047 -1.3867 -4.2969 -1.1064 -0.0575 24.54 0.637 13.2514
216 0 Car -1 -1 -0.8233 7 200 299 370 1.5811 -1.4413 -3.9209 -1.63 3.1779 3.3549 -1.5816 9.722
216 5 Car -1 -1 0.5776 557 169 685 216 1.5982 -1.4052 -4.3158 -1.068 -0.4847 24.2668 0.5976 11.2389
217 0 Car -1 -1 -0.8362 7 200 299 370 1.5558 -1.4396 -3.9298 -1.5688 3.1807 3.3856 -1.5904 8.5379
217 5 Car -1 -1 0.5339 568 169 698 216 1.6305 -1.4833 -4.2835 -1.1367 -0.9288 24.0596 0.5725 12.3748
218 0 Car -1 -1 -0.819 8 200 299 370 1.5769 -1.4414 -3.9624 -1.5443 3.1691 3.325 -1.5804 8.0131
218 5 Car -1 -1 0.4954 580 169 713 217 1.6226 -1.4087 -4.318 -1.116 -1.3036 23.8498 0.55 13.0527
219 0 Car -1 -1 -0.8352 7 200 299 370 1.5581 -1.4408 -3.9749 -1.5478 3.1689 3.4062 -1.5845 8.1922
219 5 Car -1 -1 0.4446 593 168 729 217 1.6065 -1.4134 -4.3277 -1.0516 -1.7489 23.6055 0.5185 11.2474
220 0 Car -1 -1 -0.8037 7 200 299 370 1.592 -1.4282 -3.9371 -1.5476 3.2386 3.3423 -1.5733 6.9303
220 5 Car -1 -1 0.3855 605 168 744 217 1.6241 -1.4191 -4.3805 -1.0756 -2.232 23.4467 0.4804 11.4823
221 0 Car -1 -1 -0.8326 7 200 299 370 1.5631 -1.4416 -4.0152 -1.5998 3.1833 3.3864 -1.5871 10.7145
221 5 Car -1 -1 0.3324 620 167 759 216 1.5892 -1.4041 -4.2496 -1.0599 -2.7151 23.2005 0.4489 11.9575
222 0 Car -1 -1 -0.8233 8 200 299 370 1.5758 -1.4422 -4.0812 -1.5871 3.1752 3.3085 -1.5881 10.2222
222 5 Car -1 -1 0.2641 633 167 774 216 1.6423 -1.4671 -4.1767 -1.085 -3.1005 23.1122 0.3975 12.111
223 0 Car -1 -1 -0.8422 7 200 299 370 1.5615 -1.4328 -3.9421 -1.5817 3.1782 3.4833 -1.5818 10.5578
223 5 Car -1 -1 0.2124 646 167 792 215 1.6242 -1.4311 -4.4114 -1.0756 -3.581 22.985 0.367 10.8267
224 0 Car -1 -1 -0.8234 7 200 298 370 1.5711 -1.4467 -4.0494 -1.5576 3.1694 3.3311 -1.584 8.7629
224 5 Car -1 -1 0.1529 660 166 807 215 1.6403 -1.431 -4.3041 -1.0309 -4.0607 22.8308 0.329 9.765
225 0 Car -1 -1 -0.8319 7 200 299 370 1.573 -1.4385 -4.0017 -1.6107 3.1802 3.3571 -1.5903 9.6638
225 5 Car -1 -1 0.0893 675 166 824 215 1.6054 -1.4393 -4.3198 -1.0019 -4.5929 22.7268 0.2887 12.2764
226 0 Car -1 -1 -0.8216 7 200 299 370 1.5665 -1.4391 -4.0327 -1.6187 3.1857 3.3121 -1.5876 11.0844
226 5 Car -1 -1 0.0369 690 165 841 215 1.6179 -1.416 -4.1831 -1.0086 -5.0501 22.6059 0.2567 11.2372
227 0 Car -1 -1 -0.8243 7 200 299 370 1.5631 -1.4371 -3.9073 -1.5627 3.1772 3.4718 -1.5654 8.2263
227 5 Car -1 -1 -0.0302 708 165 859 214 1.6259 -1.4117 -4.3359 -1.0147 -5.5558 22.5594 0.2113 13.0216
228 0 Car -1 -1 -0.8535 7 200 299 370 1.5287 -1.435 -3.8058 -1.5321 3.1708 3.49 -1.591 8.4255
228 5 Car -1 -1 -0.0682 724 165 875 214 1.5925 -1.4488 -4.2668 -1.0045 -6.1117 22.4925 0.1971 12.7911
229 0 Car -1 -1 -0.8255 7 199 299 370 1.5596 -1.4483 -3.9781 -1.6012 3.1707 3.3688 -1.5806 10.0492
229 5 Car -1 -1 -0.1392 741 165 892 214 1.6417 -1.4018 -4.5843 -0.9291 -6.6204 22.474 0.1473 12.1107
230 0 Car -1 -1 -0.8252 7 200 299 370 1.5689 -1.4492 -4.0276 -1.5701 3.175 3.3719 -1.5805 9.1561
230 5 Car -1 -1 -0.1842 756 164 912 214 1.6236 -1.4668 -4.3835 -0.9531 -7.1533 22.3749 0.1253 12.9318
231 0 Car -1 -1 -0.8312 7 200 299 370 1.5518 -1.4543 -3.981 -1.5897 3.1407 3.3766 -1.5804 7.9
231 5 Car -1 -1 -0.222 775 164 930 214 1.6519 -1.5322 -4.3007 -0.9951 -7.7433 22.3388 0.1117 13.2301
232 0 Car -1 -1 -0.8337 7 200 299 370 1.5685 -1.4424 -3.8663 -1.6004 3.1726 3.3805 -1.5874 9.1743
232 5 Car -1 -1 -0.2996 794 164 947 214 1.6204 -1.4063 -4.4224 -0.9429 -8.326 22.3462 0.057 11.1867
233 0 Car -1 -1 -0.8153 7 200 298 370 1.5754 -1.4412 -4.1119 -1.5958 3.1792 3.2942 -1.5829 10.7308
233 5 Car -1 -1 -0.337 811 163 965 212 1.6494 -1.4746 -4.4618 -0.9487 -8.8787 22.3451 0.0412 12.0749
234 0 Car -1 -1 -0.8277 7 200 299 370 1.5485 -1.4369 -3.9342 -1.606 3.1716 3.3876 -1.5802 9.8573
234 5 Car -1 -1 -0.3983 830 163 985 212 1.5916 -1.4127 -4.4451 -0.9367 -9.4839 22.3192 0.0035 12.708
235 0 Car -1 -1 -0.8214 7 200 299 370 1.5623 -1.4416 -4.013 -1.543 3.1757 3.3797 -1.5756 7.917
235 5 Car -1 -1 -0.4164 847 162 1003 211 1.5961 -1.4023 -4.2625 -0.9309 -10.0179 22.3017 0.0058 13.4384
236 0 Car -1 -1 -0.8392 7 200 299 370 1.5494 -1.4422 -3.968 -1.6165 3.1454 3.3192 -1.5977 9.9876
236 5 Car -1 -1 -0.4347 867 162 1018 211 1.605 -1.447 -4.1668 -0.9033 -10.6316 22.3722 0.0089 12.4258
237 0 Car -1 -1 -0.8317 7 200 298 370 1.5656 -1.4344 -4.0146 -1.53 3.1821 3.3596 -1.59 8.7857
237 5 Car -1 -1 -0.4935 886 162 1040 211 1.6118 -1.4086 -4.2653 -0.9098 -11.3188 22.3695 -0.025 12.148
238 0 Car -1 -1 -0.8237 7 200 299 370 1.5771 -1.4559 -4.0991 -1.5926 3.1665 3.2891 -1.5901 9.1794
238 5 Car -1 -1 -0.528 905 162 1058 210 1.6184 -1.3839 -4.1164 -0.8914 -11.8793 22.3988 -0.0403 12.7702
239 0 Car -1 -1 -0.7991 7 200 299 370 1.5782 -1.4575 -4.1761 -1.6485 3.188 3.2509 -1.5747 11.2196
239 5 Car -1 -1 -0.5402 924 160 1080 210 1.6521 -1.535 -4.3155 -0.8964 -12.4696 22.4479 -0.0332 9.3395
240 5 Car -1 -1 -0.5679 945 157 1104 209 1.6329 -1.4289 -4.2958 -0.8258 -13.1644 22.4342 -0.0373 11.7286
240 0 Car -1 -1 -0.8353 8 200 300 370 1.5601 -1.4357 -3.9754 -1.5807 3.1654 3.3752 -1.5886 10.3514
241 0 Car -1 -1 -0.8106 7 200 299 370 1.57 -1.4437 -3.9955 -1.581 3.1916 3.3251 -1.5755 9.1014
241 5 Car -1 -1 -0.5856 962 157 1121 208 1.6268 -1.4794 -4.2404 -0.7865 -13.7878 22.4987 -0.0358 10.3075
242 0 Car -1 -1 -0.8143 7 200 299 370 1.5701 -1.4427 -4.0218 -1.5675 3.2006 3.3555 -1.5761 9.5565
242 5 Car -1 -1 -0.6322 986 156 1141 208 1.6181 -1.4222 -4.0448 -0.8233 -14.599 22.5617 -0.0579 12.4847
243 0 Car -1 -1 -0.8278 7 200 299 370 1.5531 -1.4369 -3.9621 -1.5858 3.1692 3.3678 -1.5829 10.4611
243 5 Car -1 -1 -0.6445 1002 156 1162 206 1.5905 -1.394 -4.0803 -0.751 -15.2347 22.5663 -0.0506 12.4648
244 0 Car -1 -1 -0.8171 7 199 299 370 1.5599 -1.4378 -3.9597 -1.5175 3.1872 3.3636 -1.5756 8.0917
244 5 Car -1 -1 -0.6608 1019 156 1185 206 1.6771 -1.5264 -4.4321 -0.7318 -15.9355 22.6039 -0.0468 12.0489
245 0 Car -1 -1 -0.8447 7 200 299 370 1.6112 -1.447 -4.1112 -1.6341 3.1046 3.2641 -1.6051 9.5474
245 5 Car -1 -1 2.4621 1042 155 1205 204 1.6544 -1.561 -4.2871 -0.7137 -16.4633 22.6839 3.0899 10.9891
246 0 Car -1 -1 -0.8457 7 200 299 370 1.55 -1.4428 -3.9563 -1.5755 3.1435 3.4146 -1.5898 8.3555
246 5 Car -1 -1 -0.7137 1062 154 1222 205 1.607 -1.4221 -4.2333 -0.6564 -17.2161 22.6828 -0.0644 10.3985
247 0 Car -1 -1 -0.8295 7 200 299 370 1.5568 -1.4422 -3.9837 -1.5616 3.1812 3.3888 -1.5833 9.0412
247 5 Car -1 -1 2.4285 1082 153 1223 203 1.6262 -1.6057 -3.8831 -0.6348 -17.7072 22.7108 3.0907 8.2209
248 0 Car -1 -1 -0.8131 7 200 299 370 1.5869 -1.4502 -4.0464 -1.5648 3.1851 3.3321 -1.576 7.6842
248 5 Car -1 -1 -0.7325 1102 151 1224 203 1.631 -1.4695 -4.0861 -0.6345 -18.5778 22.7521 -0.0477 8.7689
249 0 Car -1 -1 -0.8218 7 200 299 370 1.5619 -1.4478 -3.9885 -1.5704 3.1709 3.3302 -1.5827 8.8937
249 5 Car -1 -1 -0.7607 1123 150 1224 202 1.6281 -1.4489 -4.1562 -0.6144 -19.3793 22.9391 -0.0592 7.9891
250 0 Car -1 -1 -0.807 7 200 299 370 1.5636 -1.439 -3.958 -1.5599 3.1952 3.3382 -1.5705 8.4812
250 5 Car -1 -1 -0.7779 1142 146 1222 201 1.6309 -1.4266 -4.1712 -0.5267 -19.9595 22.8182 -0.0592 6.901
251 0 Car -1 -1 -0.8279 8 199 300 370 1.5418 -1.4302 -3.8995 -1.6319 3.2119 3.4354 -1.5797 8.7962
251 5 Car -1 -1 -0.7964 1164 146 1225 198 1.6357 -1.4721 -4.1044 -0.5935 -20.6371 23.0095 -0.0653 4.595
252 0 Car -1 -1 -0.7841 7 199 299 370 1.5855 -1.454 -4.1369 -1.6291 3.2037 3.2666 -1.5598 11.2618
252 5 Car -1 -1 -0.7493 1179 148 1223 197 1.6579 -1.5512 -4.2853 -0.5443 -21.5046 23.0288 0.0019 5.6141
253 0 Car -1 -1 -0.8355 8 200 299 370 1.5637 -1.4441 -3.9605 -1.5955 3.1576 3.3387 -1.593 8.1597
254 0 Car -1 -1 -0.8141 7 200 299 370 1.5665 -1.4441 -4.0359 -1.5625 3.1768 3.3331 -1.5754 9.446
255 0 Car -1 -1 -0.8211 7 200 299 370 1.5454 -1.4477 -3.9348 -1.6018 3.2132 3.4223 -1.575 8.9723
256 0 Car -1 -1 -0.8232 7 200 299 370 1.5643 -1.4415 -4.0303 -1.5684 3.1722 3.3504 -1.5813 9.6408
257 0 Car -1 -1 -0.8249 8 200 299 370 1.5479 -1.4416 -3.8691 -1.5782 3.1776 3.3965 -1.577 8.8183
258 0 Car -1 -1 -0.8399 7 199 299 370 1.5528 -1.4335 -3.902 -1.6041 3.1803 3.458 -1.5835 10.2474
259 0 Car -1 -1 -0.8303 7 200 299 370 1.5585 -1.4281 -3.906 -1.6314 3.162 3.4118 -1.5777 9.0425
260 0 Car -1 -1 -0.8479 8 200 299 370 1.5984 -1.421 -3.8812 -1.655 3.1523 3.4763 -1.5844 9.6462
261 0 Car -1 -1 -0.8369 7 200 299 370 1.5676 -1.4397 -4.0369 -1.5087 3.1582 3.3566 -1.5919 8.8371
262 0 Car -1 -1 -0.8228 7 200 299 370 1.5608 -1.4411 -4.0097 -1.5654 3.1804 3.3947 -1.5757 8.9075
263 0 Car -1 -1 -0.8122 7 200 299 370 1.5759 -1.4546 -4.0553 -1.5597 3.1799 3.3283 -1.5748 7.8281
264 0 Car -1 -1 -0.8227 7 200 299 370 1.563 -1.4448 -4.0279 -1.6023 3.1598 3.3302 -1.5819 8.406
265 0 Car -1 -1 -0.8247 7 200 299 370 1.5646 -1.4458 -4.0328 -1.617 3.1732 3.3412 -1.5843 9.8336
266 0 Car -1 -1 -0.8251 7 200 299 370 1.5493 -1.4416 -3.893 -1.5679 3.1809 3.3443 -1.5855 9.3044
267 0 Car -1 -1 -0.8308 7 201 299 370 1.5705 -1.4552 -4.0563 -1.5714 3.1606 3.3139 -1.5925 8.0835
268 0 Car -1 -1 -0.8147 7 200 299 370 1.5671 -1.4377 -3.9705 -1.6276 3.1666 3.2947 -1.5803 8.7062
269 0 Car -1 -1 -0.8481 7 200 299 370 1.557 -1.4295 -3.865 -1.5806 3.1622 3.4775 -1.586 10.6403
270 0 Car -1 -1 -0.8395 7 200 299 370 1.5502 -1.4395 -3.9057 -1.5501 3.1733 3.3311 -1.6007 8.6136
271 0 Car -1 -1 -0.8432 7 200 299 370 1.5552 -1.4515 -3.9575 -1.5695 3.1647 3.4307 -1.5883 8.8018
272 0 Car -1 -1 -0.8201 7 200 299 370 1.5586 -1.4479 -3.9701 -1.5697 3.1847 3.3725 -1.5769 9.0324
273 0 Car -1 -1 -0.8242 7 200 299 370 1.5618 -1.4233 -3.8941 -1.6232 3.2042 3.3973 -1.5804 8.7218
274 0 Car -1 -1 -0.8062 7 200 299 370 1.5729 -1.4545 -4.0308 -1.5727 3.2422 3.3151 -1.5805 6.9234
275 0 Car -1 -1 -0.8158 7 199 299 370 1.5455 -1.4496 -3.9612 -1.617 3.2019 3.378 -1.5744 7.9
276 0 Car -1 -1 -0.8127 7 200 299 370 1.5613 -1.4324 -3.9847 -1.5882 3.1889 3.3126 -1.5791 11.2767
277 0 Car -1 -1 -0.8287 7 200 299 370 1.5731 -1.4378 -4.0354 -1.5999 3.1766 3.346 -1.5881 9.1628
277 7 Car -1 -1 -10 481 172 512 189 -1 -1 -1 -1000 -1000 -1000 -10 0
278 0 Car -1 -1 -0.8159 7 200 299 370 1.5662 -1.4598 -3.96 -1.5706 3.1569 3.379 -1.5673 7.5564
278 7 Car -1 -1 -10 479 172 506 190 -1 -1 -1 -1000 -1000 -1000 -10 0
279 0 Car -1 -1 -0.8127 7 199 299 370 1.5683 -1.4323 -4.0272 -1.6026 3.1953 3.3464 -1.575 9.6144
279 7 Car -1 -1 -10 475 172 503 191 -1 -1 -1 -1000 -1000 -1000 -10 0
280 0 Car -1 -1 -0.7957 7 200 299 370 1.6221 -1.5809 -4.2406 -1.7007 3.1745 3.2168 -1.5745 9.5814
280 7 Car -1 -1 -10 471 173 499 191 -1 -1 -1 -1000 -1000 -1000 -10 0
281 0 Car -1 -1 -0.8408 7 199 299 370 1.5363 -1.4366 -3.9047 -1.5702 3.1587 3.4395 -1.5836 9.2901
281 7 Car -1 -1 -10 468 173 495 191 -1 -1 -1 -1000 -1000 -1000 -10 0
282 0 Car -1 -1 -0.8488 7 200 299 370 1.5496 -1.4252 -3.8636 -1.6442 3.1704 3.4859 -1.5869 9.992
282 7 Car -1 -1 -10 463 174 493 192 -1 -1 -1 -1000 -1000 -1000 -10 0
283 0 Car -1 -1 -0.8001 7 199 299 370 1.5759 -1.4576 -4.1098 -1.5857 3.1736 3.2849 -1.5683 8.0455
283 7 Car -1 -1 -10 461 173 489 193 -1 -1 -1 -1000 -1000 -1000 -10 0
284 0 Car -1 -1 -0.8066 7 200 299 370 1.5686 -1.436 -3.9906 -1.5315 3.1886 3.3375 -1.5692 8.0455
284 7 Car -1 -1 -10 458 173 487 194 -1 -1 -1 -1000 -1000 -1000 -10 0
285 0 Car -1 -1 -0.8378 7 200 298 370 1.5485 -1.439 -3.9527 -1.6155 3.1362 3.3567 -1.5892 9.0809
285 7 Car -1 -1 -10 455 173 483 194 -1 -1 -1 -1000 -1000 -1000 -10 0
286 0 Car -1 -1 -0.8234 7 200 299 370 1.576 -1.4331 -4.0724 -1.5336 3.18 3.3114 -1.5886 9.2076
286 7 Car -1 -1 -10 452 173 482 195 -1 -1 -1 -1000 -1000 -1000 -10 0
287 0 Car -1 -1 -0.8136 7 200 299 370 1.5777 -1.4449 -4.0016 -1.5853 3.1624 3.3071 -1.5766 7.8459
287 7 Car -1 -1 -10 451 173 480 196 -1 -1 -1 -1000 -1000 -1000 -10 0
288 0 Car -1 -1 -0.8069 8 200 299 370 1.5783 -1.4515 -4.0743 -1.5287 3.1925 3.3573 -1.5672 7.8694
288 7 Car -1 -1 -10 448 173 478 196 -1 -1 -1 -1000 -1000 -1000 -10 0
289 0 Car -1 -1 -0.8252 7 200 299 370 1.5438 -1.4378 -3.8808 -1.5928 3.2093 3.469 -1.5717 7.8404
289 7 Car -1 -1 -10 444 173 477 196 -1 -1 -1 -1000 -1000 -1000 -10 0
290 0 Car -1 -1 -0.8491 7 200 299 370 1.5568 -1.4454 -3.972 -1.5649 3.1696 3.4699 -1.5893 8.7212
290 7 Car -1 -1 -10 443 173 475 197 -1 -1 -1 -1000 -1000 -1000 -10 0
291 0 Car -1 -1 -0.7929 7 200 299 370 1.6026 -1.4951 -4.0924 -1.6571 3.2029 3.2595 -1.5695 10.2848
291 7 Car -1 -1 1.7153 439 174 474 199 1.641 -1.4831 -3.9492 -1.2463 9.5932 45.9134 1.5093 4.3155
292 0 Car -1 -1 -0.8015 7 200 299 370 1.5978 -1.5327 -4.0376 -1.6477 3.2476 3.4132 -1.5621 7.4671
292 7 Car -1 -1 1.7573 437 174 472 200 1.6372 -1.5088 -3.9658 -1.1661 9.4765 44.3699 1.5469 4.8612
293 0 Car -1 -1 -0.8242 7 200 299 370 1.5694 -1.4386 -4.0391 -1.5474 3.175 3.3531 -1.5823 8.768
293 7 Car -1 -1 1.736 435 174 470 200 1.6425 -1.4885 -4.1531 -1.1189 9.2662 43.2009 1.5247 5.7462
294 0 Car -1 -1 -0.7842 7 200 299 370 1.5898 -1.5078 -4.1873 -1.6372 3.1886 3.1829 -1.5705 10.1089
294 7 Car -1 -1 1.6823 433 174 468 202 1.6867 -1.47 -3.8234 -1.1367 9.085 41.9242 1.4689 6.5289
295 0 Car -1 -1 -0.8449 7 200 299 370 1.5572 -1.4413 -3.9854 -1.6146 3.1473 3.3673 -1.5965 10.7242
295 7 Car -1 -1 1.6725 431 174 467 202 1.627 -1.537 -3.8472 -1.2111 8.9325 40.6839 1.4564 6.085
295 8 Car -1 -1 -10 412 174 442 193 -1 -1 -1 -1000 -1000 -1000 -10 0
296 0 Car -1 -1 -0.7966 7 200 299 370 1.5709 -1.4602 -4.163 -1.6338 3.1978 3.2584 -1.5726 8.787
296 7 Car -1 -1 1.7088 430 174 466 203 1.6219 -1.5039 -3.8931 -1.1854 8.7634 39.6272 1.4912 4.667
296 8 Car -1 -1 -10 410 174 441 193 -1 -1 -1 -1000 -1000 -1000 -10 0
297 0 Car -1 -1 -0.8208 7 200 299 370 1.5694 -1.4351 -4.0187 -1.5285 3.1889 3.3473 -1.582 8.6873
297 7 Car -1 -1 -10 429 174 466 204 1.6219 -1.5039 -3.8931 -1.1854 8.7634 39.6272 -10 0
297 8 Car -1 -1 -10 408 174 440 194 -1 -1 -1 -1000 -1000 -1000 -10 0
298 0 Car -1 -1 -0.8242 7 200 299 370 1.5487 -1.4345 -3.9179 -1.5642 3.2146 3.3685 -1.5862 8.026
298 7 Car -1 -1 -10 429 174 465 204 1.6219 -1.5039 -3.8931 -1.1854 8.7634 39.6272 -10 0
298 8 Car -1 -1 1.8282 403 173 433 195 1.6026 -1.4719 -3.7251 -1.15 16.1909 61.6505 1.5713 4.2026
299 0 Car -1 -1 -0.8108 7 200 299 370 1.5624 -1.4533 -4.015 -1.6115 3.2097 3.3483 -1.5751 7.5961
299 7 Car -1 -1 1.6194 428 174 466 206 1.6335 -1.4948 -3.8765 -1.2724 8.2295 36.4885 1.3976 5.3233
299 8 Car -1 -1 -10 399 173 436 195 1.6026 -1.4719 -3.7251 -1.15 16.1909 61.6505 -10 0
300 0 Car -1 -1 -0.8306 7 200 299 370 1.5606 -1.4448 -3.9649 -1.5908 3.1715 3.3867 -1.5832 8.7815
300 7 Car -1 -1 1.7745 428 174 468 207 1.635 -1.4598 -3.8799 -1.2181 7.9167 35.2219 1.5534 6.5587
300 8 Car -1 -1 -10 395 173 433 195 1.6026 -1.4719 -3.7251 -1.15 16.1909 61.6505 -10 0
301 0 Car -1 -1 -0.8133 8 200 299 370 1.5685 -1.4383 -4.0371 -1.5712 3.2002 3.3284 -1.5791 9.5934
301 7 Car -1 -1 1.618 428 174 470 207 1.6402 -1.4641 -4.1037 -1.2022 7.6054 34.5903 1.4015 6.7068
301 8 Car -1 -1 -10 391 173 431 196 1.6026 -1.4719 -3.7251 -1.15 16.1909 61.6505 -10 0
302 0 Car -1 -1 -0.8278 7 200 299 370 1.5711 -1.4184 -3.8959 -1.6538 3.222 3.4108 -1.5848 8.3366
302 7 Car -1 -1 1.51 428 173 477 208 1.6447 -1.4648 -3.912 -1.1965 7.2169 33.3629 1.297 5.3812
302 8 Car -1 -1 -10 388 173 428 196 1.6026 -1.4719 -3.7251 -1.15 16.1909 61.6505 -10 0
302 9 Car -1 -1 -10 484 173 509 189 -1 -1 -1 -1000 -1000 -1000 -10 0
303 0 Car -1 -1 -0.8341 7 200 299 370 1.5499 -1.4423 -3.9409 -1.6318 3.1558 3.3585 -1.5884 9.9385
303 7 Car -1 -1 1.4231 429 173 483 209 1.6103 -1.4663 -4.0277 -1.2471 7.071 32.6393 1.2097 5.8761
303 8 Car -1 -1 -10 385 174 425 197 1.6026 -1.4719 -3.7251 -1.15 16.1909 61.6505 -10 0
304 7 Car -1 -1 1.3484 431 173 492 209 1.6236 -1.5452 -3.9913 -1.2302 6.6642 31.6747 1.1411 8.348
304 0 Car -1 -1 -0.8297 7 200 299 370 1.5494 -1.4308 -3.9132 -1.5999 3.2261 3.4344 -1.5838 9.1685
304 8 Car -1 -1 -10 383 174 422 196 1.6026 -1.4719 -3.7251 -1.15 16.1909 61.6505 -10 0
305 7 Car -1 -1 1.2752 436 174 502 210 1.6266 -1.5308 -4.1002 -1.2516 6.1639 30.9751 1.0788 8.7401
305 0 Car -1 -1 -0.7922 7 200 299 370 1.6075 -1.4648 -4.1299 -1.6144 3.1653 3.2411 -1.5658 7.1499
305 8 Car -1 -1 -10 379 174 418 198 1.6026 -1.4719 -3.7251 -1.15 16.1909 61.6505 -10 0
306 7 Car -1 -1 1.2074 441 173 514 210 1.6487 -1.4915 -4.2052 -1.158 5.659 30.1408 1.0218 9.2041
306 0 Car -1 -1 -0.8385 8 200 299 370 1.5624 -1.4316 -3.9717 -1.5164 3.1762 3.3558 -1.5964 8.3621
306 8 Car -1 -1 -10 377 174 415 197 1.6026 -1.4719 -3.7251 -1.15 16.1909 61.6505 -10 0
307 0 Car -1 -1 -0.8241 7 200 299 370 1.5504 -1.4311 -3.8926 -1.5134 3.1987 3.405 -1.5783 8.16
307 7 Car -1 -1 1.0746 446 172 529 211 1.6297 -1.4356 -4.1855 -1.1894 5.0715 29.2894 0.9031 8.3911
307 8 Car -1 -1 -10 373 175 412 198 1.6026 -1.4719 -3.7251 -1.15 16.1909 61.6505 -10 0
308 0 Car -1 -1 -0.8299 7 200 299 370 1.5631 -1.4598 -3.9871 -1.614 3.1607 3.3779 -1.5821 9.6301
308 8 Car -1 -1 -10 370 174 409 199 1.6026 -1.4719 -3.7251 -1.15 16.1909 61.6505 -10 0
308 7 Car -1 -1 0.9952 452 171 545 212 1.6422 -1.4547 -4.1558 -1.1904 4.463 28.6685 0.8408 9.7123
309 0 Car -1 -1 -0.8242 7 200 299 370 1.5668 -1.4452 -4.0109 -1.5522 3.1775 3.3841 -1.5782 7.8203
309 8 Car -1 -1 1.8276 366 175 406 199 1.6397 -1.5309 -4.1144 -1.3708 15.8706 51.5902 1.5291 4.001
309 7 Car -1 -1 0.9406 461 171 563 212 1.6079 -1.4315 -4.1836 -1.1168 3.7744 28.0036 0.8066 7.9548
310 0 Car -1 -1 -0.8432 7 200 298 370 1.5587 -1.4297 -3.866 -1.6368 3.1474 3.423 -1.5867 8.1344
310 8 Car -1 -1 -10 363 175 402 199 1.6397 -1.5309 -4.1144 -1.3708 15.8706 51.5902 -10 0
310 7 Car -1 -1 0.8152 473 170 583 213 1.6129 -1.5201 -4.1387 -1.2219 3.0055 27.4465 0.7061 10.0636
310 9 Car -1 -1 -10 463 174 493 192 -1 -1 -1 -1000 -1000 -1000 -10 0
311 0 Car -1 -1 -0.8086 7 201 299 370 1.5575 -1.4371 -4.01 -1.6094 3.1736 3.2937 -1.5755 10.0157
311 8 Car -1 -1 1.7818 359 175 399 200 1.6427 -1.5693 -4.0387 -1.4136 15.7114 49.611 1.4751 6.6007
311 7 Car -1 -1 0.7511 489 170 603 213 1.636 -1.4778 -4.4241 -1.1572 2.3623 26.9194 0.6636 9.3669
311 9 Car -1 -1 -10 462 173 487 192 -1 -1 -1 -1000 -1000 -1000 -10 0
312 0 Car -1 -1 -0.8382 7 200 299 370 1.5556 -1.4338 -3.901 -1.6175 3.1458 3.3866 -1.5867 8.049
312 8 Car -1 -1 1.8452 355 175 396 202 1.636 -1.4904 -4.1676 -1.435 15.6508 48.6028 1.5337 8.8467
312 7 Car -1 -1 0.6612 506 171 624 213 1.6268 -1.4145 -4.2269 -1.1268 1.5812 26.4775 0.6015 11.3556
312 9 Car -1 -1 1.7445 460 173 486 193 1.6147 -1.459 -3.7741 -1.0104 10.2546 55.2228 1.5609 5.3277
313 0 Car -1 -1 -0.7808 7 200 298 370 1.5586 -1.4581 -4.0586 -1.6276 3.2297 3.2591 -1.5617 8.7831
313 7 Car -1 -1 0.5545 523 171 649 213 1.6143 -1.4104 -4.3145 -1.1162 0.7803 26.043 0.5245 10.9797
313 8 Car -1 -1 1.9549 350 175 394 202 1.6094 -1.5178 -3.8819 -1.4412 15.3235 47.4255 1.6424 4.9062
313 9 Car -1 -1 1.7322 459 173 485 194 1.6063 -1.4761 -3.9368 -1.0528 10.1883 54.1569 1.5463 4.9256
314 0 Car -1 -1 -0.8188 7 200 299 370 1.5912 -1.4448 -4.0579 -1.5566 3.1711 3.2758 -1.588 6.7856
314 7 Car -1 -1 0.4577 544 170 674 214 1.6523 -1.453 -4.2967 -1.0965 -0.049 25.6903 0.4596 11.1061
314 8 Car -1 -1 1.8445 345 175 390 203 1.6687 -1.5046 -4.2691 -1.3582 15.6093 46.4976 1.5206 4.7277
314 9 Car -1 -1 1.7133 456 173 483 194 1.5956 -1.4623 -3.7606 -1.0641 10.1992 52.9705 1.523 4.2734
315 8 Car -1 -1 1.8624 340 176 387 205 1.7072 -1.4972 -4.3167 -1.4575 15.4393 45.4568 1.5349 7.7006
315 0 Car -1 -1 -0.8138 7 200 299 370 1.5805 -1.4294 -3.8353 -1.5392 3.2064 3.333 -1.5798 8.1918
315 7 Car -1 -1 0.3861 566 170 700 214 1.6437 -1.4794 -4.4355 -1.1004 -0.9144 25.3663 0.4221 10.8939
315 9 Car -1 -1 1.7537 454 173 482 195 1.5755 -1.4512 -3.6121 -0.9931 10.0809 51.9631 1.5621 6.2968
316 8 Car -1 -1 1.8664 335 175 383 206 1.6818 -1.5516 -4.2082 -1.541 15.4255 44.4295 1.5322 8.0371
316 0 Car -1 -1 -0.8202 7 200 299 370 1.5711 -1.4361 -4.038 -1.5482 3.1891 3.354 -1.5804 8.7482
316 7 Car -1 -1 0.2884 590 169 726 214 1.6292 -1.4548 -4.2533 -1.0998 -1.812 25.0865 0.3605 12.4357
316 9 Car -1 -1 1.7667 452 173 481 195 1.5344 -1.4475 -3.5179 -0.9979 9.8856 50.458 1.5732 7.4798
317 8 Car -1 -1 1.8597 330 176 380 206 1.7121 -1.5806 -4.4484 -1.5587 15.3703 43.6414 1.5211 8.8184
317 0 Car -1 -1 -0.8078 7 200 299 370 1.5733 -1.4559 -4.0982 -1.5329 3.1829 3.2948 -1.5759 7.9133
317 7 Car -1 -1 0.1988 615 168 751 214 1.625 -1.5125 -4.3298 -1.0684 -2.6952 24.8503 0.3069 11.8327
317 9 Car -1 -1 1.7337 451 173 479 195 1.5963 -1.5103 -3.6823 -0.9801 9.7937 49.8393 1.5397 6.077
318 8 Car -1 -1 1.8667 324 176 375 207 1.6791 -1.5509 -4.2801 -1.5054 15.1932 42.5805 1.5239 5.5152
318 0 Car -1 -1 -0.8265 7 200 299 370 1.5986 -1.4277 -3.8827 -1.6456 3.2109 3.4322 -1.5786 8.5585
318 7 Car -1 -1 0.0878 641 167 778 213 1.6499 -1.4462 -4.4274 -1.0358 -3.4909 24.7154 0.2281 11.4048
318 9 Car -1 -1 1.8012 449 173 477 196 1.5889 -1.4522 -3.6326 -0.9822 9.6834 48.9386 1.6059 7.2403
319 8 Car -1 -1 1.8729 319 176 372 208 1.6999 -1.5803 -4.3637 -1.5005 15.1818 41.5799 1.5228 6.2719
319 0 Car -1 -1 -0.8426 7 200 299 370 1.5581 -1.4449 -3.9468 -1.576 3.1558 3.3889 -1.5924 8.5099
319 7 Car -1 -1 0.0186 666 166 806 213 1.6384 -1.4625 -4.4554 -0.9848 -4.4024 24.5506 0.1961 12.2629
319 9 Car -1 -1 1.7188 447 173 476 196 1.6587 -1.5622 -4.1589 -1.0403 9.7171 48.2 1.5199 5.1347
320 0 Car -1 -1 -0.8381 7 200 299 370 1.575 -1.4539 -4.0851 -1.5647 3.158 3.3824 -1.5892 8.0122
320 8 Car -1 -1 1.8656 313 176 368 209 1.6882 -1.611 -4.2851 -1.5952 15.0455 40.4327 1.5094 7.2058
320 7 Car -1 -1 -0.0322 694 165 832 212 1.6294 -1.4115 -4.4616 -0.9424 -5.3397 24.4168 0.1831 12.605
320 9 Car -1 -1 1.7301 445 173 475 196 1.66 -1.5794 -4.1816 -1.0837 9.5503 47.3193 1.531 4.4922
321 0 Car -1 -1 -0.8269 7 200 299 370 1.5511 -1.4409 -3.9723 -1.5985 3.1748 3.3639 -1.5833 10.2425
321 7 Car -1 -1 -0.1129 719 164 859 213 1.6419 -1.5021 -4.4751 -0.9841 -6.1661 24.32 0.1355 13.5021
321 8 Car -1 -1 1.8614 307 176 363 209 1.6857 -1.6365 -4.1261 -1.5834 14.9345 39.4729 1.4997 6.1858
321 9 Car -1 -1 1.6901 444 173 474 197 1.6351 -1.6204 -3.9896 -1.1472 9.4764 46.0824 1.4873 5.41
322 0 Car -1 -1 -0.8087 7 200 299 370 1.5854 -1.479 -4.1441 -1.5795 3.1485 3.252 -1.5779 7.8764
322 7 Car -1 -1 -0.1885 747 164 888 212 1.6664 -1.4731 -4.5475 -0.9605 -7.15 24.2046 0.0988 12.4388
322 8 Car -1 -1 1.8716 298 175 359 210 1.7014 -1.5924 -4.3142 -1.5516 14.8666 38.5043 1.5031 8.3672
322 9 Car -1 -1 1.7147 442 173 473 198 1.5958 -1.4808 -3.5943 -1.0871 9.3643 44.9878 1.5095 6.8725
323 0 Car -1 -1 -0.8297 7 201 299 370 1.5501 -1.4442 -3.967 -1.582 3.175 3.3902 -1.5823 11.6522
323 7 Car -1 -1 -0.2264 774 163 916 211 1.679 -1.5809 -4.4185 -1.0275 -8.0148 24.1647 0.0938 12.7815
323 8 Car -1 -1 1.8574 289 175 354 212 1.6975 -1.5765 -4.3036 -1.5437 14.8345 37.5271 1.481 6.8871
323 9 Car -1 -1 1.6841 441 174 472 199 1.587 -1.5528 -3.7081 -1.085 9.2585 44.1501 1.4774 7.9924
324 0 Car -1 -1 -0.8188 7 200 299 370 1.5371 -1.443 -3.8916 -1.5627 3.2104 3.4331 -1.5707 11.2528
324 7 Car -1 -1 -0.2782 801 163 944 211 1.6475 -1.4647 -4.5032 -0.9225 -8.9175 24.0885 0.0764 13.6932
324 8 Car -1 -1 1.8894 284 176 349 212 1.6762 -1.5846 -4.2524 -1.6464 14.7558 36.4201 1.5045 8.6616
324 9 Car -1 -1 1.6751 440 173 471 199 1.5482 -1.4453 -3.4641 -1.1107 9.1579 43.0496 1.4655 6.3243
325 0 Car -1 -1 -0.8317 7 200 298 370 1.5462 -1.4174 -3.7662 -1.5946 3.1976 3.4227 -1.5831 10.7488
325 8 Car -1 -1 1.8934 275 176 344 214 1.666 -1.5382 -4.1321 -1.635 14.6305 35.3583 1.501 6.8624
325 9 Car -1 -1 1.6499 438 174 470 200 1.6121 -1.5954 -3.7993 -1.1293 9.0183 42.3312 1.44 6.0311
325 7 Car -1 -1 -0.2995 827 161 975 210 1.6259 -1.4504 -4.1523 -0.8863 -9.7898 23.9972 0.0879 12.0415
326 0 Car -1 -1 -0.819 7 199 299 370 1.5781 -1.4282 -3.875 -1.61 3.166 3.3891 -1.5704 8.0458
326 8 Car -1 -1 1.8979 267 175 337 215 1.6793 -1.653 -4.0609 -1.662 14.5102 34.4231 1.499 6.0575
326 7 Car -1 -1 -0.3591 853 161 1004 210 1.622 -1.4307 -4.2391 -0.8585 -10.7393 23.943 0.0625 11.3768
326 9 Car -1 -1 1.6571 438 174 469 201 1.6087 -1.501 -3.8423 -1.1478 8.8042 41.2696 1.4469 7.4938
327 0 Car -1 -1 -0.7924 7 200 299 370 1.5573 -1.4385 -3.9702 -1.566 3.1893 3.3343 -1.5555 9.0538
327 8 Car -1 -1 2.0028 259 175 332 217 1.7088 -1.6843 -4.2217 -1.6395 14.6571 33.1809 1.5868 5.1926
327 9 Car -1 -1 1.7197 437 174 469 201 1.5992 -1.4955 -3.7883 -1.1678 8.6576 40.4267 1.5087 5.6092
327 7 Car -1 -1 -0.3603 884 160 1030 210 1.6002 -1.4267 -4.007 -0.8519 -11.5028 23.8554 0.089 12.8757
328 0 Car -1 -1 -0.8048 7 200 299 370 1.5727 -1.457 -4.0701 -1.6302 3.1641 3.3023 -1.5688 6.7152
328 7 Car -1 -1 -0.4101 908 160 1057 209 1.6264 -1.4888 -3.9854 -0.8262 -12.4209 23.7296 0.0721 10.296
328 8 Car -1 -1 1.9589 251 176 325 219 1.6856 -1.5565 -4.0943 -1.6172 14.4165 31.9619 1.5352 5.6751
328 9 Car -1 -1 1.6673 438 174 471 202 1.6674 -1.514 -4.111 -1.169 8.453 39.5568 1.4568 5.3161
329 0 Car -1 -1 -0.8173 8 200 299 370 1.5627 -1.4482 -4.0796 -1.5742 3.1628 3.3364 -1.5759 9.5142
329 7 Car -1 -1 -0.4175 936 158 1092 207 1.6592 -1.4813 -4.3158 -0.8487 -13.4018 23.642 0.0982 11.6134
329 8 Car -1 -1 1.8506 242 176 318 222 1.7246 -1.6665 -4.4163 -1.6622 14.3775 31.1837 1.4186 7.3907
329 9 Car -1 -1 1.5271 439 174 472 202 1.6104 -1.4784 -3.8402 -1.1898 8.3669 38.7724 1.3145 7.6211
330 0 Car -1 -1 -0.8271 7 199 300 370 1.5567 -1.445 -3.9582 -1.5731 3.1684 3.4015 -1.577 8.733
330 7 Car -1 -1 -0.4231 964 157 1124 205 1.597 -1.4959 -4.0579 -0.7546 -14.3126 23.4868 0.1242 10.8568
330 9 Car -1 -1 1.6584 439 174 475 203 1.6213 -1.4497 -3.9625 -1.1837 7.8893 38.0947 1.4542 6.417
330 8 Car -1 -1 1.947 229 176 314 223 1.6689 -1.666 -4.1044 -1.7075 14.0613 29.698 1.5048 8.3795
331 0 Car -1 -1 -0.8213 8 198 299 370 1.5826 -1.446 -4.0283 -1.539 3.1752 3.3303 -1.5828 7.7254
331 9 Car -1 -1 1.4795 440 173 478 203 1.62 -1.4911 -3.9342 -1.1476 7.8359 37.2939 1.2724 7.9416
331 7 Car -1 -1 -0.4443 991 155 1153 205 1.6055 -1.4732 -4.0847 -0.693 -15.2486 23.4156 0.1329 10.2162
331 8 Car -1 -1 1.9249 214 177 309 227 1.6705 -1.6069 -4.0956 -1.6754 13.9955 28.72 1.4715 9.3343
332 0 Car -1 -1 -0.8231 7 199 300 370 1.5695 -1.44 -3.8273 -1.5628 3.1546 3.3913 -1.5723 7.1026
332 7 Car -1 -1 -0.4707 1007 154 1184 205 1.6184 -1.4058 -4.2065 -0.6843 -16.002 23.302 0.1311 12.0983
332 8 Car -1 -1 1.9458 200 178 294 228 1.7071 -1.6808 -4.21 -1.6695 13.9091 27.5345 1.478 8.3332
332 9 Car -1 -1 1.5032 440 173 483 205 1.6556 -1.4822 -4.0939 -1.1807 7.5048 36.5226 1.3005 7.1207
333 0 Car -1 -1 -0.7835 8 197 300 370 1.6018 -1.441 -4.011 -1.5552 3.264 3.3168 -1.5609 7.8254
333 8 Car -1 -1 1.9606 184 180 286 230 1.7358 -1.6697 -4.4792 -1.7733 13.8079 26.6067 1.4819 9.9635
333 7 Car -1 -1 -0.4834 1039 154 1215 205 1.6156 -1.4655 -4.1543 -0.6963 -16.8694 23.2151 0.145 10.2838
333 9 Car -1 -1 1.373 441 173 488 204 1.5796 -1.4917 -3.7189 -1.1783 7.1331 35.576 1.1751 8.4535
334 0 Car -1 -1 -0.8246 7 197 299 370 1.5442 -1.4358 -3.9266 -1.6051 3.2098 3.3713 -1.5854 8.8364
334 9 Car -1 -1 1.3565 444 173 494 205 1.554 -1.5046 -3.5363 -1.2109 6.7758 34.7487 1.1639 9.1189
334 8 Car -1 -1 1.9521 169 179 276 232 1.6929 -1.6259 -4.2069 -1.7546 13.6008 25.4301 1.461 8.5758
334 7 Car -1 -1 -0.4922 1066 154 1225 203 1.6241 -1.5206 -4.0518 -0.7332 -17.6656 23.0329 0.162 11.7349
335 0 Car -1 -1 -0.8358 6 198 298 370 1.5559 -1.445 -3.9864 -1.5922 3.1652 3.4063 -1.5845 9.1653
335 9 Car -1 -1 1.2872 447 173 501 206 1.513 -1.4908 -3.4536 -1.153 6.4413 33.989 1.0999 9.0297
335 8 Car -1 -1 1.9741 147 179 263 236 1.7404 -1.6111 -4.602 -1.766 13.5086 24.3485 1.4676 8.8581
335 7 Car -1 -1 -0.5373 1092 152 1224 204 1.6111 -1.4692 -4.1843 -0.6479 -18.6194 22.9107 0.1452 9.351
336 0 Car -1 -1 -0.8507 5 196 298 370 1.5723 -1.4381 -3.9051 -1.594 3.1678 3.4915 -1.5876 8.278
336 9 Car -1 -1 1.2325 452 174 510 206 1.5106 -1.4373 -3.4004 -1.1381 6.0085 33.2618 1.0538 9.0335
336 8 Car -1 -1 2.01 127 180 254 241 1.7158 -1.6052 -4.5209 -1.791 13.366 23.1946 1.4872 10.2091
336 7 Car -1 -1 -0.5345 1121 152 1224 201 1.5991 -1.4605 -4.1031 -0.6632 -19.2526 22.7393 0.168 8.433
337 0 Car -1 -1 -0.8114 6 197 298 370 1.5476 -1.4425 -3.9562 -1.5704 3.1793 3.3364 -1.5727 10.7535
337 9 Car -1 -1 1.2044 458 173 519 206 1.562 -1.5492 -3.5756 -1.1439 5.6097 32.6699 1.0343 9.6511
337 8 Car -1 -1 2.0322 104 181 241 245 1.6843 -1.5938 -4.3011 -1.7888 13.2834 22.0542 1.4901 11.6343
337 7 Car -1 -1 -0.6136 1145 149 1223 200 1.6469 -1.4419 -4.2137 -0.5301 -20.0839 22.6839 0.1111 6.8124
338 0 Car -1 -1 -0.8321 6 196 299 370 1.5582 -1.4448 -3.9592 -1.5935 3.1708 3.4562 -1.5745 10.8246
338 9 Car -1 -1 1.1414 464 172 528 205 1.5432 -1.5682 -3.3936 -1.1359 5.1204 31.9417 0.9824 10.2464
338 8 Car -1 -1 2.0356 81 179 227 249 1.7338 -1.7079 -4.3616 -1.8524 13.1459 20.9146 1.4745 9.5331
338 7 Car -1 -1 -0.6326 1170 149 1225 201 1.6796 -1.5157 -4.2832 -0.5408 -20.8392 22.6727 0.1107 7.4986
339 0 Car -1 -1 -0.8301 5 196 299 369 1.5595 -1.4428 -3.9648 -1.5945 3.1773 3.3433 -1.5901 9.0133
339 9 Car -1 -1 1.0776 469 171 539 206 1.5313 -1.5096 -3.361 -1.0963 4.6244 31.3374 0.931 10.4682
339 8 Car -1 -1 2.046 50 178 209 255 1.7294 -1.7387 -4.3715 -1.8089 13.0195 19.7285 1.4627 8.8461
340 0 Car -1 -1 -0.83 5 197 299 369 1.5627 -1.4404 -3.9979 -1.5637 3.1707 3.4498 -1.5733 8.2893
340 9 Car -1 -1 1.0637 475 171 551 207 1.5903 -1.552 -3.6478 -1.1052 4.1459 30.8232 0.93 11.1868
340 8 Car -1 -1 2.0798 14 180 196 262 1.7113 -1.7543 -4.2807 -1.8756 12.9274 18.5374 1.4709 7.5926
341 0 Car -1 -1 -0.8223 6 198 298 370 1.5635 -1.4371 -3.9724 -1.5145 3.1928 3.3936 -1.5772 8.491
341 9 Car -1 -1 1.003 484 171 563 207 1.5467 -1.5108 -3.6918 -1.1245 3.6345 30.1736 0.8831 10.8475
341 8 Car -1 -1 2.1059 2 181 171 267 1.7045 -1.743 -4.2465 -1.8687 12.7779 17.4827 1.4748 10.8874
342 0 Car -1 -1 -0.8374 9 196 298 369 1.6012 -1.4333 -3.8716 -1.5879 3.1411 3.4296 -1.579 9.5922
342 9 Car -1 -1 0.9455 493 170 577 208 1.5673 -1.5162 -3.7406 -1.1185 3.0782 29.6238 0.842 10.4911
342 8 Car -1 -1 2.1272 3 181 154 272 1.7172 -1.6354 -4.5901 -1.835 12.6785 16.365 1.468 10.9965
343 0 Car -1 -1 -0.8108 10 197 299 370 1.5666 -1.4482 -3.9838 -1.5789 3.1272 3.2786 -1.5725 6.8687
343 9 Car -1 -1 0.8782 502 168 591 208 1.5313 -1.428 -3.4262 -1.0356 2.5344 29.0636 0.7912 10.1579
343 8 Car -1 -1 2.1593 4 181 127 279 1.7242 -1.6783 -4.5567 -1.87 12.5575 15.1464 1.467 9.4865
344 0 Car -1 -1 -0.8384 7 200 299 370 1.5334 -1.4434 -3.8745 -1.5722 3.1715 3.4579 -1.5807 8.8163
344 9 Car -1 -1 0.8231 513 169 604 209 1.5262 -1.3699 -3.6103 -1.1121 1.9655 28.5487 0.7543 11.9784
344 8 Car -1 -1 2.1955 0 187 93 292 1.7309 -1.7081 -4.3941 -1.8668 12.5084 14.0773 1.469 7.8431
345 0 Car -1 -1 -0.8193 5 198 298 370 1.5688 -1.5156 -3.9484 -1.6649 3.1348 3.3361 -1.5736 6.75
345 9 Car -1 -1 0.7604 525 170 620 210 1.52 -1.3923 -3.7079 -1.0989 1.385 28.0859 0.7111 10.8357
345 8 Car -1 -1 2.255 0 187 72 300 1.73 -1.6735 -4.409 -1.8368 12.3375 13.1117 1.5 5.6935
346 0 Car -1 -1 -0.8212 6 198 298 370 1.5434 -1.4281 -3.8992 -1.5935 3.2089 3.4049 -1.5769 10.2269
346 9 Car -1 -1 0.6974 538 170 637 210 1.5411 -1.4221 -3.8904 -1.1008 0.7965 27.6678 0.6686 10.1496
347 0 Car -1 -1 -0.8174 7 201 299 370 1.5561 -1.448 -3.993 -1.5006 3.1823 3.36 -1.5757 7.7447
347 9 Car -1 -1 0.6633 551 170 654 211 1.5499 -1.5044 -3.7291 -1.1181 0.2005 27.2454 0.6559 10.2513
348 0 Car -1 -1 -0.7996 7 200 299 370 1.5985 -1.4395 -4.0503 -1.6023 3.2 3.2429 -1.5784 9.4919
348 9 Car -1 -1 0.621 566 169 673 211 1.5788 -1.5678 -3.8754 -1.1405 -0.3969 26.8773 0.6358 10.4338
349 0 Car -1 -1 -0.8291 7 200 299 370 1.5718 -1.4454 -4.0544 -1.5429 3.1637 3.3578 -1.5848 9.0183
349 9 Car -1 -1 0.531 580 169 690 212 1.5513 -1.4573 -3.8472 -1.0766 -1.0519 26.4609 0.5708 10.874
350 0 Car -1 -1 -0.8423 7 200 299 370 1.5555 -1.4295 -3.8355 -1.6136 3.1616 3.4529 -1.5837 9.4316
350 9 Car -1 -1 0.4811 597 169 709 211 1.512 -1.3952 -3.6589 -1.059 -1.7015 26.0049 0.5465 11.7971
351 0 Car -1 -1 -0.8203 7 200 299 370 1.5517 -1.439 -3.9448 -1.5842 3.1798 3.3626 -1.5777 9.2718
351 9 Car -1 -1 0.4341 614 168 729 212 1.5386 -1.3954 -3.831 -1.0297 -2.3412 25.6866 0.525 11.1125
352 0 Car -1 -1 -0.8202 7 200 299 370 1.5502 -1.4355 -3.9368 -1.6086 3.2189 3.4076 -1.5772 7.6008
352 9 Car -1 -1 0.3687 632 168 749 212 1.5151 -1.4466 -3.6624 -1.0245 -3.0354 25.3487 0.4879 9.5986
353 0 Car -1 -1 -0.8047 7 200 299 370 1.5543 -1.4461 -4.0259 -1.6334 3.1761 3.2742 -1.5749 10.7463
353 9 Car -1 -1 0.323 652 166 771 212 1.5419 -1.4144 -3.7851 -1.0232 -3.7359 25.0912 0.4708 10.7515
354 0 Car -1 -1 -0.8284 7 200 299 370 1.5735 -1.4351 -3.8666 -1.633 3.1798 3.4432 -1.5741 8.6681
354 9 Car -1 -1 0.2353 673 165 792 211 1.5282 -1.4112 -3.6283 -0.9887 -4.4037 24.8158 0.4109 10.8854
355 0 Car -1 -1 -0.8185 7 200 299 370 1.5415 -1.4454 -3.9617 -1.5789 3.144 3.3496 -1.5722 8.287
355 9 Car -1 -1 0.1831 693 165 813 211 1.5121 -1.4643 -3.478 -1.0296 -5.124 24.583 0.3885 11.3036
356 0 Car -1 -1 -0.8208 7 200 299 370 1.5652 -1.4513 -4.0418 -1.5527 3.1753 3.3527 -1.579 9.2033
356 9 Car -1 -1 0.1044 714 164 835 210 1.5418 -1.4131 -3.654 -0.9869 -5.7609 24.3876 0.3364 12.1752
357 0 Car -1 -1 -0.8342 7 201 299 370 1.5332 -1.4446 -3.9091 -1.6135 3.1435 3.3836 -1.5828 8.6891
357 9 Car -1 -1 0.048 736 164 858 210 1.5491 -1.4392 -3.8029 -0.9149 -6.4526 24.2386 0.3082 11.4447
358 9 Car -1 -1 -0.0114 758 164 881 210 1.5393 -1.3894 -3.8035 -0.9387 -7.1968 23.9847 0.2801 10.7145
358 0 Car -1 -1 -0.8301 7 200 299 370 1.5609 -1.4295 -3.9484 -1.5462 3.1662 3.3639 -1.5852 7.545
359 0 Car -1 -1 -0.8442 7 201 299 370 1.5366 -1.4427 -3.9283 -1.5525 3.1557 3.47 -1.5822 7.9176
359 9 Car -1 -1 -0.0856 781 163 905 209 1.5223 -1.4696 -3.7662 -0.9356 -7.8924 23.8643 0.2338 11.0616
360 0 Car -1 -1 -0.8282 7 201 299 370 1.5735 -1.4374 -4.026 -1.5377 3.1815 3.3896 -1.5819 9.6143
360 9 Car -1 -1 -0.1589 804 162 929 209 1.5645 -1.52 -3.7279 -0.9998 -8.6925 23.7429 0.1921 9.6975
361 0 Car -1 -1 -0.8118 7 200 299 370 1.5591 -1.4282 -3.9687 -1.5977 3.2309 3.3765 -1.5752 9.0205
361 9 Car -1 -1 -0.2363 827 162 953 209 1.5606 -1.4596 -3.6782 -0.9636 -9.4257 23.641 0.1431 10.6749
362 0 Car -1 -1 -0.8363 7 201 299 370 1.5553 -1.4364 -3.9137 -1.5609 3.17 3.4856 -1.5743 9.483
362 9 Car -1 -1 -0.2815 850 161 977 209 1.5604 -1.4433 -3.7945 -0.903 -10.2099 23.544 0.1277 12.8432
363 9 Car -1 -1 -0.3436 872 161 1002 209 1.5307 -1.4191 -3.7152 -0.8496 -10.9092 23.497 0.0911 11.4042
363 0 Car -1 -1 -0.8296 7 200 299 370 1.5558 -1.4359 -3.9438 -1.5873 3.1615 3.4169 -1.5762 9.1094
364 0 Car -1 -1 -0.8288 7 200 299 370 1.5662 -1.4446 -4.0278 -1.5747 3.1812 3.4121 -1.5791 8.4314
364 9 Car -1 -1 -0.3817 895 161 1023 209 1.5152 -1.4573 -3.4659 -0.806 -11.6318 23.4637 0.0785 10.7312
365 9 Car -1 -1 -0.4506 918 161 1045 208 1.5254 -1.4009 -3.7713 -0.8473 -12.4392 23.4575 0.037 11.142
365 0 Car -1 -1 -0.8134 7 200 299 370 1.5711 -1.4254 -3.8759 -1.4844 3.2026 3.3053 -1.583 7.2078
366 0 Car -1 -1 -0.8402 7 200 299 370 1.5572 -1.4467 -4.0374 -1.556 3.1593 3.3936 -1.5899 9.9556
366 9 Car -1 -1 -0.5136 942 160 1076 207 1.5699 -1.393 -3.6593 -0.8102 -13.2027 23.425 -0.0003 11.6805
367 9 Car -1 -1 -0.544 963 158 1101 205 1.5548 -1.4989 -3.7672 -0.7765 -14.0794 23.4631 -0.0035 11.0333
367 0 Car -1 -1 -0.8314 7 201 299 370 1.5602 -1.4441 -3.9348 -1.5797 3.1695 3.398 -1.582 9.101
368 0 Car -1 -1 -0.8556 7 200 299 370 1.5698 -1.4479 -3.9663 -1.6296 3.1481 3.4326 -1.5978 8.8213
368 9 Car -1 -1 -0.5816 986 156 1123 203 1.5336 -1.4355 -3.6662 -0.7138 -14.8881 23.5036 -0.017 10.0686
369 0 Car -1 -1 -0.8325 7 200 299 370 1.5819 -1.4291 -3.9042 -1.5874 3.1692 3.4137 -1.5808 9.0753
369 9 Car -1 -1 -0.6428 1005 156 1144 204 1.5539 -1.4667 -3.7513 -0.7129 -15.6474 23.604 -0.0574 10.436
370 0 Car -1 -1 -0.8354 7 200 299 370 1.5674 -1.4377 -3.9638 -1.5211 3.1636 3.3627 -1.5903 8.0657
370 9 Car -1 -1 -0.6735 1030 155 1166 203 1.5611 -1.5308 -3.5532 -0.7004 -16.3959 23.6787 -0.0678 10.9349
371 0 Car -1 -1 -0.8262 7 200 299 370 1.5888 -1.449 -4.0909 -1.6375 3.1622 3.3244 -1.5866 9.1625
371 9 Car -1 -1 -0.7314 1052 154 1192 201 1.5518 -1.4977 -3.5071 -0.646 -17.1884 23.7564 -0.105 10.9798
372 0 Car -1 -1 -0.8231 7 201 298 370 1.5542 -1.4428 -4.0169 -1.6297 3.2134 3.3742 -1.5841 8.1969
372 9 Car -1 -1 -0.7564 1073 153 1210 201 1.5378 -1.4199 -3.6222 -0.6058 -18.0378 23.8378 -0.1087 9.7128
373 0 Car -1 -1 -0.8294 7 201 299 370 1.572 -1.438 -3.9594 -1.5431 3.161 3.359 -1.5845 8.9919
373 9 Car -1 -1 -0.8033 1093 152 1222 201 1.5414 -1.4335 -3.564 -0.5431 -18.6962 23.9269 -0.14 8.6572
374 0 Car -1 -1 -0.8213 7 200 300 370 1.5467 -1.4305 -3.8622 -1.5846 3.1741 3.3871 -1.5743 10.341
374 9 Car -1 -1 -0.804 1114 151 1223 199 1.5076 -1.4774 -3.3743 -0.5677 -19.5254 24.032 -0.1217 9.3063
375 0 Car -1 -1 -0.8497 7 200 299 370 1.547 -1.4231 -3.7554 -1.5945 3.1508 3.4211 -1.594 9.838
375 9 Car -1 -1 -0.816 1136 147 1224 197 1.5473 -1.459 -3.2874 -0.5889 -20.246 24.1116 -0.1175 6.2332
