0 0 Car -1 -1 -2.1392 955 181 1069 233 1.5596 -1.5 -3.4214 -1.5441 -13.7344 24.1747 -1.6225 8.8428
0 1 Car -1 -1 -2.2629 1031 183 1154 232 1.501 -1.3941 -3.0474 -1.6977 -16.3196 23.7504 -1.6609 11.2596
0 2 Car -1 -1 -1.662 603 173 637 202 1.6174 -1.5111 -3.6405 -1.174 -0.692 37.0557 -1.6433 5.2525
0 3 Car -1 -1 0.8918 1098 183 1224 235 1.6005 -1.4675 -3.9765 -1.6734 -19.161 24.5392 1.5547 9.1641
1 0 Car -1 -1 -2.133 955 181 1069 233 1.5918 -1.4758 -3.6425 -1.5427 -13.703 24.0776 -1.6156 8.6803
1 1 Car -1 -1 -2.264 1032 183 1155 232 1.5334 -1.3939 -3.3351 -1.6831 -16.2899 23.7798 -1.6634 10.7885
1 2 Car -1 -1 -10 603 173 638 202 1.6174 -1.5111 -3.6405 -1.174 -0.692 37.0557 -10 0
1 3 Car -1 -1 0.91 1097 183 1224 235 1.5917 -1.4467 -3.9098 -1.6776 -19.156 24.5427 1.5727 8.5017
2 0 Car -1 -1 -2.1193 955 181 1069 233 1.5835 -1.4932 -3.5456 -1.5244 -13.7238 24.2016 -1.6035 9.8713
2 1 Car -1 -1 -2.2688 1032 183 1155 232 1.5204 -1.3948 -3.2965 -1.6894 -16.2986 23.7558 -1.6675 10.9081
2 2 Car -1 -1 -1.6754 603 173 638 202 1.6057 -1.4934 -3.6337 -1.1757 -0.5941 37.0421 -1.6594 4.0031
2 3 Car -1 -1 0.9015 1098 182 1224 235 1.5986 -1.4672 -3.9211 -1.7036 -19.1916 24.5205 1.5656 9.4083
3 0 Car -1 -1 -2.1389 955 181 1069 233 1.5598 -1.4846 -3.5008 -1.5336 -13.7432 24.0793 -1.6202 9.0661
3 1 Car -1 -1 -2.2854 1032 183 1155 232 1.5186 -1.3963 -3.213 -1.6601 -16.2675 23.7048 -1.684 10.912
3 2 Car -1 -1 -10 603 173 638 202 1.6057 -1.4934 -3.6337 -1.1757 -0.5941 37.0421 -10 0
3 3 Car -1 -1 0.8815 1097 183 1224 235 1.5736 -1.4382 -3.9259 -1.6967 -19.1493 24.5334 1.5443 7.9803
4 0 Car -1 -1 -2.1223 955 181 1069 233 1.5638 -1.5267 -3.4238 -1.5989 -13.7525 24.0904 -1.6036 9.5869
4 1 Car -1 -1 -2.2838 1032 183 1155 232 1.5129 -1.3911 -3.3215 -1.693 -16.3025 23.7525 -1.6823 11.2051
4 2 Car -1 -1 -10 603 173 637 202 1.6057 -1.4934 -3.6337 -1.1757 -0.5941 37.0421 -10 0
4 3 Car -1 -1 0.8769 1098 183 1225 235 1.6029 -1.4833 -3.9544 -1.6929 -19.1361 24.483 1.5403 9.368
5 0 Car -1 -1 -2.1222 955 181 1069 233 1.5627 -1.4958 -3.4228 -1.5421 -13.7834 24.0928 -1.6025 7.5783
5 1 Car -1 -1 -2.2449 1032 183 1155 232 1.5309 -1.4155 -3.2926 -1.642 -16.2961 23.7657 -1.6438 11.4523
5 2 Car -1 -1 -1.6318 603 173 638 202 1.5449 -1.4433 -3.4 -1.1415 -0.7332 36.8859 -1.6119 5.0487
5 3 Car -1 -1 0.8921 1097 183 1225 235 1.5964 -1.5073 -3.9295 -1.7025 -19.1835 24.5276 1.5558 9.4148
6 0 Car -1 -1 -2.1303 955 181 1069 233 1.5706 -1.4652 -3.5259 -1.5565 -13.7968 24.1184 -1.6107 7.6044
6 1 Car -1 -1 -2.2739 1032 183 1154 232 1.529 -1.5059 -3.1791 -1.6631 -16.3318 23.8129 -1.6728 11.3324
6 3 Car -1 -1 0.8852 1098 182 1224 235 1.5935 -1.5251 -3.8361 -1.6834 -19.1563 24.4737 1.5493 8.7495
6 2 Car -1 -1 -10 603 173 638 202 1.5449 -1.4433 -3.4 -1.1415 -0.7332 36.8859 -10 0
7 0 Car -1 -1 -2.1362 955 181 1069 233 1.5558 -1.4448 -3.4541 -1.5136 -13.7804 24.0409 -1.6157 9.045
7 1 Car -1 -1 -2.2799 1031 183 1155 232 1.5125 -1.4117 -3.1918 -1.653 -16.3152 23.7154 -1.6773 10.7313
7 2 Car -1 -1 -10 603 173 638 202 1.5449 -1.4433 -3.4 -1.1415 -0.7332 36.8859 -10 0
7 3 Car -1 -1 0.8656 1098 183 1224 235 1.6127 -1.4571 -4.0106 -1.664 -19.1452 24.4796 1.5293 8.5499
8 0 Car -1 -1 -2.1221 955 181 1069 233 1.594 -1.4908 -3.5326 -1.5107 -13.8216 24.1594 -1.6024 8.9735
8 1 Car -1 -1 -2.2615 1031 183 1155 232 1.5261 -1.417 -3.3105 -1.6335 -16.2876 23.773 -1.6609 10.1683
8 2 Car -1 -1 -1.6546 603 173 638 202 1.5532 -1.4323 -3.4914 -1.1556 -0.6809 36.9959 -1.6362 4.0528
8 3 Car -1 -1 0.9053 1098 182 1224 235 1.5925 -1.4918 -3.8543 -1.7044 -19.2481 24.4836 1.5715 8.9633
9 0 Car -1 -1 -2.132 955 181 1069 233 1.5865 -1.5209 -3.4286 -1.5451 -13.7291 24.1677 -1.6154 7.8481
9 1 Car -1 -1 -2.2568 1031 183 1154 232 1.5542 -1.3873 -3.501 -1.669 -16.2841 23.8368 -1.6575 10.6357
9 2 Car -1 -1 -1.6238 603 173 637 202 1.5667 -1.4479 -3.4057 -1.1756 -0.661 36.9266 -1.6059 5.9519
9 3 Car -1 -1 0.903 1098 183 1224 235 1.5859 -1.4471 -3.9342 -1.7139 -19.1485 24.4738 1.5669 8.2377
10 0 Car -1 -1 -2.1339 955 181 1069 233 1.5989 -1.4905 -3.6154 -1.5626 -13.7822 24.1024 -1.6144 8.6404
10 1 Car -1 -1 -2.2601 1032 183 1155 232 1.5257 -1.39 -3.2545 -1.6639 -16.3101 23.7871 -1.6591 10.0767
10 3 Car -1 -1 0.8817 1098 183 1225 235 1.5515 -1.4747 -3.8062 -1.7159 -19.1722 24.4948 1.5458 9.3307
10 2 Car -1 -1 -10 603 173 637 202 1.5667 -1.4479 -3.4057 -1.1756 -0.661 36.9266 -10 0
11 0 Car -1 -1 -2.1247 955 181 1069 233 1.5804 -1.4933 -3.5192 -1.5675 -13.7616 24.1132 -1.606 8.9393
11 1 Car -1 -1 -2.2554 1032 183 1155 232 1.5334 -1.4443 -3.2448 -1.6754 -16.3041 23.8475 -1.6557 11.3495
11 3 Car -1 -1 0.9077 1098 183 1224 235 1.5608 -1.4754 -3.7583 -1.7054 -19.1011 24.353 1.5728 8.1158
11 2 Car -1 -1 -1.652 603 173 638 202 1.5865 -1.4411 -3.6019 -1.2254 -0.6931 36.9535 -1.6332 4.4507
12 0 Car -1 -1 -2.1254 955 181 1069 233 1.5212 -1.4485 -3.359 -1.6062 -13.7623 24.1266 -1.607 7.7248
12 1 Car -1 -1 -2.2424 1032 183 1155 232 1.5309 -1.4147 -3.2345 -1.6484 -16.3226 23.7887 -1.6411 10.3171
12 2 Car -1 -1 -10 603 173 637 202 1.5865 -1.4411 -3.6019 -1.2254 -0.6931 36.9535 -10 0
12 3 Car -1 -1 0.8613 1097 183 1225 235 1.5758 -1.4757 -3.8221 -1.6835 -19.1286 24.4787 1.5246 7.9844
13 0 Car -1 -1 -2.1354 955 181 1069 233 1.5805 -1.4765 -3.5888 -1.5494 -13.7027 24.1485 -1.6193 8.9716
13 1 Car -1 -1 -2.2603 1031 183 1155 232 1.5364 -1.4198 -3.2959 -1.6642 -16.3299 23.8381 -1.6597 11.1921
13 2 Car -1 -1 -1.6215 603 173 637 202 1.5436 -1.4242 -3.3308 -1.1709 -0.7575 36.8703 -1.6009 4.7369
13 3 Car -1 -1 0.8705 1098 183 1224 235 1.5973 -1.5042 -3.8492 -1.6763 -19.2208 24.4134 1.5374 9.2869
14 0 Car -1 -1 -2.1214 955 181 1069 233 1.5425 -1.4938 -3.3537 -1.6023 -13.7123 24.1568 -1.6051 6.9993
14 1 Car -1 -1 -2.2604 1032 183 1155 232 1.5216 -1.4431 -3.2738 -1.6425 -16.3147 23.7767 -1.659 11.0714
14 3 Car -1 -1 0.8864 1097 183 1224 235 1.5635 -1.4236 -3.7465 -1.6951 -19.15 24.4285 1.5512 8.9884
14 2 Car -1 -1 -1.6591 603 173 637 202 1.5905 -1.4934 -3.532 -1.155 -0.633 36.9753 -1.642 5.209
15 0 Car -1 -1 -2.1332 954 181 1069 233 1.6127 -1.5156 -3.579 -1.5647 -13.7793 24.1943 -1.6155 8.9393
15 1 Car -1 -1 -2.2737 1032 183 1155 232 1.532 -1.4218 -3.2389 -1.6602 -16.2787 23.7515 -1.6729 10.5276
15 3 Car -1 -1 0.9017 1097 183 1225 234 1.5809 -1.5215 -3.8825 -1.752 -19.1125 24.5663 1.5629 8.7437
15 2 Car -1 -1 -1.6332 603 173 637 202 1.5979 -1.4546 -3.65 -1.1722 -0.7672 37.0054 -1.6125 4.8032
16 0 Car -1 -1 -2.1335 955 181 1069 233 1.5394 -1.4985 -3.3142 -1.561 -13.7287 24.0971 -1.6157 8.1899
16 1 Car -1 -1 -2.2647 1031 183 1154 232 1.5573 -1.4044 -3.4627 -1.6739 -16.285 23.8232 -1.6651 9.9955
16 3 Car -1 -1 0.8785 1098 182 1224 235 1.5747 -1.4439 -3.9448 -1.6543 -19.1813 24.5033 1.5427 9.1071
16 2 Car -1 -1 -1.648 603 173 637 202 1.6216 -1.53 -3.7168 -1.1425 -0.5669 37.2864 -1.6328 4.6897
17 0 Car -1 -1 -2.1281 955 181 1069 233 1.5608 -1.5239 -3.3849 -1.5637 -13.7246 24.0724 -1.6099 8.4333
17 1 Car -1 -1 -2.2644 1031 183 1154 232 1.5829 -1.4239 -3.5863 -1.645 -16.2783 23.8549 -1.6656 10.8902
17 2 Car -1 -1 -1.6481 603 173 637 202 1.5431 -1.4303 -3.426 -1.1889 -0.7096 36.9455 -1.6289 4.4462
17 3 Car -1 -1 0.8795 1098 183 1224 235 1.5894 -1.4798 -3.7837 -1.7045 -19.2103 24.4549 1.5453 9.4416
18 0 Car -1 -1 -2.1197 955 181 1069 233 1.5728 -1.4977 -3.4676 -1.5717 -13.7967 24.1415 -1.6005 8.5253
18 1 Car -1 -1 -2.2651 1031 183 1154 232 1.5238 -1.3766 -3.3033 -1.6503 -16.3027 23.725 -1.663 11.2198
18 2 Car -1 -1 -1.6251 603 173 637 202 1.5872 -1.4408 -3.6143 -1.2323 -0.6883 36.9758 -1.6065 4.732
18 3 Car -1 -1 0.9112 1098 182 1224 235 1.5935 -1.4832 -3.7909 -1.7043 -19.2625 24.4383 1.5787 9.1368
19 0 Car -1 -1 -2.1366 954 181 1069 233 1.5531 -1.4445 -3.386 -1.5203 -13.7838 24.0834 -1.6168 9.452
19 1 Car -1 -1 -2.2929 1032 183 1155 232 1.506 -1.4019 -3.2414 -1.6485 -16.2901 23.7812 -1.6923 12.6936
19 2 Car -1 -1 -1.5991 603 173 637 202 1.5741 -1.4401 -3.5088 -1.1683 -0.6945 36.959 -1.5803 4.4735
19 3 Car -1 -1 0.881 1098 183 1224 234 1.5763 -1.4662 -3.863 -1.6654 -19.1548 24.4393 1.5458 9.7993
20 0 Car -1 -1 -2.1389 952 181 1069 233 1.5656 -1.5075 -3.4311 -1.5818 -13.7577 24.064 -1.6196 8.1794
20 1 Car -1 -1 -2.282 1031 183 1154 232 1.4853 -1.4394 -3.0573 -1.6627 -16.2807 23.6642 -1.6794 10.7016
20 3 Car -1 -1 0.9021 1098 183 1225 235 1.5845 -1.4672 -3.859 -1.6814 -19.2322 24.4715 1.5682 9.7403
20 2 Car -1 -1 -10 603 173 637 202 1.5741 -1.4401 -3.5088 -1.1683 -0.6945 36.959 -10 0
21 0 Car -1 -1 -2.1318 949 180 1068 233 1.5705 -1.4772 -3.5108 -1.5459 -13.7192 24.1814 -1.6157 8.8666
21 1 Car -1 -1 -2.2684 1033 183 1155 232 1.5138 -1.3807 -3.281 -1.6437 -16.3005 23.7714 -1.6674 10.1912
21 3 Car -1 -1 0.8975 1097 183 1225 235 1.5817 -1.4941 -3.8887 -1.7001 -19.169 24.486 1.5617 9.4035
21 2 Car -1 -1 -1.6359 602 173 637 202 1.5869 -1.4777 -3.5233 -1.1234 -0.5994 36.9884 -1.6197 4.8906
22 0 Car -1 -1 -2.141 952 180 1069 234 1.5411 -1.4939 -3.2352 -1.6025 -13.6997 24.1192 -1.6244 7.951
22 1 Car -1 -1 -2.2498 1032 183 1155 232 1.5129 -1.4042 -3.1282 -1.6662 -16.2973 23.758 -1.6486 11.8528
22 3 Car -1 -1 0.8833 1098 182 1224 234 1.6031 -1.4977 -3.9129 -1.6868 -19.1389 24.4761 1.547 9.0078
22 2 Car -1 -1 -10 602 173 637 201 1.5869 -1.4777 -3.5233 -1.1234 -0.5994 36.9884 -10 0
23 0 Car -1 -1 -2.188 955 180 1067 234 1.5875 -1.4534 -3.4666 -1.563 -13.6398 24.2259 -1.6752 6.2096
23 1 Car -1 -1 -2.2695 1032 183 1155 232 1.4983 -1.409 -3.1818 -1.6504 -16.3311 23.767 -1.6674 11.5479
23 3 Car -1 -1 0.8879 1098 183 1224 235 1.5777 -1.4345 -3.901 -1.6714 -19.2003 24.5409 1.5518 9.2324
23 2 Car -1 -1 -10 603 174 637 202 1.5869 -1.4777 -3.5233 -1.1234 -0.5994 36.9884 -10 0
24 1 Car -1 -1 -2.2772 1032 183 1154 232 1.52 -1.4059 -3.1529 -1.6691 -16.2751 23.7246 -1.6759 12.2042
24 3 Car -1 -1 0.8836 1098 182 1224 235 1.5637 -1.4923 -3.8448 -1.6832 -19.1728 24.4305 1.549 8.8052
24 0 Car -1 -1 -2.1448 959 182 1067 235 1.5385 -1.4666 -3.27 -1.5855 -13.6657 24.0944 -1.6288 8.5425
25 1 Car -1 -1 -2.267 1033 183 1155 232 1.5129 -1.4312 -3.1885 -1.653 -16.2949 23.723 -1.6651 11.4372
25 3 Car -1 -1 0.8722 1098 182 1224 235 1.6042 -1.4856 -3.8978 -1.669 -19.1355 24.4815 1.5356 9.2456
25 0 Car -1 -1 -2.1136 964 182 1066 235 1.5715 -1.5265 -3.3748 -1.5764 -13.7405 24.1074 -1.5956 5.714
26 1 Car -1 -1 -2.273 1032 183 1155 232 1.5011 -1.4201 -3.1046 -1.6343 -16.3308 23.7542 -1.6707 10.894
26 3 Car -1 -1 0.8953 1098 183 1225 235 1.566 -1.455 -3.8407 -1.6707 -19.1355 24.522 1.5579 9.796
26 0 Car -1 -1 -2.1156 959 182 1067 237 1.5405 -1.4345 -3.3376 -1.6264 -13.7224 24.1148 -1.5982 4.3891
26 2 Car -1 -1 -10 601 173 632 203 1.5869 -1.4777 -3.5233 -1.1234 -0.5994 36.9884 -10 0
27 1 Car -1 -1 -2.2609 1030 183 1154 232 1.4933 -1.3659 -3.1159 -1.6343 -16.2886 23.7622 -1.66 11.468
27 3 Car -1 -1 0.8548 1097 183 1225 234 1.6311 -1.5131 -4.0171 -1.694 -19.1451 24.4548 1.519 8.9426
27 2 Car -1 -1 -10 602 173 638 203 1.5869 -1.4777 -3.5233 -1.1234 -0.5994 36.9884 -10 0
27 0 Car -1 -1 -2.1732 956 183 1069 235 1.5648 -1.4738 -3.5647 -1.5958 -13.7664 24.1696 -1.6555 4.6164
28 1 Car -1 -1 -2.2651 1028 183 1154 232 1.5145 -1.4389 -3.2217 -1.6612 -16.2936 23.7785 -1.6643 10.4759
28 3 Car -1 -1 0.8915 1097 183 1225 234 1.6259 -1.4879 -4.0954 -1.6703 -19.1517 24.5927 1.5532 8.5434
28 2 Car -1 -1 -10 603 173 641 202 1.5869 -1.4777 -3.5233 -1.1234 -0.5994 36.9884 -10 0
28 0 Car -1 -1 -2.1552 955 181 1065 233 1.5751 -1.5291 -3.6068 -1.5399 -13.8297 24.1742 -1.6356 5.306
29 2 Car -1 -1 -1.6209 603 173 638 202 1.5153 -1.4108 -3.2307 -1.2346 -0.6579 36.9326 -1.6031 5.5861
29 3 Car -1 -1 0.9078 1097 183 1225 235 1.5639 -1.4554 -3.8 -1.6693 -19.2129 24.4496 1.5738 8.8304
29 1 Car -1 -1 -2.2676 1029 184 1153 233 1.4931 -1.4238 -3.1753 -1.6816 -16.2942 23.7303 -1.6659 10.571
29 0 Car -1 -1 -10 956 182 1068 234 1.5751 -1.5291 -3.6068 -1.5399 -13.8297 24.1742 -10 0
30 3 Car -1 -1 0.9067 1097 183 1225 235 1.5816 -1.501 -3.7957 -1.6945 -19.1296 24.4562 1.5705 8.8549
30 2 Car -1 -1 -10 603 173 639 202 1.5153 -1.4108 -3.2307 -1.2346 -0.6579 36.9326 -10 0
30 1 Car -1 -1 -2.2815 1025 184 1155 233 1.4946 -1.447 -3.1605 -1.6728 -16.2875 23.746 -1.6803 10.928
30 0 Car -1 -1 -10 957 181 1075 234 1.5751 -1.5291 -3.6068 -1.5399 -13.8297 24.1742 -10 0
31 2 Car -1 -1 -1.6208 603 173 637 202 1.5984 -1.4984 -3.5338 -1.1681 -0.8069 36.9494 -1.599 5.2182
31 3 Car -1 -1 0.8618 1096 183 1225 234 1.5937 -1.4261 -3.9043 -1.6678 -19.2029 24.44 1.5277 9.2893
31 0 Car -1 -1 -2.111 957 181 1075 234 1.539 -1.5031 -3.3833 -1.6109 -13.6857 24.3312 -1.5986 4.1827
31 1 Car -1 -1 -2.2608 1028 184 1153 233 1.5729 -1.4393 -3.3844 -1.6652 -16.2939 23.8297 -1.6611 10.6397
32 2 Car -1 -1 -1.5871 603 173 637 202 1.5716 -1.4641 -3.464 -1.1458 -0.6648 36.9811 -1.5692 4.3971
32 3 Car -1 -1 0.8974 1095 183 1224 234 1.6005 -1.4572 -3.9627 -1.6731 -19.2758 24.447 1.5651 8.9581
32 0 Car -1 -1 -2.1374 956 181 1074 234 1.5517 -1.5063 -3.5555 -1.5209 -13.7734 24.3055 -1.6219 6.1383
32 1 Car -1 -1 -2.2465 1033 184 1153 235 1.5483 -1.4603 -3.3021 -1.6978 -16.3035 23.7513 -1.6449 9.3653
33 2 Car -1 -1 -1.6328 603 173 637 202 1.5642 -1.4227 -3.4062 -1.2132 -0.6934 36.8433 -1.614 4.7191
33 0 Car -1 -1 -2.1267 954 180 1073 234 1.5515 -1.4033 -3.4297 -1.5637 -13.7741 24.1295 -1.608 8.2735
33 3 Car -1 -1 0.8996 1094 184 1222 235 1.5651 -1.441 -3.7529 -1.6767 -19.1479 24.4862 1.5632 8.4566
33 1 Car -1 -1 -2.2056 1028 185 1154 235 1.5974 -1.4629 -3.5568 -1.7051 -16.376 23.843 -1.6038 8.0596
34 0 Car -1 -1 -2.1125 954 180 1068 233 1.5485 -1.4731 -3.4356 -1.5632 -13.7083 24.2077 -1.5972 7.8052
34 2 Car -1 -1 -1.6362 603 173 637 202 1.5671 -1.4424 -3.4287 -1.1861 -0.6769 36.8666 -1.6178 4.4265
34 3 Car -1 -1 0.8586 1097 185 1223 235 1.5909 -1.4764 -3.9544 -1.6829 -19.1313 24.5137 1.5213 9.3894
34 1 Car -1 -1 -2.2318 1032 184 1154 235 1.5705 -1.4289 -3.5299 -1.6921 -16.3821 23.8201 -1.6294 6.1869
35 0 Car -1 -1 -2.1403 955 180 1069 233 1.5594 -1.5275 -3.3639 -1.6144 -13.7189 24.1082 -1.623 7.4773
35 2 Car -1 -1 -1.6403 603 173 637 202 1.6013 -1.4974 -3.56 -1.1618 -0.7601 36.9829 -1.6198 5.1541
35 3 Car -1 -1 0.883 1102 184 1223 235 1.5632 -1.4299 -3.8604 -1.6805 -19.2248 24.4427 1.5495 9.033
35 1 Car -1 -1 -2.2571 1033 182 1151 233 1.5919 -1.4998 -3.664 -1.6612 -16.2758 23.8009 -1.6573 4.5793
36 0 Car -1 -1 -2.138 955 181 1069 233 1.5978 -1.4678 -3.5844 -1.5244 -13.8175 24.1675 -1.6186 8.0124
36 2 Car -1 -1 -1.6282 603 173 638 202 1.5848 -1.4583 -3.6722 -1.1703 -0.7082 37.115 -1.6091 4.0654
36 3 Car -1 -1 0.89 1099 184 1223 235 1.5698 -1.4982 -3.7583 -1.6954 -19.1635 24.3985 1.5558 9.0873
36 1 Car -1 -1 -2.2601 1034 184 1146 231 1.5905 -1.4549 -3.6473 -1.6961 -16.2166 23.8971 -1.6639 4.8566
37 0 Car -1 -1 -2.1231 955 181 1069 233 1.5726 -1.4671 -3.4609 -1.5237 -13.8007 24.0649 -1.6024 8.9706
37 2 Car -1 -1 -1.6337 603 173 637 202 1.6085 -1.4482 -3.7722 -1.2006 -0.7121 37.1009 -1.6145 5.3127
37 1 Car -1 -1 -2.2278 1033 183 1151 233 1.5719 -1.5046 -3.406 -1.7083 -16.2692 23.6663 -1.6256 5.1437
37 3 Car -1 -1 0.8617 1097 185 1224 236 1.5757 -1.4648 -3.7817 -1.7079 -19.1272 24.367 1.5272 7.9342
38 0 Car -1 -1 -2.1339 955 181 1069 233 1.5751 -1.4953 -3.5248 -1.5115 -13.7478 24.1033 -1.6156 8.6646
38 2 Car -1 -1 -10 603 173 637 202 1.6085 -1.4482 -3.7722 -1.2006 -0.7121 37.1009 -10 0
38 1 Car -1 -1 -2.2454 1030 184 1153 232 1.5563 -1.4611 -3.5109 -1.6653 -16.2817 23.8877 -1.6471 7.6722
38 3 Car -1 -1 0.8906 1097 186 1220 235 1.5992 -1.5359 -3.9836 -1.7456 -19.1471 24.4499 1.555 5.8803
39 0 Car -1 -1 -2.1325 955 181 1069 233 1.5445 -1.4757 -3.2813 -1.5534 -13.7329 24.1209 -1.615 6.5614
39 2 Car -1 -1 -1.6367 603 173 638 202 1.584 -1.5303 -3.331 -1.1635 -0.6496 37.0279 -1.6192 4.7149
39 1 Car -1 -1 -2.2545 1030 183 1156 232 1.4978 -1.4014 -3.3091 -1.6353 -16.2891 23.7768 -1.6539 7.8718
39 3 Car -1 -1 0.8602 1107 186 1222 235 1.6295 -1.508 -3.9231 -1.7327 -19.071 24.5518 1.5206 5.4516
40 0 Car -1 -1 -2.1412 955 181 1069 233 1.6272 -1.5104 -3.7713 -1.5653 -13.7992 24.1568 -1.6222 8.1466
40 2 Car -1 -1 -1.6261 603 173 637 202 1.5734 -1.4535 -3.421 -1.1561 -0.7021 36.9291 -1.6071 4.8084
40 1 Car -1 -1 -2.2674 1030 183 1155 232 1.5015 -1.4362 -3.3125 -1.6489 -16.3257 23.7879 -1.6659 8.6571
40 3 Car -1 -1 0.9466 1103 184 1222 235 1.5832 -1.5547 -3.7124 -1.7136 -19.1446 24.4946 1.61 4.6004
41 0 Car -1 -1 -2.1289 955 180 1069 233 1.5816 -1.4875 -3.5407 -1.5319 -13.7381 24.1805 -1.6122 10.1378
41 1 Car -1 -1 -2.2553 1031 183 1156 232 1.5151 -1.4141 -3.1916 -1.6708 -16.322 23.7631 -1.6534 11.4065
41 2 Car -1 -1 -1.6281 603 173 638 203 1.5416 -1.4325 -3.2876 -1.1987 -0.6768 36.8836 -1.6097 4.3962
41 3 Car -1 -1 -10 1102 184 1217 236 1.5832 -1.5547 -3.7124 -1.7136 -19.1446 24.4946 -10 0
42 0 Car -1 -1 -2.1177 955 181 1069 233 1.508 -1.48 -3.2921 -1.5538 -13.7077 24.088 -1.6003 7.3929
42 1 Car -1 -1 -2.2676 1032 183 1155 232 1.5323 -1.404 -3.3302 -1.6588 -16.3522 23.7798 -1.6652 10.8643
42 2 Car -1 -1 -10 603 173 637 202 1.5416 -1.4325 -3.2876 -1.1987 -0.6768 36.8836 -10 0
42 3 Car -1 -1 0.957 1099 183 1219 235 1.5994 -1.512 -3.8002 -1.7259 -19.2388 24.5041 1.6226 5.4667
43 0 Car -1 -1 -2.1328 955 181 1069 233 1.481 -1.3992 -3.1957 -1.6092 -13.7443 24.0611 -1.6138 7.7805
43 1 Car -1 -1 -2.2514 1031 183 1155 232 1.5128 -1.4142 -3.1498 -1.6571 -16.3115 23.7651 -1.6499 11.0398
43 2 Car -1 -1 -1.6508 603 173 637 202 1.5654 -1.4266 -3.4481 -1.1547 -0.6282 36.9057 -1.6338 5.3583
43 3 Car -1 -1 -10 1099 183 1218 235 1.5994 -1.512 -3.8002 -1.7259 -19.2388 24.5041 -10 0
44 0 Car -1 -1 -2.1304 955 180 1069 233 1.5699 -1.4938 -3.4812 -1.5655 -13.7647 24.1318 -1.612 8.0643
44 1 Car -1 -1 -2.2651 1031 183 1154 232 1.5257 -1.4033 -3.2616 -1.6886 -16.3206 23.8015 -1.664 12.3574
44 2 Car -1 -1 -1.6362 603 173 638 202 1.5972 -1.4487 -3.7029 -1.187 -0.6985 37.04 -1.6173 5.16
44 3 Car -1 -1 0.8729 1099 183 1221 234 1.5982 -1.4911 -3.8248 -1.6763 -19.1418 24.4438 1.5373 7.3197
45 0 Car -1 -1 -2.1328 955 181 1069 233 1.5416 -1.4507 -3.3261 -1.5813 -13.7599 24.0732 -1.6135 9.0385
45 1 Car -1 -1 -2.2703 1032 183 1155 232 1.5217 -1.4422 -3.1746 -1.6817 -16.2919 23.7567 -1.6692 10.5178
45 3 Car -1 -1 0.9432 1098 183 1225 235 1.5619 -1.5052 -3.7676 -1.6967 -19.1637 24.5249 1.6065 8.4216
45 2 Car -1 -1 -1.6105 603 173 637 202 1.5265 -1.417 -3.2844 -1.2019 -0.6607 36.879 -1.5926 4.4497
46 0 Car -1 -1 -2.1369 955 181 1069 233 1.5761 -1.4925 -3.5362 -1.524 -13.7353 24.1622 -1.62 8.982
46 1 Car -1 -1 -2.2725 1031 183 1155 232 1.4927 -1.404 -3.1871 -1.6567 -16.3084 23.7774 -1.6713 10.2101
46 2 Car -1 -1 -1.6195 603 173 638 202 1.516 -1.4297 -3.3105 -1.2129 -0.5981 36.8855 -1.6033 4.1852
46 3 Car -1 -1 0.9074 1097 183 1225 235 1.5764 -1.49 -3.7956 -1.6698 -19.1444 24.5352 1.57 7.9388
47 0 Car -1 -1 -2.1217 955 180 1069 233 1.5461 -1.4478 -3.253 -1.554 -13.7512 24.0741 -1.6027 9.5359
47 1 Car -1 -1 -2.2659 1032 183 1155 232 1.5301 -1.4017 -3.3073 -1.6666 -16.3141 23.8124 -1.6652 10.4619
47 2 Car -1 -1 -10 603 173 637 202 1.516 -1.4297 -3.3105 -1.2129 -0.5981 36.8855 -10 0
47 3 Car -1 -1 0.917 1098 183 1225 235 1.5641 -1.4789 -3.902 -1.6941 -19.2506 24.5328 1.5824 8.2739
48 0 Car -1 -1 -2.1235 955 181 1069 233 1.5749 -1.4601 -3.5561 -1.5711 -13.6982 24.0599 -1.606 6.7511
48 1 Car -1 -1 -2.2648 1032 183 1155 232 1.5284 -1.4154 -3.1908 -1.6665 -16.3181 23.7281 -1.6623 10.6252
48 2 Car -1 -1 -1.5667 603 173 638 202 1.5592 -1.431 -3.4876 -1.2175 -0.8682 37.0036 -1.5433 4.7473
48 3 Car -1 -1 0.8585 1097 183 1225 234 1.5973 -1.5188 -3.8043 -1.6912 -19.1031 24.3976 1.5228 8.2487
49 0 Car -1 -1 -2.1387 955 181 1069 233 1.5844 -1.4664 -3.5674 -1.5711 -13.8018 24.1214 -1.619 8.4617
49 1 Car -1 -1 -2.2423 1032 183 1155 232 1.5305 -1.4008 -3.2399 -1.6587 -16.2924 23.7808 -1.6417 10.0865
49 3 Car -1 -1 0.8837 1097 183 1224 235 1.5686 -1.4782 -3.8261 -1.6563 -19.2273 24.497 1.5492 9.6617
49 2 Car -1 -1 -1.6626 603 173 638 202 1.5607 -1.4912 -3.3683 -1.1656 -0.7017 36.8786 -1.6436 4.1004
50 0 Car -1 -1 -2.1436 955 181 1069 233 1.5247 -1.4631 -3.2242 -1.5569 -13.7307 24.0875 -1.6255 8.5505
50 1 Car -1 -1 -2.2606 1032 183 1155 232 1.4878 -1.4309 -3.0912 -1.6886 -16.3247 23.7324 -1.658 10.6619
50 2 Car -1 -1 -10 603 173 638 202 1.5607 -1.4912 -3.3683 -1.1656 -0.7017 36.8786 -10 0
50 3 Car -1 -1 0.8938 1097 183 1225 235 1.5816 -1.4676 -3.8582 -1.6973 -19.1575 24.4295 1.5588 8.7853
51 0 Car -1 -1 -2.1326 955 180 1069 233 1.5877 -1.4852 -3.5962 -1.5422 -13.7873 24.0916 -1.6129 10.2969
51 1 Car -1 -1 -2.2738 1032 183 1155 232 1.5473 -1.4415 -3.3359 -1.6542 -16.2885 23.8133 -1.6739 11.4152
51 2 Car -1 -1 -1.614 603 173 637 202 1.5223 -1.4471 -3.2778 -1.1488 -0.6904 36.6979 -1.5952 4.4032
51 3 Car -1 -1 0.8657 1097 183 1225 235 1.5588 -1.4612 -3.8565 -1.6791 -19.2322 24.4143 1.5329 9.757
52 0 Car -1 -1 -2.1503 955 181 1069 233 1.5981 -1.5195 -3.6009 -1.5715 -13.6982 24.1458 -1.6343 8.6176
52 1 Car -1 -1 -2.2794 1031 183 1154 232 1.5003 -1.4469 -3.2204 -1.6731 -16.321 23.7465 -1.6773 10.9351
52 2 Car -1 -1 -1.6416 603 173 637 202 1.5885 -1.4759 -3.604 -1.1208 -0.6528 37.0636 -1.624 4.6692
52 3 Car -1 -1 0.91 1098 183 1225 235 1.5474 -1.4568 -3.6215 -1.6927 -19.1369 24.3815 1.5754 7.681
53 0 Car -1 -1 -2.1275 954 180 1069 233 1.592 -1.4937 -3.6503 -1.5222 -13.8157 24.0868 -1.6068 7.9556
53 1 Car -1 -1 -2.2547 1032 183 1155 232 1.5516 -1.4185 -3.4625 -1.6529 -16.2782 23.8208 -1.6552 10.6932
53 2 Car -1 -1 -1.6394 603 173 637 202 1.5826 -1.4254 -3.5494 -1.1617 -0.8012 36.9551 -1.6178 5.03
53 3 Car -1 -1 0.9332 1098 183 1224 235 1.5758 -1.4608 -3.9124 -1.6952 -19.1521 24.4827 1.5971 8.4048
54 0 Car -1 -1 -2.1603 953 181 1068 233 1.5943 -1.5029 -3.6158 -1.5255 -13.7255 24.1239 -1.643 7.9678
54 1 Car -1 -1 -2.2655 1031 183 1155 232 1.5344 -1.4493 -3.1908 -1.6552 -16.3232 23.7595 -1.6636 12.0397
54 3 Car -1 -1 0.9228 1098 183 1225 235 1.5962 -1.545 -3.7881 -1.6983 -19.2157 24.4443 1.589 9.717
54 2 Car -1 -1 -1.6279 603 173 637 202 1.5263 -1.4609 -3.2844 -1.1551 -0.7057 36.6743 -1.6086 4.4259
55 0 Car -1 -1 -2.1585 948 180 1067 233 1.5457 -1.4671 -3.4136 -1.5314 -13.7682 24.0569 -1.6387 9.2128
55 1 Car -1 -1 -2.2763 1032 183 1155 232 1.507 -1.3717 -3.2045 -1.6469 -16.2839 23.7154 -1.6746 10.7759
55 3 Car -1 -1 0.878 1098 183 1225 234 1.5914 -1.4468 -3.9691 -1.6881 -19.1473 24.5282 1.5408 9.3273
55 2 Car -1 -1 -10 603 173 638 202 1.5263 -1.4609 -3.2844 -1.1551 -0.7057 36.6743 -10 0
56 0 Car -1 -1 -2.1358 948 180 1068 233 1.5526 -1.4947 -3.3677 -1.5355 -13.7347 24.1832 -1.6193 9.4022
56 1 Car -1 -1 -2.2813 1032 183 1155 232 1.5034 -1.4526 -3.2565 -1.6937 -16.2668 23.7457 -1.6807 9.9768
56 2 Car -1 -1 -10 603 173 638 202 1.5263 -1.4609 -3.2844 -1.1551 -0.7057 36.6743 -10 0
56 3 Car -1 -1 0.9132 1097 183 1225 235 1.5729 -1.4834 -3.83 -1.6922 -19.2415 24.5767 1.5774 8.3372
57 0 Car -1 -1 -2.1479 952 181 1067 234 1.5726 -1.5153 -3.5204 -1.6171 -13.7322 24.193 -1.6316 6.5946
57 1 Car -1 -1 -2.2666 1031 183 1155 232 1.5081 -1.3827 -3.2552 -1.6674 -16.2815 23.7308 -1.6653 11.1172
57 3 Car -1 -1 0.884 1097 183 1225 235 1.5778 -1.4706 -3.8415 -1.6862 -19.2548 24.5381 1.5494 8.8279
57 2 Car -1 -1 -1.6268 603 173 638 202 1.5978 -1.4867 -3.6656 -1.1282 -0.7067 37.0898 -1.6077 4.966
58 1 Car -1 -1 -2.2748 1032 183 1155 232 1.4932 -1.423 -3.0884 -1.6596 -16.328 23.7364 -1.6722 11.2536
58 2 Car -1 -1 -1.6297 603 173 637 202 1.5678 -1.4364 -3.4736 -1.1462 -0.6749 36.9138 -1.6114 4.9397
58 3 Car -1 -1 0.9097 1097 183 1225 235 1.5804 -1.4552 -3.917 -1.6947 -19.1229 24.4825 1.5728 7.9128
58 0 Car -1 -1 -2.1248 957 183 1067 234 1.514 -1.4219 -3.2985 -1.5568 -13.6753 24.0493 -1.6077 5.7548
59 1 Car -1 -1 -2.2613 1031 183 1155 232 1.4972 -1.4132 -3.2853 -1.6439 -16.2596 23.7619 -1.6612 9.5113
59 2 Car -1 -1 -1.6244 603 173 637 202 1.5701 -1.4952 -3.4636 -1.1427 -0.6352 37.0521 -1.6073 4.613
59 3 Car -1 -1 0.8882 1097 183 1224 235 1.5867 -1.5414 -3.7617 -1.7223 -19.134 24.4726 1.5518 9.5542
59 0 Car -1 -1 -2.1804 956 183 1067 234 1.5674 -1.5184 -3.3684 -1.5897 -13.7365 24.0829 -1.662 6.8433
60 1 Car -1 -1 -2.2708 1030 183 1155 232 1.504 -1.4515 -3.1549 -1.6634 -16.3032 23.6909 -1.6681 10.6914
60 2 Car -1 -1 -1.5813 603 173 638 202 1.5925 -1.4617 -3.6021 -1.2089 -0.8543 37.0376 -1.5583 4.8889
60 3 Car -1 -1 0.9138 1097 183 1225 235 1.5639 -1.4791 -3.8849 -1.6725 -19.1467 24.5468 1.5762 8.7944
60 0 Car -1 -1 -2.1528 956 182 1064 231 1.5756 -1.4923 -3.5674 -1.5748 -13.8352 24.1132 -1.6319 5.8482
61 2 Car -1 -1 -1.6205 603 173 637 202 1.5661 -1.4314 -3.5054 -1.2623 -0.7114 37.032 -1.6013 4.7186
61 3 Car -1 -1 0.8846 1098 183 1225 235 1.5687 -1.4402 -3.7896 -1.6864 -19.1229 24.5108 1.5472 9.2582
61 1 Car -1 -1 -2.2896 1027 183 1154 233 1.5031 -1.4192 -3.1554 -1.6613 -16.2925 23.7755 -1.6889 10.0805
61 0 Car -1 -1 -2.1372 955 180 1068 235 1.5955 -1.4932 -3.557 -1.5682 -13.8139 24.3033 -1.6203 6.3604
62 2 Car -1 -1 -10 603 173 637 202 1.5661 -1.4314 -3.5054 -1.2623 -0.7114 37.032 -10 0
62 3 Car -1 -1 0.9298 1096 184 1224 234 1.6117 -1.5699 -3.9055 -1.735 -19.1745 24.4905 1.5941 9.0597
62 0 Car -1 -1 -2.1193 956 181 1076 234 1.5619 -1.3994 -3.4653 -1.5478 -13.7927 24.1229 -1.5999 7.9591
62 1 Car -1 -1 -2.2681 1029 183 1154 233 1.5405 -1.4371 -3.3051 -1.7104 -16.3142 23.8313 -1.6678 10.4831
63 0 Car -1 -1 -2.1373 955 181 1069 234 1.5215 -1.4727 -3.4321 -1.5366 -13.7515 24.1921 -1.6205 6.4994
63 2 Car -1 -1 -1.6206 603 173 637 202 1.5701 -1.4742 -3.3833 -1.142 -0.6979 36.8841 -1.6017 4.8496
63 3 Car -1 -1 0.8963 1096 184 1224 234 1.5707 -1.4597 -3.8204 -1.67 -19.2273 24.4447 1.5628 9.2532
63 1 Car -1 -1 -2.2469 1034 185 1154 235 1.5645 -1.4363 -3.4263 -1.6938 -16.3081 23.8357 -1.6469 9.4689
64 0 Car -1 -1 -2.125 955 180 1069 233 1.5639 -1.4502 -3.6388 -1.5208 -13.741 24.1782 -1.6082 7.5119
64 2 Car -1 -1 -1.6426 603 173 637 202 1.595 -1.4737 -3.561 -1.1199 -0.6537 36.9771 -1.6249 5.289
64 3 Car -1 -1 0.8878 1097 184 1223 235 1.5743 -1.4772 -3.8487 -1.7134 -19.1366 24.4683 1.5515 10.1624
64 1 Car -1 -1 -2.205 1030 183 1153 232 1.5588 -1.4617 -3.318 -1.6782 -16.3852 23.7694 -1.6015 8.9575
65 0 Car -1 -1 -2.119 955 181 1069 233 1.5787 -1.5137 -3.5546 -1.5715 -13.7574 24.1554 -1.6013 10.118
65 2 Car -1 -1 -1.6176 603 173 638 202 1.535 -1.4479 -3.2758 -1.1873 -0.7387 36.8932 -1.5976 4.6269
65 3 Car -1 -1 0.8533 1095 183 1223 235 1.5991 -1.4557 -3.9232 -1.6875 -19.1349 24.5059 1.5163 9.4716
65 1 Car -1 -1 -2.3641 1033 183 1151 232 1.614 -1.4437 -3.8331 -1.6875 -16.2495 23.9259 -1.7675 6.6723
66 0 Car -1 -1 -2.1554 955 180 1069 233 1.5622 -1.4654 -3.5212 -1.5147 -13.8169 24.2354 -1.6373 8.0421
66 2 Car -1 -1 -1.602 603 173 637 202 1.6056 -1.4607 -3.8186 -1.1436 -0.8681 37.1637 -1.5786 4.0567
66 1 Car -1 -1 -2.2555 1030 184 1154 232 1.5752 -1.458 -3.5745 -1.6552 -16.3331 23.9801 -1.6576 8.2517
66 3 Car -1 -1 0.9179 1096 184 1224 236 1.5838 -1.5202 -3.8439 -1.6886 -19.1608 24.5835 1.58 8.3464
67 0 Car -1 -1 -2.1275 956 181 1069 233 1.5459 -1.4019 -3.404 -1.5275 -13.7691 24.1342 -1.609 8.3566
67 2 Car -1 -1 -1.6259 603 173 637 202 1.5795 -1.479 -3.3571 -1.1664 -0.7965 37.013 -1.6044 5.883
67 1 Car -1 -1 -2.2724 1030 184 1154 232 1.5276 -1.4707 -3.4378 -1.6275 -16.3223 23.8286 -1.6718 8.1997
67 3 Car -1 -1 0.8483 1103 186 1223 235 1.5877 -1.4581 -3.839 -1.756 -19.0966 24.5363 1.5097 7.199
68 0 Car -1 -1 -2.1221 955 181 1069 233 1.5553 -1.5048 -3.3244 -1.5516 -13.7376 24.1108 -1.6042 8.9329
68 1 Car -1 -1 -2.2839 1031 183 1154 232 1.5204 -1.3869 -3.2739 -1.6784 -16.2801 23.7618 -1.6832 10.6299
68 2 Car -1 -1 -10 603 173 637 202 1.5795 -1.479 -3.3571 -1.1664 -0.7965 37.013 -10 0
68 3 Car -1 -1 0.8814 1101 185 1220 234 1.6056 -1.4555 -3.979 -1.6996 -19.147 24.3841 1.5471 6.1405
69 0 Car -1 -1 -2.1255 955 181 1069 233 1.5291 -1.4988 -3.5081 -1.5392 -13.743 24.0395 -1.6061 8.9953
69 1 Car -1 -1 -2.2711 1031 183 1155 232 1.5078 -1.4177 -3.0915 -1.6663 -16.3262 23.705 -1.668 11.4267
69 2 Car -1 -1 -1.6073 603 173 637 202 1.5905 -1.4457 -3.6493 -1.2015 -0.811 37.0191 -1.5854 4.341
69 3 Car -1 -1 0.9154 1097 183 1220 235 1.5772 -1.4658 -3.8106 -1.6875 -19.1806 24.3576 1.5824 6.6653
70 0 Car -1 -1 -2.1323 955 181 1069 233 1.5131 -1.4413 -3.1886 -1.5992 -13.7436 24.0781 -1.6136 9.3273
70 1 Car -1 -1 -2.2669 1031 183 1155 232 1.5135 -1.3838 -3.2613 -1.6733 -16.2675 23.7164 -1.6657 9.8805
70 2 Car -1 -1 -1.6407 603 173 637 201 1.5892 -1.495 -3.4927 -1.1765 -0.7483 36.9836 -1.6205 5.1454
70 3 Car -1 -1 0.8986 1099 183 1222 234 1.5626 -1.4887 -3.6074 -1.7137 -19.1161 24.4929 1.5614 4.8983
71 0 Car -1 -1 -2.1497 955 181 1069 233 1.5836 -1.488 -3.5305 -1.5403 -13.7785 24.101 -1.6303 8.8225
71 1 Car -1 -1 -2.272 1031 183 1155 232 1.5136 -1.3793 -3.2125 -1.6373 -16.302 23.7346 -1.6702 10.4132
71 3 Car -1 -1 0.8621 1097 183 1225 235 1.5858 -1.4721 -3.9546 -1.6924 -19.1532 24.4324 1.5269 8.0897
71 2 Car -1 -1 -1.6142 602 173 637 201 1.5383 -1.4977 -3.264 -1.146 -0.6742 36.9433 -1.5959 4.3945
72 0 Car -1 -1 -2.1323 955 181 1069 233 1.6052 -1.5169 -3.5843 -1.5639 -13.797 24.0832 -1.6121 7.7535
72 1 Car -1 -1 -2.2812 1031 183 1155 232 1.5131 -1.4574 -3.2075 -1.6534 -16.3182 23.7921 -1.68 11.1831
72 3 Car -1 -1 0.8712 1097 183 1225 235 1.5872 -1.4432 -3.8567 -1.6948 -19.1583 24.4961 1.5349 7.3719
72 2 Car -1 -1 -10 603 173 637 202 1.5383 -1.4977 -3.264 -1.146 -0.6742 36.9433 -10 0
73 0 Car -1 -1 -2.1363 955 181 1069 233 1.5227 -1.5007 -3.3528 -1.5992 -13.7349 24.1092 -1.6185 7.5826
73 1 Car -1 -1 -2.272 1032 183 1155 232 1.5141 -1.4846 -3.1981 -1.6357 -16.3205 23.7907 -1.6707 10.7638
73 3 Car -1 -1 0.9218 1097 183 1225 235 1.5524 -1.4717 -3.711 -1.6926 -19.191 24.5019 1.5862 8.6438
73 2 Car -1 -1 -1.6063 604 173 637 202 1.6207 -1.4936 -3.9009 -1.1155 -0.6391 37.1596 -1.5891 4.1041
74 0 Car -1 -1 -2.1226 955 181 1069 233 1.5673 -1.5464 -3.4216 -1.5471 -13.7219 24.165 -1.6062 8.5323
74 1 Car -1 -1 -2.2556 1031 183 1154 232 1.5342 -1.4438 -3.213 -1.668 -16.2975 23.7024 -1.6532 11.0912
74 3 Car -1 -1 0.9022 1097 183 1225 235 1.5876 -1.537 -3.8038 -1.7167 -19.1703 24.4639 1.5669 8.3154
75 0 Car -1 -1 -2.1326 955 181 1069 233 1.5653 -1.5159 -3.5093 -1.5479 -13.7485 24.1486 -1.6151 9.7423
75 1 Car -1 -1 -2.2536 1032 183 1155 232 1.5614 -1.4346 -3.4428 -1.6548 -16.3114 23.8241 -1.6533 10.4796
75 3 Car -1 -1 0.9038 1098 183 1225 235 1.6158 -1.5128 -3.9491 -1.6875 -19.134 24.5224 1.5664 8.6022
76 0 Car -1 -1 -2.1362 954 181 1069 233 1.5444 -1.4623 -3.385 -1.566 -13.7169 24.1594 -1.6198 8.5098
76 1 Car -1 -1 -2.2785 1031 183 1155 232 1.5303 -1.414 -3.3484 -1.6462 -16.3139 23.7582 -1.6768 12.1089
76 3 Car -1 -1 0.8721 1097 183 1225 235 1.5588 -1.4582 -3.7957 -1.6768 -19.2208 24.3621 1.5401 9.0067
76 2 Car -1 -1 -10 603 174 633 200 1.6207 -1.4936 -3.9009 -1.1155 -0.6391 37.1596 -10 0
77 0 Car -1 -1 -2.1285 955 181 1069 233 1.5541 -1.4446 -3.4203 -1.5307 -13.7129 24.1508 -1.6121 8.9244
77 1 Car -1 -1 -2.2501 1031 183 1155 232 1.5557 -1.4422 -3.3307 -1.6808 -16.2961 23.765 -1.649 10.4546
77 3 Car -1 -1 0.9126 1098 183 1225 235 1.5763 -1.4932 -3.769 -1.7084 -19.1779 24.5311 1.5762 9.5265
77 4 Car -1 -1 -10 597 173 640 207 -1 -1 -1 -1000 -1000 -1000 -10 0
77 2 Car -1 -1 -10 605 173 639 202 1.6207 -1.4936 -3.9009 -1.1155 -0.6391 37.1596 -10 0
78 0 Car -1 -1 -2.1182 955 181 1069 233 1.6128 -1.5516 -3.6844 -1.6343 -13.7337 24.1211 -1.6007 7.8206
78 1 Car -1 -1 -2.2555 1031 183 1155 232 1.5125 -1.3717 -3.264 -1.6418 -16.3263 23.7453 -1.6531 11.9838
78 3 Car -1 -1 0.8905 1098 183 1225 235 1.5744 -1.4686 -3.825 -1.689 -19.2303 24.4617 1.5568 9.0573
78 4 Car -1 -1 -10 578 175 657 251 -1 -1 -1 -1000 -1000 -1000 -10 0
79 0 Car -1 -1 -2.1401 955 181 1069 233 1.5862 -1.4976 -3.5592 -1.5495 -13.7535 24.1182 -1.6218 8.4903
79 1 Car -1 -1 -2.2746 1031 183 1154 232 1.5344 -1.5094 -3.2064 -1.66 -16.3273 23.7801 -1.6729 10.57
79 3 Car -1 -1 0.9034 1097 183 1225 235 1.5696 -1.4577 -3.7923 -1.6818 -19.2143 24.4826 1.5688 8.5509
80 0 Car -1 -1 -2.1253 955 181 1069 233 1.5469 -1.5107 -3.4076 -1.5784 -13.7365 24.1002 -1.6072 8.1489
80 1 Car -1 -1 -2.258 1031 183 1155 232 1.5196 -1.402 -3.2965 -1.6487 -16.3026 23.8122 -1.6576 11.7064
80 3 Car -1 -1 0.8615 1098 183 1224 235 1.5742 -1.471 -3.8329 -1.7006 -19.1865 24.4896 1.5261 9.3358
81 0 Car -1 -1 -2.135 955 181 1069 233 1.5704 -1.4837 -3.4663 -1.538 -13.7736 24.1198 -1.6161 8.7518
81 1 Car -1 -1 -2.2682 1032 183 1154 232 1.5542 -1.402 -3.4732 -1.6569 -16.2769 23.8563 -1.6694 11.0684
81 3 Car -1 -1 0.9203 1098 183 1225 235 1.6075 -1.4787 -3.9785 -1.6919 -19.2211 24.6095 1.5833 8.1381
81 2 Car -1 -1 -10 601 173 634 203 1.6207 -1.4936 -3.9009 -1.1155 -0.6391 37.1596 -10 0
82 0 Car -1 -1 -2.1234 955 181 1069 233 1.5812 -1.5461 -3.4632 -1.5703 -13.7659 24.1634 -1.6056 8.5676
82 1 Car -1 -1 -2.2651 1031 183 1155 232 1.5293 -1.4832 -3.1348 -1.668 -16.3243 23.7292 -1.6625 11.5306
82 3 Car -1 -1 0.8816 1097 183 1225 235 1.605 -1.5049 -3.8984 -1.6929 -19.1505 24.4383 1.5462 9.0972
82 2 Car -1 -1 -1.5853 605 174 641 204 1.6129 -1.5042 -3.7212 -1.1709 -0.8207 37.2419 -1.5633 4.4276
83 0 Car -1 -1 -2.128 954 181 1069 233 1.583 -1.5297 -3.4445 -1.5472 -13.8229 24.1261 -1.6077 8.72
83 1 Car -1 -1 -2.262 1032 183 1155 232 1.5124 -1.4612 -3.0318 -1.657 -16.3087 23.7262 -1.6598 10.3906
83 3 Car -1 -1 0.884 1097 183 1225 235 1.5715 -1.5295 -3.8359 -1.6968 -19.1529 24.4144 1.5492 8.81
83 2 Car -1 -1 -10 603 173 640 203 1.6129 -1.5042 -3.7212 -1.1709 -0.8207 37.2419 -10 0
84 0 Car -1 -1 -2.1365 955 180 1069 233 1.5863 -1.4906 -3.6277 -1.5397 -13.7452 24.2035 -1.62 9.2037
84 1 Car -1 -1 -2.2633 1031 183 1155 232 1.5623 -1.4069 -3.525 -1.6804 -16.2758 23.8462 -1.6644 9.8594
84 3 Car -1 -1 0.8552 1097 183 1224 235 1.5885 -1.438 -3.8683 -1.6715 -19.2513 24.4574 1.522 8.0968
84 2 Car -1 -1 -10 604 173 638 202 1.6129 -1.5042 -3.7212 -1.1709 -0.8207 37.2419 -10 0
85 0 Car -1 -1 -2.1448 955 181 1069 233 1.5376 -1.4721 -3.4445 -1.5459 -13.7523 24.1101 -1.6264 8.69
85 1 Car -1 -1 -2.258 1031 183 1155 232 1.5535 -1.4189 -3.3988 -1.663 -16.2886 23.827 -1.6584 11.4084
85 3 Car -1 -1 0.9021 1097 183 1225 235 1.5775 -1.4889 -3.7899 -1.6852 -19.1366 24.4549 1.5661 8.3448
85 2 Car -1 -1 -10 604 173 637 202 1.6129 -1.5042 -3.7212 -1.1709 -0.8207 37.2419 -10 0
86 0 Car -1 -1 -2.1172 955 181 1069 233 1.5432 -1.4957 -3.412 -1.5507 -13.7623 24.1285 -1.5989 8.6779
86 1 Car -1 -1 -2.2671 1032 183 1155 232 1.5193 -1.4742 -3.2246 -1.6575 -16.3179 23.7754 -1.6656 11.3421
86 3 Car -1 -1 0.923 1097 183 1225 235 1.5524 -1.4711 -3.7842 -1.7119 -19.2311 24.4452 1.5895 8.7778
86 2 Car -1 -1 -10 604 173 638 202 1.6129 -1.5042 -3.7212 -1.1709 -0.8207 37.2419 -10 0
87 0 Car -1 -1 -2.1342 955 181 1069 233 1.5526 -1.4381 -3.3086 -1.5646 -13.7655 24.0377 -1.6141 7.2816
87 1 Car -1 -1 -2.2576 1031 183 1155 232 1.5508 -1.3921 -3.3934 -1.6337 -16.2828 23.8412 -1.6584 11.2194
87 3 Car -1 -1 0.86 1098 183 1225 235 1.6184 -1.5194 -3.9295 -1.6822 -19.1367 24.5155 1.5228 8.717
87 2 Car -1 -1 -10 603 173 637 202 1.6129 -1.5042 -3.7212 -1.1709 -0.8207 37.2419 -10 0
88 0 Car -1 -1 -2.1344 955 181 1069 233 1.567 -1.4454 -3.4145 -1.5518 -13.7922 24.0763 -1.6142 8.5571
88 1 Car -1 -1 -2.2614 1031 183 1154 232 1.5708 -1.4279 -3.4062 -1.6232 -16.2818 23.8283 -1.662 10.7169
88 3 Car -1 -1 0.9014 1097 183 1225 235 1.5748 -1.519 -3.811 -1.7198 -19.1557 24.4336 1.5663 8.4773
88 2 Car -1 -1 -10 604 173 637 202 1.6129 -1.5042 -3.7212 -1.1709 -0.8207 37.2419 -10 0
89 0 Car -1 -1 -2.124 955 181 1069 233 1.6051 -1.5053 -3.5895 -1.5261 -13.7929 24.0692 -1.6036 8.9383
89 1 Car -1 -1 -2.2553 1032 183 1155 232 1.5225 -1.4066 -3.2006 -1.6744 -16.3138 23.7106 -1.6526 11.2773
89 3 Car -1 -1 0.9004 1097 183 1224 235 1.574 -1.4808 -3.866 -1.6778 -19.1571 24.5508 1.563 9.5184
89 2 Car -1 -1 -1.644 604 173 637 202 1.6203 -1.5476 -3.69 -1.1929 -0.5778 37.2946 -1.6286 5.271
90 0 Car -1 -1 -2.1331 955 181 1069 233 1.5881 -1.5325 -3.4729 -1.5749 -13.7351 24.1361 -1.6158 8.8481
90 1 Car -1 -1 -2.259 1031 183 1154 232 1.5055 -1.4114 -3.2294 -1.6491 -16.2893 23.8216 -1.6592 11.2037
90 3 Car -1 -1 0.866 1097 183 1225 235 1.6018 -1.4965 -3.8895 -1.689 -19.1434 24.4738 1.5298 9.5943
90 2 Car -1 -1 -10 602 173 638 202 1.6203 -1.5476 -3.69 -1.1929 -0.5778 37.2946 -10 0
91 0 Car -1 -1 -2.1203 955 181 1069 233 1.5695 -1.4551 -3.4809 -1.5498 -13.691 24.1882 -1.6053 8.1533
91 1 Car -1 -1 -2.2715 1032 183 1154 232 1.484 -1.388 -3.0147 -1.6456 -16.3042 23.7152 -1.6692 11.2203
91 3 Car -1 -1 0.8599 1097 183 1225 235 1.5578 -1.4452 -3.8278 -1.7299 -19.0565 24.5231 1.5205 6.9994
91 2 Car -1 -1 -10 608 173 638 203 1.6203 -1.5476 -3.69 -1.1929 -0.5778 37.2946 -10 0
92 0 Car -1 -1 -2.1492 955 181 1069 233 1.5495 -1.5376 -3.3312 -1.5553 -13.7364 24.0997 -1.6311 8.1545
92 1 Car -1 -1 -2.2751 1032 183 1155 232 1.5742 -1.4346 -3.5246 -1.664 -16.2894 23.8271 -1.6754 11.3252
92 3 Car -1 -1 0.8932 1097 183 1224 235 1.6106 -1.5398 -3.8572 -1.7274 -19.1536 24.4619 1.5575 8.5224
93 0 Car -1 -1 -2.1244 955 181 1069 233 1.5683 -1.4926 -3.3689 -1.6082 -13.7649 24.1146 -1.6057 8.9099
93 1 Car -1 -1 -2.2464 1031 183 1154 232 1.5055 -1.3841 -3.2985 -1.65 -16.2966 23.8177 -1.6464 9.8414
93 3 Car -1 -1 0.8938 1097 183 1225 235 1.5891 -1.4888 -3.8473 -1.6758 -19.1357 24.4989 1.5569 8.7892
94 0 Car -1 -1 -2.1543 955 181 1069 233 1.5602 -1.4535 -3.3944 -1.5206 -13.8038 24.2138 -1.6362 7.4734
94 1 Car -1 -1 -2.263 1032 183 1155 232 1.5019 -1.3818 -3.2077 -1.6398 -16.2956 23.7372 -1.6614 11.4091
94 3 Car -1 -1 0.8788 1097 183 1225 235 1.5549 -1.434 -3.7828 -1.6653 -19.1971 24.4378 1.5447 8.8692
95 0 Car -1 -1 -2.1222 955 181 1070 233 1.5659 -1.5125 -3.4542 -1.5582 -13.7172 24.0798 -1.6044 9.0987
95 1 Car -1 -1 -2.2639 1032 183 1155 232 1.5404 -1.3933 -3.3537 -1.674 -16.2919 23.7414 -1.6625 10.4753
95 3 Car -1 -1 0.9022 1097 183 1224 235 1.615 -1.492 -3.9885 -1.7181 -19.1673 24.5296 1.5655 8.9671
95 2 Car -1 -1 -10 602 174 637 203 1.6203 -1.5476 -3.69 -1.1929 -0.5778 37.2946 -10 0
96 0 Car -1 -1 -2.1353 955 180 1069 233 1.5642 -1.5714 -3.4065 -1.6139 -13.7164 24.1082 -1.618 9.2089
96 1 Car -1 -1 -2.2811 1031 183 1155 232 1.5181 -1.3929 -3.088 -1.6619 -16.3137 23.7582 -1.6794 10.9157
96 3 Car -1 -1 0.8716 1097 183 1225 235 1.6233 -1.5184 -4.034 -1.6929 -19.1418 24.4941 1.5349 8.9664
97 0 Car -1 -1 -2.1537 955 180 1069 233 1.5783 -1.5147 -3.4596 -1.6014 -13.7901 24.0739 -1.6335 9.0152
97 1 Car -1 -1 -2.2755 1031 183 1154 232 1.5013 -1.4265 -3.2117 -1.6798 -16.3372 23.7573 -1.6731 10.4662
97 3 Car -1 -1 0.8658 1097 183 1225 235 1.5885 -1.4672 -3.9282 -1.7074 -19.2159 24.4533 1.5318 9.3772
98 0 Car -1 -1 -2.1332 955 181 1069 233 1.5592 -1.4849 -3.4346 -1.5348 -13.7247 24.1945 -1.6172 8.5473
98 1 Car -1 -1 -2.2372 1031 183 1155 232 1.5472 -1.4353 -3.2922 -1.6785 -16.3114 23.82 -1.6368 10.271
98 3 Car -1 -1 0.9086 1097 183 1225 235 1.5689 -1.4705 -3.7976 -1.6926 -19.1531 24.4869 1.5724 8.7509
99 0 Car -1 -1 -2.129 956 181 1069 233 1.5868 -1.5123 -3.45 -1.5581 -13.7666 24.1301 -1.6106 9.6649
99 1 Car -1 -1 -2.2478 1031 183 1154 232 1.4885 -1.4122 -3.1192 -1.6612 -16.3228 23.7051 -1.6448 10.9402
99 3 Car -1 -1 0.888 1097 183 1224 235 1.6022 -1.4942 -3.9444 -1.7054 -19.146 24.496 1.5514 10.3376
100 0 Car -1 -1 -2.121 956 181 1069 233 1.5608 -1.5238 -3.4144 -1.498 -13.7606 24.1697 -1.6034 7.292
100 1 Car -1 -1 -2.2604 1031 183 1155 232 1.5573 -1.4518 -3.3775 -1.6463 -16.2959 23.7674 -1.6594 11.0734
100 3 Car -1 -1 0.9141 1097 183 1224 234 1.5966 -1.5193 -3.9496 -1.7135 -19.2067 24.5644 1.5777 7.9969
100 5 Car -1 -1 -10 605 173 638 205 -1 -1 -1 -1000 -1000 -1000 -10 0
101 0 Car -1 -1 -2.1576 955 181 1069 233 1.5188 -1.4313 -3.1754 -1.6034 -13.7491 24.1007 -1.6392 9.1706
101 1 Car -1 -1 -2.2784 1031 183 1154 232 1.5583 -1.4399 -3.4052 -1.6718 -16.3 23.7984 -1.6778 10.8588
101 3 Car -1 -1 0.9068 1097 183 1224 235 1.5859 -1.5103 -3.8145 -1.7163 -19.1627 24.5649 1.5693 8.9609
102 0 Car -1 -1 -2.1567 955 181 1069 233 1.5707 -1.4655 -3.4419 -1.5081 -13.7795 24.2062 -1.6392 9.3853
102 1 Car -1 -1 -2.2694 1031 183 1155 232 1.5324 -1.4312 -3.1887 -1.6934 -16.2863 23.7441 -1.6682 10.9724
102 3 Car -1 -1 0.8925 1097 183 1225 235 1.5599 -1.4561 -3.8695 -1.6768 -19.2241 24.588 1.5561 9.5302
103 0 Car -1 -1 -2.1395 955 181 1069 233 1.5476 -1.477 -3.5351 -1.5642 -13.7731 24.1458 -1.6211 8.0427
103 1 Car -1 -1 -2.2571 1032 183 1155 232 1.5869 -1.4565 -3.4998 -1.6783 -16.3163 23.8294 -1.6567 10.5948
103 3 Car -1 -1 0.8624 1098 183 1224 235 1.6095 -1.4928 -3.8824 -1.671 -19.1509 24.4655 1.5266 9.4224
104 0 Car -1 -1 -2.1411 955 181 1069 233 1.5744 -1.4802 -3.4241 -1.5103 -13.7319 24.1921 -1.6248 8.7705
104 1 Car -1 -1 -2.263 1031 183 1155 232 1.5179 -1.4391 -3.1428 -1.6715 -16.2902 23.7928 -1.6626 11.8973
104 3 Car -1 -1 0.8866 1098 183 1225 235 1.6131 -1.507 -3.9355 -1.6838 -19.1215 24.5049 1.5493 9.3693
104 5 Car -1 -1 -10 603 174 638 204 -1 -1 -1 -1000 -1000 -1000 -10 0
105 0 Car -1 -1 -2.137 955 181 1069 233 1.5693 -1.4884 -3.4848 -1.5103 -13.776 24.156 -1.6187 9.414
105 1 Car -1 -1 -2.2654 1032 183 1155 232 1.5412 -1.4202 -3.2797 -1.6583 -16.2828 23.7553 -1.6645 11.788
105 3 Car -1 -1 0.9134 1098 183 1225 235 1.6001 -1.5468 -3.8515 -1.7028 -19.1469 24.5266 1.5763 9.0604
105 5 Car -1 -1 -10 603 174 638 202 -1 -1 -1 -1000 -1000 -1000 -10 0
106 0 Car -1 -1 -2.13 955 181 1069 233 1.5856 -1.4598 -3.6057 -1.5604 -13.721 24.0791 -1.612 8.9804
106 1 Car -1 -1 -2.2604 1032 183 1155 232 1.5583 -1.4418 -3.3732 -1.6357 -16.2929 23.7942 -1.66 10.7701
106 3 Car -1 -1 0.9035 1098 183 1225 235 1.573 -1.4708 -3.8739 -1.6962 -19.1481 24.5365 1.5662 8.6576
106 5 Car -1 -1 -10 603 173 637 202 -1 -1 -1 -1000 -1000 -1000 -10 0
107 0 Car -1 -1 -2.1457 955 181 1069 233 1.5431 -1.4598 -3.4891 -1.583 -13.694 24.0956 -1.6289 9.4148
107 1 Car -1 -1 -2.2746 1032 183 1155 232 1.572 -1.4255 -3.5129 -1.6312 -16.3319 23.8799 -1.6747 10.2904
107 3 Car -1 -1 0.8723 1098 183 1225 235 1.5771 -1.4337 -3.7382 -1.6667 -19.1989 24.4621 1.5377 8.6525
107 5 Car -1 -1 -10 603 173 637 202 -1 -1 -1 -1000 -1000 -1000 -10 0
108 0 Car -1 -1 -2.123 955 180 1069 233 1.5748 -1.5448 -3.4214 -1.5487 -13.7369 24.2086 -1.6068 8.6442
108 1 Car -1 -1 -2.268 1032 183 1155 232 1.5546 -1.4311 -3.4001 -1.6724 -16.2639 23.844 -1.6694 11.3399
108 3 Car -1 -1 0.9256 1098 183 1225 235 1.6022 -1.4715 -3.852 -1.6847 -19.2341 24.4982 1.5912 9.1058
108 5 Car -1 -1 -10 604 173 637 201 -1 -1 -1 -1000 -1000 -1000 -10 0
109 0 Car -1 -1 -2.1211 955 180 1069 233 1.5819 -1.5825 -3.3668 -1.5491 -13.7893 24.1952 -1.6031 8.8861
109 1 Car -1 -1 -2.2782 1032 183 1155 232 1.5506 -1.5181 -3.2203 -1.6734 -16.3132 23.7868 -1.677 10.8992
109 3 Car -1 -1 0.8423 1097 183 1225 235 1.5825 -1.4921 -3.777 -1.6961 -19.1171 24.4262 1.5063 6.4837
109 5 Car -1 -1 -1.575 604 173 637 200 1.5488 -1.4614 -3.3908 -1.1325 -0.6324 36.8981 -1.5579 4.094
110 0 Car -1 -1 -2.138 954 180 1069 233 1.5095 -1.3989 -3.2929 -1.5573 -13.7446 24.0474 -1.6188 8.2559
110 1 Car -1 -1 -2.2498 1032 183 1155 232 1.5253 -1.3606 -3.2603 -1.6394 -16.2958 23.7514 -1.6484 11.5643
110 3 Car -1 -1 0.8767 1098 183 1224 235 1.5889 -1.5173 -3.9042 -1.7045 -19.1373 24.5296 1.5393 8.8595
110 5 Car -1 -1 -1.5596 604 173 637 201 1.5795 -1.4673 -3.6569 -1.1399 -0.8846 37.2249 -1.5358 4.1569
111 1 Car -1 -1 -2.2669 1032 183 1155 232 1.5329 -1.4419 -3.1795 -1.6265 -16.323 23.7639 -1.665 10.4657
111 0 Car -1 -1 -2.1279 952 181 1067 233 1.5474 -1.461 -3.325 -1.5717 -13.721 24.0956 -1.6102 8.1358
111 3 Car -1 -1 0.9419 1097 183 1225 235 1.5864 -1.5711 -3.7615 -1.7389 -19.1853 24.563 1.6049 7.3434
111 5 Car -1 -1 -10 600 174 638 200 1.5795 -1.4673 -3.6569 -1.1399 -0.8846 37.2249 -10 0
112 1 Car -1 -1 -2.2699 1032 183 1155 232 1.5112 -1.4105 -3.1385 -1.658 -16.2933 23.7365 -1.6683 11.246
112 3 Car -1 -1 0.8775 1098 183 1224 235 1.6155 -1.5115 -3.9954 -1.6842 -19.1532 24.5121 1.5408 9.4372
112 0 Car -1 -1 -2.1099 948 181 1065 233 1.5986 -1.5138 -3.561 -1.526 -13.736 24.2066 -1.5937 7.9511
113 1 Car -1 -1 -2.2771 1031 183 1155 232 1.5414 -1.4179 -3.3239 -1.6414 -16.2976 23.7591 -1.6759 11.7206
113 3 Car -1 -1 0.8878 1098 183 1225 235 1.5895 -1.4677 -3.9565 -1.6793 -19.1723 24.4963 1.5518 8.4554
113 0 Car -1 -1 -2.1061 948 182 1066 236 1.5637 -1.4459 -3.4029 -1.5698 -13.7799 24.038 -1.5855 7.0249
114 1 Car -1 -1 -2.2586 1031 183 1155 232 1.5143 -1.379 -3.1688 -1.6443 -16.3119 23.7624 -1.657 11.3224
114 3 Car -1 -1 0.8865 1097 183 1224 235 1.5927 -1.5007 -3.9875 -1.6821 -19.1637 24.5795 1.5488 8.6355
114 0 Car -1 -1 -2.1242 947 182 1064 234 1.5707 -1.4856 -3.3409 -1.5625 -13.7021 24.0929 -1.6071 6.6891
115 1 Car -1 -1 -2.2546 1026 183 1154 232 1.5271 -1.3983 -3.3064 -1.6718 -16.2737 23.7788 -1.6545 11.3209
115 3 Car -1 -1 0.8791 1097 183 1224 234 1.5779 -1.4354 -3.8567 -1.689 -19.1301 24.5056 1.542 9.0352
115 0 Car -1 -1 -2.2059 950 181 1067 233 1.5773 -1.4897 -3.3006 -1.6104 -13.6717 24.0311 -1.6886 5.5151
116 1 Car -1 -1 -2.2697 1030 183 1155 232 1.4992 -1.4146 -3.1122 -1.6608 -16.3173 23.6886 -1.6665 11.7383
116 3 Car -1 -1 0.8767 1098 183 1225 235 1.6033 -1.4465 -3.9589 -1.6942 -19.1291 24.4892 1.5398 8.6168
116 0 Car -1 -1 -2.1661 956 184 1069 233 1.5605 -1.4375 -3.4534 -1.5627 -13.8224 24.174 -1.6467 5.6926
116 5 Car -1 -1 -10 601 173 637 202 1.5795 -1.4673 -3.6569 -1.1399 -0.8846 37.2249 -10 0
117 3 Car -1 -1 0.9198 1097 183 1225 235 1.5956 -1.5234 -3.7806 -1.6923 -19.1533 24.4868 1.5836 7.8724
117 1 Car -1 -1 -2.263 1028 184 1154 232 1.5297 -1.4156 -3.2569 -1.6278 -16.2912 23.7456 -1.6617 10.7266
117 0 Car -1 -1 -10 955 179 1065 233 1.5605 -1.4375 -3.4534 -1.5627 -13.8224 24.174 -10 0
117 5 Car -1 -1 -10 604 173 642 205 1.5795 -1.4673 -3.6569 -1.1399 -0.8846 37.2249 -10 0
118 3 Car -1 -1 0.9254 1097 183 1225 235 1.6182 -1.4958 -3.85 -1.6831 -19.1501 24.5344 1.5881 8.7414
118 1 Car -1 -1 -2.2749 1026 184 1155 232 1.5199 -1.4559 -3.2437 -1.6505 -16.2929 23.7329 -1.6732 10.1097
118 0 Car -1 -1 -10 957 181 1070 233 1.5605 -1.4375 -3.4534 -1.5627 -13.8224 24.174 -10 0
119 3 Car -1 -1 0.9118 1096 184 1224 234 1.59 -1.4637 -3.8543 -1.6905 -19.1468 24.4962 1.5753 8.6003
119 0 Car -1 -1 -2.1082 957 181 1070 233 1.5069 -1.5502 -3.2546 -1.5905 -13.7261 24.3189 -1.5944 5.2454
119 1 Car -1 -1 -2.2187 1023 185 1155 234 1.5835 -1.4048 -3.5732 -1.6736 -16.323 23.921 -1.6199 9.7896
120 3 Car -1 -1 0.8835 1097 183 1222 234 1.5809 -1.5038 -3.8171 -1.6843 -19.1517 24.4763 1.5474 9.4864
120 0 Car -1 -1 -2.1321 956 180 1074 233 1.5686 -1.4558 -3.7016 -1.5208 -13.7652 24.1606 -1.6142 8.0776
120 1 Car -1 -1 -2.2502 1025 184 1153 234 1.5899 -1.4858 -3.5066 -1.6592 -16.3329 23.8691 -1.6501 8.8556
121 0 Car -1 -1 -2.1458 955 180 1069 233 1.5311 -1.4492 -3.5302 -1.5183 -13.7738 24.1317 -1.6271 8.0758
121 3 Car -1 -1 0.8948 1096 180 1221 235 1.6024 -1.5255 -3.9139 -1.6847 -19.1501 24.5146 1.558 8.955
121 1 Car -1 -1 -2.2402 1035 184 1155 235 1.6152 -1.4842 -3.7315 -1.6471 -16.3428 23.9618 -1.6416 8.2503
122 0 Car -1 -1 -2.1459 955 180 1069 233 1.5641 -1.4667 -3.485 -1.5476 -13.7616 24.151 -1.6279 7.9918
122 1 Car -1 -1 -10 1030 183 1151 232 1.6152 -1.4842 -3.7315 -1.6471 -16.3428 23.9618 -10 0
122 3 Car -1 -1 0.869 1102 183 1224 237 1.6087 -1.572 -3.8082 -1.6925 -19.1583 24.5153 1.5323 7.9845
123 0 Car -1 -1 -2.1393 953 180 1069 233 1.595 -1.4681 -3.6723 -1.5285 -13.7788 24.148 -1.6208 9.1724
123 1 Car -1 -1 -2.2351 1029 183 1152 232 1.5552 -1.4375 -3.488 -1.681 -16.2103 23.9619 -1.6403 5.3464
123 3 Car -1 -1 0.878 1090 185 1221 235 1.5986 -1.4958 -3.8883 -1.7921 -19.1353 24.4298 1.5425 6.0744
124 0 Car -1 -1 -2.141 953 181 1067 234 1.5775 -1.5251 -3.5274 -1.5832 -13.6599 24.1954 -1.627 6.4301
124 1 Car -1 -1 -2.2529 1030 184 1156 232 1.5519 -1.4658 -3.3156 -1.6678 -16.2803 23.8133 -1.6532 5.5801
124 3 Car -1 -1 0.8423 1101 187 1219 235 1.5842 -1.5033 -3.6731 -1.7845 -19.0778 24.2628 1.5086 6.1455
125 1 Car -1 -1 -2.2628 1028 183 1157 231 1.5026 -1.4101 -3.2378 -1.6288 -16.2854 23.7583 -1.6619 8.6872
125 0 Car -1 -1 -2.1433 949 181 1065 235 1.5759 -1.5172 -3.328 -1.6311 -13.71 24.0492 -1.6252 8.5189
125 3 Car -1 -1 0.9026 1103 185 1215 237 1.6403 -1.5232 -3.9366 -1.7854 -19.0972 24.557 1.5635 4.2182
126 1 Car -1 -1 -2.266 1032 183 1157 232 1.509 -1.4584 -3.1217 -1.7243 -16.2983 23.7086 -1.6637 9.7405
126 3 Car -1 -1 -10 1102 184 1219 235 1.6403 -1.5232 -3.9366 -1.7854 -19.0972 24.557 -10 0
126 0 Car -1 -1 -2.1312 946 181 1066 234 1.5348 -1.4833 -3.2894 -1.612 -13.7885 24.1146 -1.6118 6.0941
126 6 Car -1 -1 -10 949 168 1061 228 -1 -1 -1 -1000 -1000 -1000 -10 0
127 1 Car -1 -1 -2.2643 1029 183 1154 233 1.5145 -1.4517 -3.0069 -1.7137 -16.2871 23.7071 -1.6624 11.149
127 3 Car -1 -1 -10 1097 183 1221 235 1.6403 -1.5232 -3.9366 -1.7854 -19.0972 24.557 -10 0
128 3 Car -1 -1 0.9048 1096 183 1224 234 1.5599 -1.5116 -3.6912 -1.7433 -19.1181 24.4313 1.5687 5.7364
128 1 Car -1 -1 -2.2713 1027 185 1153 233 1.504 -1.4072 -3.1829 -1.6609 -16.2808 23.764 -1.6707 10.3177
129 3 Car -1 -1 0.8751 1092 184 1224 235 1.5976 -1.4956 -3.9214 -1.7235 -19.2451 24.5285 1.5404 6.4122
129 0 Car -1 -1 -2.1094 955 182 1063 235 1.5205 -1.5203 -3.2215 -1.6502 -13.7777 23.9668 -1.5876 6.4554
129 1 Car -1 -1 -2.1628 1042 183 1164 235 1.6128 -1.47 -3.8352 -1.6341 -16.4856 23.9217 -1.5594 4.8976
130 1 Car -1 -1 -2.2601 1029 184 1152 231 1.6124 -1.473 -3.716 -1.7005 -16.4392 23.6035 -1.6518 4.8744
130 0 Car -1 -1 -10 946 181 1063 234 1.5205 -1.5203 -3.2215 -1.6502 -13.7777 23.9668 -10 0
130 3 Car -1 -1 0.884 1098 186 1223 235 1.5882 -1.5238 -3.841 -1.7531 -19.2218 24.4489 1.5503 6.624
131 1 Car -1 -1 -2.2571 1025 183 1155 232 1.5358 -1.4348 -3.2736 -1.6762 -16.2747 23.7234 -1.6559 8.9916
131 7 Car -1 -1 -10 602 173 638 203 -1 -1 -1 -1000 -1000 -1000 -10 0
131 0 Car -1 -1 -10 952 183 1065 236 1.5205 -1.5203 -3.2215 -1.6502 -13.7777 23.9668 -10 0
132 3 Car -1 -1 -10 1099 183 1221 235 1.5882 -1.5238 -3.841 -1.7531 -19.2218 24.4489 -10 0
132 1 Car -1 -1 -2.2603 1034 184 1155 234 1.5539 -1.4344 -3.3481 -1.6575 -16.3522 23.7483 -1.6573 10.7868
132 7 Car -1 -1 -10 603 173 641 202 -1 -1 -1 -1000 -1000 -1000 -10 0
132 0 Car -1 -1 -10 960 182 1076 235 1.5205 -1.5203 -3.2215 -1.6502 -13.7777 23.9668 -10 0
133 3 Car -1 -1 0.8851 1097 183 1224 235 1.5982 -1.5079 -3.8248 -1.6982 -19.1206 24.4576 1.5486 9.1409
133 7 Car -1 -1 -10 604 172 638 202 -1 -1 -1 -1000 -1000 -1000 -10 0
133 1 Car -1 -1 -2.2351 1028 185 1154 233 1.5777 -1.4731 -3.5736 -1.668 -16.337 23.8784 -1.6351 10.1795
133 0 Car -1 -1 -10 957 180 1073 235 1.5205 -1.5203 -3.2215 -1.6502 -13.7777 23.9668 -10 0
134 3 Car -1 -1 0.876 1096 185 1223 235 1.5779 -1.4888 -3.8458 -1.7005 -19.1166 24.4956 1.5386 9.2544
134 0 Car -1 -1 -2.1387 955 180 1068 233 1.5813 -1.5484 -3.53 -1.5696 -13.7903 24.3069 -1.6226 4.1232
134 7 Car -1 -1 -10 603 172 636 202 -1 -1 -1 -1000 -1000 -1000 -10 0
134 1 Car -1 -1 -2.2152 1027 185 1154 234 1.5639 -1.4035 -3.4234 -1.6433 -16.3632 23.7824 -1.6126 8.3678
135 0 Car -1 -1 -2.1094 956 180 1073 233 1.5621 -1.4669 -3.413 -1.5281 -13.7139 24.1584 -1.5931 6.3391
135 7 Car -1 -1 -10 603 172 637 202 -1 -1 -1 -1000 -1000 -1000 -10 0
135 3 Car -1 -1 0.8721 1097 184 1223 235 1.6067 -1.5319 -3.8958 -1.717 -19.1377 24.4759 1.5357 7.9588
135 1 Car -1 -1 -2.1955 1032 183 1156 235 1.5937 -1.4437 -3.9656 -1.6882 -16.3831 24.2031 -1.6005 5.0001
136 0 Car -1 -1 -2.1191 956 180 1068 233 1.5476 -1.498 -3.3469 -1.5197 -13.7109 24.2106 -1.6039 8.6284
136 7 Car -1 -1 -1.659 604 173 637 202 1.5716 -1.471 -3.4785 -1.1163 -0.6114 36.9364 -1.6424 4.1639
136 3 Car -1 -1 0.8652 1097 184 1224 235 1.5976 -1.4552 -3.9812 -1.7062 -19.1271 24.5202 1.5277 9.228
136 1 Car -1 -1 -10 1033 182 1149 233 1.5937 -1.4437 -3.9656 -1.6882 -16.3831 24.2031 -10 0
137 0 Car -1 -1 -2.1424 955 180 1069 233 1.5562 -1.5159 -3.4445 -1.585 -13.7121 24.1307 -1.6257 8.4625
137 7 Car -1 -1 -10 605 173 637 202 1.5716 -1.471 -3.4785 -1.1163 -0.6114 36.9364 -10 0
137 1 Car -1 -1 -2.2248 1032 183 1147 232 1.5932 -1.4577 -3.6183 -1.721 -16.2252 23.9182 -1.6288 4.7632
137 3 Car -1 -1 0.8626 1091 186 1222 237 1.5465 -1.443 -3.6656 -1.6714 -19.0955 24.5031 1.5246 6.2097
138 0 Car -1 -1 -2.1477 955 181 1069 233 1.6053 -1.5413 -3.5984 -1.5354 -13.7282 24.0808 -1.6296 7.4558
138 1 Car -1 -1 -2.2538 1030 183 1156 232 1.5731 -1.4731 -3.4497 -1.692 -16.2942 23.8604 -1.6546 7.706
138 7 Car -1 -1 -10 603 172 637 202 1.5716 -1.471 -3.4785 -1.1163 -0.6114 36.9364 -10 0
138 3 Car -1 -1 0.8713 1103 188 1224 236 1.6165 -1.5093 -3.8597 -1.7591 -19.119 24.5204 1.5335 4.8485
139 0 Car -1 -1 -2.1575 955 181 1069 233 1.5803 -1.4813 -3.5348 -1.5444 -13.7375 24.1508 -1.6403 7.387
139 1 Car -1 -1 -2.2719 1029 183 1155 232 1.5131 -1.5259 -3.339 -1.6791 -16.3206 23.7634 -1.6701 6.9857
139 3 Car -1 -1 -10 1105 186 1224 235 1.6165 -1.5093 -3.8597 -1.7591 -19.119 24.5204 -10 0
140 0 Car -1 -1 -2.1257 956 181 1069 233 1.5834 -1.4881 -3.6323 -1.5618 -13.7127 24.2449 -1.611 7.6614
140 1 Car -1 -1 -2.2573 1031 183 1156 232 1.5657 -1.4579 -3.4151 -1.6818 -16.3461 23.8075 -1.6557 11.1696
140 3 Car -1 -1 -10 1102 184 1217 235 1.6165 -1.5093 -3.8597 -1.7591 -19.119 24.5204 -10 0
141 0 Car -1 -1 -2.1274 955 181 1069 233 1.5662 -1.4664 -3.3464 -1.533 -13.7816 24.096 -1.6079 8.0684
141 1 Car -1 -1 -2.277 1032 183 1155 232 1.5485 -1.3778 -3.3161 -1.6466 -16.2882 23.7729 -1.6763 10.7907
141 3 Car -1 -1 -10 1100 183 1218 234 1.6165 -1.5093 -3.8597 -1.7591 -19.119 24.5204 -10 0
142 0 Car -1 -1 -2.1319 955 181 1069 233 1.5863 -1.4845 -3.5179 -1.5442 -13.7131 24.1764 -1.6159 8.6629
142 1 Car -1 -1 -2.2691 1032 183 1155 232 1.5335 -1.4754 -3.2338 -1.648 -16.2893 23.7746 -1.6684 11.4734
142 3 Car -1 -1 0.8967 1099 183 1224 235 1.5986 -1.5341 -3.7568 -1.7465 -19.1223 24.4675 1.5601 6.1461
143 0 Car -1 -1 -2.1335 956 181 1069 233 1.5767 -1.4787 -3.4806 -1.5319 -13.7991 24.0737 -1.613 7.5472
143 1 Car -1 -1 -2.258 1031 183 1155 232 1.5194 -1.3875 -3.298 -1.6642 -16.2858 23.7919 -1.6578 11.2188
143 3 Car -1 -1 0.8734 1097 183 1224 235 1.61 -1.4776 -3.9047 -1.6869 -19.141 24.4845 1.5369 8.3073
143 7 Car -1 -1 -10 603 173 636 202 1.5716 -1.471 -3.4785 -1.1163 -0.6114 36.9364 -10 0
144 0 Car -1 -1 -2.1387 955 181 1069 233 1.5658 -1.4999 -3.5043 -1.5361 -13.7165 24.1665 -1.6224 8.4105
144 1 Car -1 -1 -2.2773 1032 183 1155 232 1.5267 -1.4383 -3.3413 -1.6731 -16.2811 23.7723 -1.6768 10.6022
144 3 Car -1 -1 0.887 1098 183 1225 235 1.5919 -1.4808 -3.9558 -1.669 -19.1437 24.4606 1.551 8.6495
144 7 Car -1 -1 -10 604 174 639 203 1.5716 -1.471 -3.4785 -1.1163 -0.6114 36.9364 -10 0
145 0 Car -1 -1 -2.1267 955 181 1069 233 1.6195 -1.6838 -3.5142 -1.5422 -13.8101 24.0866 -1.6061 8.0626
145 1 Car -1 -1 -2.2493 1032 183 1155 232 1.555 -1.4397 -3.3738 -1.6445 -16.3181 23.7938 -1.6482 10.9944
145 3 Car -1 -1 0.8811 1098 183 1225 235 1.5765 -1.4917 -3.7922 -1.6883 -19.2059 24.4887 1.5461 8.976
145 7 Car -1 -1 -10 603 173 640 202 1.5716 -1.471 -3.4785 -1.1163 -0.6114 36.9364 -10 0
146 0 Car -1 -1 -2.1393 955 181 1069 233 1.5168 -1.4603 -3.4183 -1.5925 -13.7187 24.0847 -1.6215 8.7915
146 1 Car -1 -1 -2.2855 1032 183 1155 232 1.4796 -1.3616 -3.1638 -1.6287 -16.31 23.7627 -1.6839 12.1889
146 3 Car -1 -1 0.8647 1098 183 1225 234 1.5761 -1.4523 -3.901 -1.6718 -19.2466 24.4029 1.5326 8.9027
146 7 Car -1 -1 -10 605 173 637 201 1.5716 -1.471 -3.4785 -1.1163 -0.6114 36.9364 -10 0
147 0 Car -1 -1 -2.1225 955 181 1069 233 1.5837 -1.5252 -3.5467 -1.6002 -13.7449 24.164 -1.6053 8.5494
147 1 Car -1 -1 -2.2732 1031 183 1155 232 1.5755 -1.4118 -3.4599 -1.659 -16.2735 23.8146 -1.6737 9.0755
147 3 Car -1 -1 0.8704 1098 182 1224 235 1.6045 -1.5432 -3.8912 -1.7218 -19.1807 24.3954 1.5367 8.6343
147 7 Car -1 -1 -10 605 173 637 200 1.5716 -1.471 -3.4785 -1.1163 -0.6114 36.9364 -10 0
148 0 Car -1 -1 -2.1749 955 181 1069 233 1.5629 -1.4548 -3.3059 -1.5186 -13.7585 24.1701 -1.6574 9.2814
148 1 Car -1 -1 -2.2698 1032 183 1155 232 1.485 -1.3929 -3.1886 -1.6677 -16.3212 23.8004 -1.6687 11.845
148 3 Car -1 -1 0.8924 1097 183 1225 235 1.5802 -1.5107 -3.9155 -1.7108 -19.1884 24.3967 1.5589 8.3136
149 0 Car -1 -1 -2.1354 954 181 1068 233 1.5989 -1.5243 -3.5281 -1.6047 -13.7835 24.2576 -1.6187 9.325
149 1 Car -1 -1 -2.2611 1032 183 1155 232 1.5179 -1.44 -3.1309 -1.6713 -16.3284 23.7432 -1.6587 10.593
149 3 Car -1 -1 0.8753 1098 183 1225 235 1.6075 -1.4725 -3.943 -1.7022 -19.1512 24.3878 1.541 8.6313
150 1 Car -1 -1 -2.2804 1031 183 1154 232 1.5318 -1.3777 -3.2547 -1.6553 -16.2803 23.6968 -1.6784 10.6136
150 0 Car -1 -1 -2.1279 953 181 1068 233 1.5757 -1.5124 -3.4152 -1.5829 -13.7077 24.1383 -1.6115 9.4932
150 3 Car -1 -1 0.8838 1098 183 1224 235 1.581 -1.4838 -3.8673 -1.6808 -19.147 24.4832 1.5475 9.4225
151 0 Car -1 -1 -2.1218 947 181 1066 233 1.571 -1.4476 -3.4791 -1.5423 -13.8016 24.136 -1.6024 6.9862
151 1 Car -1 -1 -2.2669 1032 183 1155 232 1.4995 -1.3652 -3.23 -1.6485 -16.3324 23.8056 -1.6656 11.6567
151 3 Car -1 -1 0.8709 1097 183 1225 235 1.5966 -1.4324 -3.9385 -1.6511 -19.1556 24.4867 1.5348 9.0358
152 1 Car -1 -1 -2.2584 1032 183 1155 232 1.5082 -1.3942 -3.0938 -1.642 -16.3076 23.7333 -1.6564 11.4579
152 3 Car -1 -1 0.8713 1098 182 1224 235 1.5527 -1.4387 -3.7421 -1.6753 -19.1521 24.4602 1.5356 8.8549
152 0 Car -1 -1 -2.1031 949 181 1066 234 1.5524 -1.4812 -3.3845 -1.5645 -13.7437 24.1125 -1.585 7.0575
152 7 Car -1 -1 -10 602 174 634 202 1.5716 -1.471 -3.4785 -1.1163 -0.6114 36.9364 -10 0
153 1 Car -1 -1 -2.2744 1032 183 1155 232 1.5516 -1.3826 -3.3539 -1.6524 -16.2977 23.7694 -1.6734 9.8518
153 3 Car -1 -1 0.8919 1098 183 1225 235 1.5825 -1.4663 -3.8417 -1.703 -19.1403 24.5513 1.554 10.1796
153 0 Car -1 -1 -2.1748 951 183 1066 234 1.5498 -1.4329 -3.3593 -1.5804 -13.7244 24.0408 -1.6561 7.172
153 7 Car -1 -1 -10 602 173 638 202 1.5716 -1.471 -3.4785 -1.1163 -0.6114 36.9364 -10 0
154 1 Car -1 -1 -2.2677 1031 183 1155 232 1.5115 -1.4208 -3.2339 -1.698 -16.2868 23.7567 -1.6668 11.512
154 3 Car -1 -1 0.88 1098 183 1225 235 1.5987 -1.4429 -3.9607 -1.6687 -19.1302 24.5081 1.5428 7.8209
154 7 Car -1 -1 -1.6312 603 173 638 202 1.6027 -1.4753 -3.6793 -1.164 -0.7164 37.0047 -1.6119 4.6617
154 0 Car -1 -1 -2.0678 949 182 1067 235 1.5248 -1.4041 -3.1942 -1.5812 -13.7937 24.0343 -1.5468 7.1852
154 8 Car -1 -1 -1.6414 617 179 665 217 1.6261 -1.4513 -3.9571 -1.3996 -1.3942 28.5821 -1.5927 4.477
155 1 Car -1 -1 -2.2707 1028 183 1155 232 1.5256 -1.4284 -3.2036 -1.6602 -16.2885 23.6851 -1.6683 11.2771
155 3 Car -1 -1 0.8893 1097 183 1225 234 1.594 -1.456 -3.9302 -1.6661 -19.1319 24.5037 1.5522 8.3712
155 7 Car -1 -1 -1.6175 602 173 638 202 1.5116 -1.4182 -3.2348 -1.2038 -0.644 36.8634 -1.6001 4.5635
155 0 Car -1 -1 -2.1595 944 180 1065 236 1.5818 -1.5344 -3.3545 -1.66 -13.6844 24.1456 -1.6438 5.4861
156 1 Car -1 -1 -2.2517 1028 183 1155 233 1.4935 -1.3892 -3.0202 -1.6601 -16.3081 23.7234 -1.6495 10.921
156 3 Car -1 -1 0.8775 1098 183 1224 235 1.5805 -1.5022 -3.8224 -1.6975 -19.1417 24.4944 1.5409 9.1031
156 7 Car -1 -1 -1.6636 603 173 638 202 1.6053 -1.4625 -3.8461 -1.1212 -0.625 37.1831 -1.6468 4.1347
156 0 Car -1 -1 -10 947 178 1064 236 1.5818 -1.5344 -3.3545 -1.66 -13.6844 24.1456 -10 0
157 3 Car -1 -1 0.9027 1097 183 1225 235 1.5603 -1.4611 -3.8228 -1.7082 -19.1796 24.5498 1.5659 8.4044
157 7 Car -1 -1 -1.5951 603 173 637 202 1.5314 -1.4548 -3.2629 -1.1843 -0.6851 36.8708 -1.5765 5.0295
157 1 Car -1 -1 -2.2484 1027 183 1154 233 1.5205 -1.4744 -3.2751 -1.6517 -16.2933 23.7947 -1.648 11.1858
157 0 Car -1 -1 -10 957 182 1072 238 1.5818 -1.5344 -3.3545 -1.66 -13.6844 24.1456 -10 0
158 7 Car -1 -1 -10 603 173 637 202 1.5314 -1.4548 -3.2629 -1.1843 -0.6851 36.8708 -10 0
158 3 Car -1 -1 0.8764 1097 183 1225 234 1.5984 -1.4977 -3.8194 -1.6987 -19.1405 24.436 1.5408 9.3695
158 1 Car -1 -1 -2.2477 1033 185 1156 234 1.4805 -1.4258 -3.0019 -1.6737 -16.299 23.7083 -1.6454 10.6213
158 0 Car -1 -1 -10 966 181 1087 243 1.5818 -1.5344 -3.3545 -1.66 -13.6844 24.1456 -10 0
159 7 Car -1 -1 -1.6063 603 173 637 202 1.6017 -1.4583 -3.7802 -1.1628 -0.7241 37.1364 -1.5868 4.6932
159 3 Car -1 -1 0.9193 1096 183 1224 234 1.5578 -1.4421 -3.7666 -1.6745 -19.1481 24.4726 1.5832 7.3761
159 1 Car -1 -1 -2.2544 1031 184 1155 233 1.5375 -1.4312 -3.2503 -1.6856 -16.3113 23.79 -1.6534 10.2623
159 0 Car -1 -1 -2.0996 956 178 1091 245 1.5357 -1.5087 -3.4258 -1.6053 -13.6761 24.0754 -1.583 4.9034
160 7 Car -1 -1 -1.6172 603 173 637 202 1.5517 -1.4185 -3.3412 -1.2037 -0.6999 36.8501 -1.5982 4.5927
160 3 Car -1 -1 0.8816 1096 185 1223 234 1.581 -1.496 -3.8991 -1.7046 -19.1817 24.4605 1.5467 8.8266
160 1 Car -1 -1 -2.2004 1032 184 1155 233 1.5923 -1.4382 -3.5723 -1.6969 -16.3681 23.926 -1.6004 8.6604
160 0 Car -1 -1 -2.26 953 180 1067 234 1.5568 -1.4587 -3.6325 -1.6143 -13.8028 24.284 -1.7431 4.0962
161 7 Car -1 -1 -10 603 173 637 202 1.5517 -1.4185 -3.3412 -1.2037 -0.6999 36.8501 -10 0
161 3 Car -1 -1 0.8846 1100 184 1223 235 1.5813 -1.4819 -3.7799 -1.6872 -19.1248 24.4334 1.5488 9.3588
161 0 Car -1 -1 -10 952 181 1068 234 1.5568 -1.4587 -3.6325 -1.6143 -13.8028 24.284 -10 0
161 1 Car -1 -1 -2.2428 1033 187 1159 235 1.581 -1.4329 -3.6044 -1.6973 -16.3582 23.8094 -1.6408 5.8757
162 7 Car -1 -1 -10 603 173 638 202 1.5517 -1.4185 -3.3412 -1.2037 -0.6999 36.8501 -10 0
162 3 Car -1 -1 0.9258 1092 183 1223 236 1.5964 -1.4966 -3.865 -1.7294 -19.1609 24.5613 1.5883 9.571
162 0 Car -1 -1 -2.1208 950 181 1071 233 1.6329 -1.5253 -3.8412 -1.6165 -13.8213 24.0549 -1.5993 5.8569
163 7 Car -1 -1 -1.6159 603 173 638 202 1.586 -1.5141 -3.5141 -1.1532 -0.6608 36.9311 -1.598 4.4406
163 0 Car -1 -1 -2.1185 956 181 1074 233 1.5314 -1.4719 -3.1725 -1.541 -13.7264 24.1634 -1.6019 6.6439
163 3 Car -1 -1 0.9311 1086 178 1224 237 1.5595 -1.4862 -3.7211 -1.6772 -19.1386 24.4161 1.5959 7.848
164 0 Car -1 -1 -2.1145 952 181 1066 235 1.5176 -1.4399 -3.2856 -1.5562 -13.7453 24.1033 -1.5962 7.3529
164 7 Car -1 -1 -1.6217 603 173 637 202 1.5369 -1.4143 -3.3073 -1.219 -0.6995 36.878 -1.6027 5.0378
164 3 Car -1 -1 0.8794 1094 186 1223 234 1.5978 -1.474 -4.115 -1.7182 -19.1637 24.4207 1.5447 6.7892
165 7 Car -1 -1 -1.6175 603 173 637 202 1.5299 -1.4482 -3.268 -1.1661 -0.7042 36.9708 -1.5984 5.3126
165 0 Car -1 -1 -2.0733 949 181 1065 235 1.5425 -1.4437 -3.392 -1.5964 -13.7793 24.1865 -1.5554 7.5199
165 1 Car -1 -1 -2.1608 1035 183 1152 232 1.5694 -1.5002 -3.5587 -1.6741 -16.3696 23.8998 -1.5603 5.4912
166 7 Car -1 -1 -10 603 173 637 202 1.5299 -1.4482 -3.268 -1.1661 -0.7042 36.9708 -10 0
166 1 Car -1 -1 -2.2464 1034 182 1151 231 1.5861 -1.4562 -3.6435 -1.6798 -16.2535 23.8967 -1.6491 5.6583
166 0 Car -1 -1 -2.1038 944 182 1064 233 1.5465 -1.5061 -3.2334 -1.6114 -13.7582 24.0423 -1.584 7.4597
166 3 Car -1 -1 -10 1095 185 1216 239 1.5978 -1.474 -4.115 -1.7182 -19.1637 24.4207 -10 0
167 7 Car -1 -1 -10 603 173 637 202 1.5299 -1.4482 -3.268 -1.1661 -0.7042 36.9708 -10 0
167 1 Car -1 -1 -2.278 1031 184 1149 232 1.5858 -1.4283 -3.6571 -1.6335 -16.2901 23.9307 -1.6803 7.8515
167 0 Car -1 -1 -10 948 182 1063 232 1.5465 -1.5061 -3.2334 -1.6114 -13.7582 24.0423 -10 0
167 3 Car -1 -1 -10 1089 183 1208 235 1.5978 -1.474 -4.115 -1.7182 -19.1637 24.4207 -10 0
168 7 Car -1 -1 -1.6219 603 173 637 202 1.532 -1.4181 -3.255 -1.2328 -0.6973 36.7828 -1.6029 4.3719
168 3 Car -1 -1 -10 1103 184 1209 236 1.5978 -1.474 -4.115 -1.7182 -19.1637 24.4207 -10 0
168 1 Car -1 -1 -2.2261 1026 184 1152 233 1.567 -1.471 -3.4482 -1.6932 -16.363 23.9013 -1.6258 5.6972
169 7 Car -1 -1 -1.6784 603 173 638 202 1.585 -1.4802 -3.5174 -1.1318 -0.6979 36.9413 -1.6595 4.6462
170 7 Car -1 -1 -1.6345 603 173 637 202 1.6136 -1.5221 -3.7985 -1.1338 -0.6917 37.1217 -1.6158 4.3634
170 0 Car -1 -1 -10 956 180 1075 234 1.5465 -1.5061 -3.2334 -1.6114 -13.7582 24.0423 -10 0
171 7 Car -1 -1 -1.6363 603 173 638 202 1.5935 -1.5128 -3.5122 -1.14 -0.6197 36.9394 -1.6196 4.4546
171 0 Car -1 -1 -10 958 181 1075 234 1.5465 -1.5061 -3.2334 -1.6114 -13.7582 24.0423 -10 0
171 3 Car -1 -1 0.8623 1092 185 1223 235 1.6182 -1.5358 -4.0245 -1.7266 -19.0686 24.4084 1.5255 4.139
172 7 Car -1 -1 -1.619 603 173 637 202 1.5513 -1.4185 -3.34 -1.1949 -0.6928 36.93 -1.6002 5.6362
172 0 Car -1 -1 -2.1446 956 181 1074 233 1.547 -1.4985 -3.6322 -1.5637 -13.7969 24.1559 -1.6256 4.9582
172 1 Car -1 -1 -2.2099 1037 187 1158 236 1.5649 -1.492 -3.4443 -1.7475 -16.3798 23.7245 -1.6056 4.1391
173 0 Car -1 -1 -2.1232 952 180 1071 233 1.5565 -1.4885 -3.4757 -1.5176 -13.7951 24.1845 -1.6048 6.5953
173 7 Car -1 -1 -1.6019 603 173 637 202 1.5742 -1.4299 -3.4534 -1.1957 -0.6937 36.9058 -1.5831 5.3182
173 1 Car -1 -1 -2.2306 1035 185 1159 235 1.5874 -1.4673 -3.5745 -1.6436 -16.3292 23.9878 -1.633 6.1523
173 3 Car -1 -1 -10 1097 186 1222 235 1.6182 -1.5358 -4.0245 -1.7266 -19.0686 24.4084 -10 0
174 0 Car -1 -1 -2.1135 952 181 1069 233 1.523 -1.4657 -3.3918 -1.5842 -13.7093 24.2095 -1.5983 8.2296
174 7 Car -1 -1 -1.6416 603 173 638 202 1.5947 -1.4891 -3.5027 -1.164 -0.6636 36.9473 -1.6236 5.6794
174 3 Car -1 -1 0.9235 1096 184 1224 234 1.5676 -1.5035 -3.6888 -1.7138 -19.1254 24.5929 1.5845 7.1822
174 1 Car -1 -1 -2.2095 1034 183 1153 234 1.5859 -1.4354 -3.6892 -1.6839 -16.3452 24.0131 -1.6118 6.6991
175 0 Car -1 -1 -2.1437 952 181 1067 234 1.534 -1.4259 -3.2733 -1.5187 -13.6912 24.1108 -1.6273 8.2725
175 7 Car -1 -1 -1.6413 603 173 637 202 1.6063 -1.5105 -3.6599 -1.1396 -0.6136 37.2389 -1.6248 4.8544
175 1 Car -1 -1 -2.1541 1031 183 1147 232 1.6097 -1.4512 -3.8316 -1.6756 -16.3571 24.1073 -1.5579 6.1435
175 3 Car -1 -1 0.9249 1094 183 1223 235 1.6061 -1.5453 -3.8583 -1.7079 -19.1351 24.5178 1.5876 8.2157
176 7 Car -1 -1 -1.6143 602 173 638 202 1.6157 -1.5006 -3.6626 -1.168 -0.7136 37.0252 -1.595 4.7968
176 1 Car -1 -1 -2.2469 1031 184 1153 232 1.5934 -1.4923 -3.6004 -1.6818 -16.1909 24.0034 -1.6535 5.6024
176 0 Car -1 -1 -2.1201 949 182 1065 234 1.5552 -1.4074 -3.3834 -1.5479 -13.7085 24.114 -1.6031 6.007
176 3 Car -1 -1 0.922 1100 184 1221 237 1.5688 -1.5056 -3.7719 -1.715 -19.1585 24.6013 1.5837 8.5106
177 7 Car -1 -1 -1.6477 603 173 637 202 1.5482 -1.4145 -3.4046 -1.2489 -0.7362 36.8729 -1.6277 4.5706
177 1 Car -1 -1 -2.2625 1029 184 1155 232 1.5357 -1.4263 -3.2571 -1.6876 -16.2776 23.76 -1.6619 6.8917
177 0 Car -1 -1 -2.1338 944 182 1065 235 1.5634 -1.5017 -3.3321 -1.5939 -13.7779 24.0693 -1.6139 6.0429
177 3 Car -1 -1 0.8881 1104 186 1221 237 1.5565 -1.4474 -3.8229 -1.7101 -19.1125 24.4835 1.5509 7.37
178 7 Car -1 -1 -10 603 173 637 202 1.5482 -1.4145 -3.4046 -1.2489 -0.7362 36.8729 -10 0
178 1 Car -1 -1 -2.2648 1029 184 1157 232 1.5297 -1.4172 -3.3327 -1.6241 -16.3282 23.8278 -1.6641 7.2734
178 0 Car -1 -1 -2.1481 956 183 1069 234 1.5959 -1.445 -3.6131 -1.5521 -13.7811 24.2427 -1.6312 5.7424
178 3 Car -1 -1 0.8523 1101 187 1220 234 1.5994 -1.4782 -3.8799 -1.7562 -19.0834 24.3131 1.5177 5.6239
179 7 Car -1 -1 -10 603 173 638 202 1.5482 -1.4145 -3.4046 -1.2489 -0.7362 36.8729 -10 0
179 1 Car -1 -1 -2.2589 1032 184 1160 233 1.5356 -1.5036 -3.2973 -1.6634 -16.3088 23.7716 -1.6576 8.8978
179 3 Car -1 -1 0.9321 1101 184 1215 235 1.6351 -1.5115 -3.9888 -1.7421 -19.2592 24.3592 1.6011 4.746
179 0 Car -1 -1 -2.2687 961 184 1085 232 1.594 -1.4969 -3.6677 -1.5578 -13.8305 24.35 -1.7522 4.0458
180 7 Car -1 -1 -1.6194 602 173 637 202 1.6278 -1.4943 -3.8159 -1.1619 -0.694 37.1268 -1.6008 4.8906
180 1 Car -1 -1 -2.2399 1027 184 1155 234 1.5595 -1.4692 -3.2348 -1.6363 -16.327 23.7136 -1.6369 9.1104
180 3 Car -1 -1 0.84 1099 183 1219 234 1.588 -1.4763 -3.9115 -1.7046 -19.2162 24.642 1.5023 5.3687
180 0 Car -1 -1 -2.1083 955 182 1083 233 1.5979 -1.4776 -3.6476 -1.652 -13.6823 24.2382 -1.5944 5.0228
181 7 Car -1 -1 -1.6305 603 173 637 202 1.6014 -1.455 -3.7583 -1.1791 -0.6691 37.1456 -1.6124 4.6621
181 3 Car -1 -1 -10 1093 183 1220 235 1.588 -1.4763 -3.9115 -1.7046 -19.2162 24.642 -10 0
181 0 Car -1 -1 -10 955 181 1068 234 1.5979 -1.4776 -3.6476 -1.652 -13.6823 24.2382 -10 0
181 1 Car -1 -1 -2.1616 1035 183 1156 237 1.6239 -1.4344 -3.8734 -1.6701 -16.455 24.0422 -1.5614 6.725
182 7 Car -1 -1 -1.6536 603 173 637 202 1.5942 -1.4502 -3.6993 -1.2354 -0.6982 37.0117 -1.6348 4.7439
182 0 Car -1 -1 -2.1691 954 182 1066 232 1.5621 -1.5208 -3.387 -1.5748 -13.6578 24.201 -1.6553 5.9524
182 1 Car -1 -1 -2.2891 1033 183 1154 231 1.6078 -1.5074 -3.7435 -1.7152 -16.2346 23.8731 -1.6919 5.8132
182 3 Car -1 -1 -10 1093 185 1212 239 1.588 -1.4763 -3.9115 -1.7046 -19.2162 24.642 -10 0
183 7 Car -1 -1 -10 603 173 637 202 1.5942 -1.4502 -3.6993 -1.2354 -0.6982 37.0117 -10 0
183 1 Car -1 -1 -2.2371 1031 183 1153 231 1.5334 -1.4163 -3.2314 -1.7105 -16.29 23.7882 -1.6366 5.6979
183 0 Car -1 -1 -2.166 954 182 1065 231 1.5365 -1.4669 -3.3644 -1.5957 -13.7747 24.1383 -1.6475 4.4628
184 1 Car -1 -1 -2.2387 1030 183 1155 232 1.5056 -1.4025 -3.0695 -1.6901 -16.331 23.7136 -1.6356 11.0661
184 7 Car -1 -1 -10 603 173 638 202 1.5942 -1.4502 -3.6993 -1.2354 -0.6982 37.0117 -10 0
184 0 Car -1 -1 -2.1035 954 181 1066 231 1.5945 -1.5466 -3.6737 -1.6002 -13.7508 24.2087 -1.5869 5.8873
184 3 Car -1 -1 -10 1098 184 1216 234 1.588 -1.4763 -3.9115 -1.7046 -19.2162 24.642 -10 0
185 1 Car -1 -1 -2.2825 1028 183 1154 233 1.5258 -1.4298 -3.2781 -1.6791 -16.3358 23.7327 -1.6797 10.6688
185 0 Car -1 -1 -2.1505 954 180 1073 232 1.5608 -1.4299 -3.5763 -1.5334 -13.7548 24.1166 -1.6322 6.4977
185 7 Car -1 -1 -1.6324 603 173 637 202 1.5773 -1.4544 -3.5312 -1.191 -0.7097 36.9029 -1.6132 5.1979
185 3 Car -1 -1 0.8874 1098 183 1216 234 1.5554 -1.4548 -3.596 -1.7047 -19.1783 24.3866 1.5538 4.6115
186 0 Car -1 -1 -2.1252 956 180 1075 232 1.554 -1.4454 -3.468 -1.6127 -13.7295 24.1552 -1.6084 7.5319
186 1 Car -1 -1 -2.2786 1031 182 1155 232 1.5563 -1.4403 -3.3093 -1.6745 -16.2865 23.8174 -1.6788 9.8629
186 7 Car -1 -1 -1.6199 603 173 638 202 1.6013 -1.5007 -3.6374 -1.1408 -0.7267 36.9931 -1.6003 4.6986
186 3 Car -1 -1 0.8905 1096 183 1224 235 1.5686 -1.4805 -3.8109 -1.6762 -19.1576 24.5115 1.5539 8.9707
187 0 Car -1 -1 -2.1363 955 181 1067 233 1.559 -1.4813 -3.5367 -1.5452 -13.7571 24.1687 -1.6188 8.6724
187 7 Car -1 -1 -1.636 603 173 638 202 1.6084 -1.5394 -3.4609 -1.1806 -0.706 36.967 -1.6169 5.368
187 3 Car -1 -1 0.8785 1098 183 1224 235 1.5902 -1.4948 -3.8707 -1.6861 -19.1652 24.5363 1.5416 8.7441
187 1 Car -1 -1 -2.2775 1031 183 1153 232 1.5583 -1.4346 -3.3135 -1.6589 -16.2859 23.7293 -1.676 8.8737
188 0 Car -1 -1 -2.1224 955 180 1069 233 1.5405 -1.4405 -3.2342 -1.5573 -13.7124 24.0486 -1.6042 7.5709
188 1 Car -1 -1 -2.2575 1032 182 1153 231 1.5817 -1.4239 -3.6368 -1.6748 -16.2854 23.9425 -1.6602 7.7153
188 7 Car -1 -1 -1.6451 602 173 638 202 1.5843 -1.4737 -3.5086 -1.1311 -0.6689 36.9982 -1.6271 4.424
188 3 Car -1 -1 0.8973 1097 183 1225 235 1.6078 -1.5254 -3.9151 -1.7084 -19.1733 24.5487 1.5604 9.8292
189 0 Car -1 -1 -2.1383 955 181 1069 233 1.5628 -1.4501 -3.4509 -1.5245 -13.7424 24.2195 -1.6222 7.4952
189 7 Car -1 -1 -1.6496 603 173 637 202 1.607 -1.5255 -3.6477 -1.1585 -0.7087 37.2009 -1.6306 5.7129
189 1 Car -1 -1 -2.2458 1032 183 1153 232 1.6093 -1.4694 -3.8087 -1.6463 -16.3494 24.0363 -1.6485 7.2125
189 3 Car -1 -1 0.8935 1096 183 1224 234 1.5625 -1.4578 -3.8187 -1.7062 -19.1742 24.5118 1.5573 6.6321
190 0 Car -1 -1 -2.1308 954 181 1069 233 1.5648 -1.4932 -3.5007 -1.5839 -13.7368 24.064 -1.6121 9.4124
190 7 Car -1 -1 -1.6201 603 173 637 202 1.6181 -1.5028 -3.7455 -1.1623 -0.7049 37.1217 -1.6012 5.8986
190 1 Car -1 -1 -2.2341 1033 183 1155 231 1.5238 -1.417 -3.3952 -1.6627 -16.345 23.9097 -1.6344 10.2872
190 3 Car -1 -1 0.8635 1095 183 1223 235 1.586 -1.486 -3.9117 -1.6997 -19.1681 24.4519 1.5284 9.6209
191 0 Car -1 -1 -2.1372 955 181 1069 233 1.5542 -1.4468 -3.4138 -1.584 -13.7933 24.1884 -1.619 8.7375
191 7 Car -1 -1 -1.7168 602 173 638 202 1.611 -1.5077 -3.5888 -1.1668 -0.6501 37.0165 -1.6992 4.8096
191 1 Car -1 -1 -2.2503 1031 183 1155 232 1.5987 -1.476 -3.5746 -1.6584 -16.3567 23.9317 -1.6507 8.4694
191 3 Car -1 -1 0.8867 1100 183 1224 235 1.6046 -1.5296 -3.9761 -1.7337 -19.1258 24.4821 1.5499 6.8806
192 0 Car -1 -1 -2.1546 955 181 1069 233 1.5718 -1.4279 -3.6568 -1.6006 -13.7481 24.0045 -1.6345 8.2897
192 7 Car -1 -1 -10 603 173 637 202 1.611 -1.5077 -3.5888 -1.1668 -0.6501 37.0165 -10 0
192 1 Car -1 -1 -2.2411 1030 183 1154 232 1.4968 -1.4204 -3.1167 -1.6486 -16.2829 23.6913 -1.6389 8.6902
192 3 Car -1 -1 0.9159 1102 184 1223 235 1.5545 -1.4657 -3.5704 -1.6816 -19.1038 24.3668 1.5808 5.2646
193 0 Car -1 -1 -2.1164 955 181 1069 233 1.5724 -1.4427 -3.5053 -1.5709 -13.7968 24.0977 -1.5964 8.9062
193 1 Car -1 -1 -2.2737 1031 183 1155 232 1.5267 -1.4234 -3.2883 -1.6708 -16.2935 23.8184 -1.6737 10.5918
193 7 Car -1 -1 -10 602 173 638 202 1.611 -1.5077 -3.5888 -1.1668 -0.6501 37.0165 -10 0
193 3 Car -1 -1 0.9205 1100 184 1221 234 1.6233 -1.5171 -3.9339 -1.7115 -19.1141 24.4691 1.5837 6.4817
194 0 Car -1 -1 -2.1302 954 180 1069 233 1.5629 -1.4835 -3.508 -1.5332 -13.7089 24.1898 -1.6146 7.811
194 1 Car -1 -1 -2.2577 1031 183 1156 232 1.5055 -1.4212 -3.1964 -1.6308 -16.2994 23.7674 -1.6566 10.9995
194 7 Car -1 -1 -1.6432 603 173 637 202 1.6113 -1.4708 -3.6262 -1.1626 -0.7507 37.0436 -1.623 5.9256
194 3 Car -1 -1 -10 1101 183 1220 236 1.6233 -1.5171 -3.9339 -1.7115 -19.1141 24.4691 -10 0
195 0 Car -1 -1 -2.1373 955 181 1069 233 1.5376 -1.5232 -3.1594 -1.5798 -13.7247 24.04 -1.6185 8.9979
195 1 Car -1 -1 -2.2628 1031 183 1155 232 1.5366 -1.3907 -3.3515 -1.6521 -16.3236 23.818 -1.662 10.2072
195 7 Car -1 -1 -1.6233 603 173 638 202 1.5293 -1.418 -3.2687 -1.2656 -0.6982 36.898 -1.6044 4.4457
195 3 Car -1 -1 0.8973 1100 182 1221 234 1.5828 -1.5096 -3.6307 -1.7021 -19.0898 24.4713 1.5598 5.0049
196 0 Car -1 -1 -2.1287 955 181 1069 233 1.5705 -1.4331 -3.5421 -1.5582 -13.7126 24.2579 -1.6142 8.6652
196 1 Car -1 -1 -2.2611 1031 183 1155 232 1.5311 -1.4529 -3.2593 -1.6595 -16.3085 23.7124 -1.6586 10.5791
196 7 Car -1 -1 -10 603 173 637 202 1.5293 -1.418 -3.2687 -1.2656 -0.6982 36.898 -10 0
196 3 Car -1 -1 0.8528 1098 183 1217 234 1.6058 -1.564 -3.6886 -1.7233 -19.1215 24.36 1.5183 6.2236
197 0 Car -1 -1 -2.1217 955 181 1069 233 1.5769 -1.4653 -3.5126 -1.5121 -13.779 24.1029 -1.6024 8.5251
197 1 Car -1 -1 -2.279 1031 183 1155 232 1.5196 -1.4169 -3.2261 -1.6622 -16.3068 23.7232 -1.6768 10.8776
197 7 Car -1 -1 -1.6259 603 173 637 202 1.5983 -1.4553 -3.7795 -1.1391 -0.7376 37.1214 -1.606 4.2639
197 3 Car -1 -1 0.8518 1098 183 1223 235 1.5952 -1.481 -3.7659 -1.6929 -19.0843 24.4273 1.515 8.5684
198 0 Car -1 -1 -2.1228 955 181 1069 233 1.5665 -1.5108 -3.4347 -1.5526 -13.6675 24.0831 -1.6066 8.7071
198 1 Car -1 -1 -2.2571 1032 183 1155 232 1.4999 -1.38 -3.1813 -1.629 -16.3262 23.7639 -1.6551 10.1151
198 7 Car -1 -1 -1.6442 603 173 637 202 1.5944 -1.5052 -3.6221 -1.1433 -0.6024 37.2318 -1.628 5.0481
198 3 Car -1 -1 0.9014 1098 182 1224 235 1.57 -1.442 -3.8235 -1.6921 -19.2604 24.4817 1.568 7.8591
199 0 Car -1 -1 -2.1291 955 180 1069 233 1.5337 -1.4166 -3.3701 -1.5099 -13.6987 24.0947 -1.6121 7.5524
199 1 Car -1 -1 -2.2511 1031 183 1155 232 1.5343 -1.4567 -3.1331 -1.6425 -16.3185 23.7654 -1.6494 10.529
199 7 Car -1 -1 -1.6709 603 173 637 202 1.6116 -1.5114 -3.6123 -1.1526 -0.7526 37.0602 -1.6506 5.647
199 3 Car -1 -1 0.9098 1097 183 1224 235 1.5961 -1.5024 -3.8317 -1.6854 -19.15 24.4886 1.5735 9.2753
200 0 Car -1 -1 -2.1516 955 180 1069 233 1.5663 -1.4618 -3.483 -1.5467 -13.7935 24.1173 -1.6321 8.0361
200 1 Car -1 -1 -2.2543 1031 183 1155 232 1.488 -1.4096 -3.0321 -1.6816 -16.3051 23.6947 -1.6516 10.9874
200 7 Car -1 -1 -10 603 173 638 202 1.6116 -1.5114 -3.6123 -1.1526 -0.7526 37.0602 -10 0
200 3 Car -1 -1 0.8591 1097 183 1225 235 1.5978 -1.4759 -3.8142 -1.6978 -19.0963 24.4496 1.5222 9.0973
201 0 Car -1 -1 -2.1284 955 180 1069 233 1.5431 -1.4628 -3.2907 -1.5191 -13.7786 24.0792 -1.6087 8.8088
201 1 Car -1 -1 -2.2477 1031 183 1155 232 1.5136 -1.4223 -3.0976 -1.6661 -16.3159 23.764 -1.6461 11.8375
201 3 Car -1 -1 0.8555 1097 183 1225 235 1.5928 -1.4521 -3.9111 -1.6628 -19.1072 24.4832 1.5182 9.7286
201 7 Car -1 -1 -1.6168 603 173 638 202 1.6017 -1.5179 -3.5622 -1.1354 -0.8017 36.9506 -1.5951 4.6778
202 0 Car -1 -1 -2.1246 956 180 1069 233 1.593 -1.4941 -3.3862 -1.5234 -13.8113 24.1124 -1.6044 8.6947
202 1 Car -1 -1 -2.2698 1031 183 1155 232 1.5276 -1.4509 -3.2439 -1.676 -16.3422 23.8231 -1.6686 11.0878
202 7 Car -1 -1 -1.6008 603 173 638 202 1.5878 -1.4526 -3.6526 -1.1873 -0.8616 37.0111 -1.5776 4.0607
202 3 Car -1 -1 0.8761 1098 183 1224 235 1.5674 -1.4911 -3.8421 -1.7031 -19.2571 24.4001 1.5442 9.2303
203 0 Car -1 -1 -2.1224 955 180 1069 233 1.5612 -1.4812 -3.4597 -1.5352 -13.7743 24.1413 -1.6039 9.3417
203 1 Car -1 -1 -2.2677 1031 183 1155 232 1.5384 -1.4216 -3.2627 -1.6699 -16.2919 23.806 -1.6676 11.5618
203 7 Car -1 -1 -10 603 173 637 202 1.5878 -1.4526 -3.6526 -1.1873 -0.8616 37.0111 -10 0
203 3 Car -1 -1 0.8624 1097 183 1225 235 1.5453 -1.439 -3.6999 -1.6739 -19.2017 24.4529 1.5281 8.0588
204 0 Car -1 -1 -2.1287 955 181 1069 233 1.5691 -1.4846 -3.4043 -1.5012 -13.6943 24.1535 -1.613 8.517
204 1 Car -1 -1 -2.2433 1031 183 1155 232 1.5402 -1.4135 -3.3822 -1.6519 -16.3614 23.7723 -1.6405 10.2473
204 3 Car -1 -1 0.8837 1097 183 1225 235 1.5876 -1.4402 -3.9614 -1.6777 -19.1982 24.5023 1.5483 9.508
204 7 Car -1 -1 -1.6747 603 173 638 202 1.5898 -1.5156 -3.5152 -1.1586 -0.5978 36.9804 -1.6586 4.4412
205 0 Car -1 -1 -2.1243 955 181 1069 233 1.5845 -1.5302 -3.417 -1.5885 -13.837 24.1291 -1.6037 8.0758
205 1 Car -1 -1 -2.2675 1031 183 1155 232 1.5439 -1.4202 -3.2878 -1.6494 -16.3271 23.7386 -1.665 9.8152
205 7 Car -1 -1 -1.6533 603 173 638 202 1.5556 -1.4332 -3.2778 -1.139 -0.6676 36.8897 -1.6353 6.0427
205 3 Car -1 -1 0.8848 1098 183 1225 235 1.5673 -1.5187 -3.8114 -1.7027 -19.1537 24.4536 1.5493 9.1846
206 0 Car -1 -1 -2.1378 955 181 1069 233 1.5171 -1.4161 -3.2123 -1.5265 -13.7433 24.0713 -1.6191 8.0526
206 1 Car -1 -1 -2.2561 1032 183 1155 232 1.5255 -1.4272 -3.3476 -1.6568 -16.3064 23.7529 -1.6545 10.0872
206 3 Car -1 -1 0.8794 1098 183 1224 235 1.6109 -1.4717 -3.9962 -1.6962 -19.1407 24.5232 1.5421 7.9846
206 7 Car -1 -1 -1.7048 603 173 637 202 1.5306 -1.4462 -3.3062 -1.1999 -0.621 36.8799 -1.688 4.3163
207 0 Car -1 -1 -2.1618 955 180 1069 233 1.5193 -1.4503 -3.2774 -1.5486 -13.7665 24.0509 -1.642 8.8564
207 1 Car -1 -1 -2.2491 1031 183 1155 232 1.4737 -1.3803 -3.1246 -1.6557 -16.2951 23.7009 -1.6468 11.1848
207 7 Car -1 -1 -1.6538 603 173 637 202 1.6072 -1.4922 -3.6073 -1.1507 -0.715 36.9782 -1.6344 4.3733
207 3 Car -1 -1 -10 1099 184 1223 235 1.6109 -1.4717 -3.9962 -1.6962 -19.1407 24.5232 -10 0
208 0 Car -1 -1 -2.1328 955 180 1069 233 1.5748 -1.4702 -3.6097 -1.5291 -13.7248 24.1852 -1.6166 9.6398
208 7 Car -1 -1 -1.6205 603 173 637 202 1.5767 -1.4456 -3.4664 -1.1907 -0.7006 36.9191 -1.6016 4.9783
208 1 Car -1 -1 -2.2792 1031 183 1156 232 1.5433 -1.39 -3.3689 -1.659 -16.2789 23.7854 -1.679 11.6494
208 3 Car -1 -1 0.9269 1098 183 1220 235 1.5684 -1.4849 -3.669 -1.6892 -19.162 24.6232 1.5882 5.8507
