0 2 455.65485847755065 179.96782345534788 567.3238119546289 215.44155943819771 58.75383420499698 1.4495013 1.706625 4.4968147 -4.1256804 1.7623137 30.79287 0.036570765 -1
0 2 653.764072303189 178.68632698363362 689.3415722122647 206.85377418432165 18.821667796509526 1.758178 1.8752441 4.5648727 4.21452 2.169505 48.46381 1.7701656 -1
0 2 314.95335401397176 180.7548834552232 349.7025211430066 202.66290227019454 0.512095644242189 1.5013695 1.6244137 3.911201 -20.312565 2.10425 52.9958 1.4077849 -1
1 2 468.1760192778423 181.13684259044794 577.7426084490783 216.15814112335417 48.920466144259095 1.4325739 1.7006562 4.507324 -3.6334016 1.7969902 30.843393 -0.022926934 -1
1 2 653.6655371273715 178.64152755587102 690.5677982464136 206.91158875553478 17.45322345665943 1.7631801 1.9038192 4.578432 4.2517357 2.1712782 48.439198 1.7842163 -1
1 2 299.76268475953253 178.63942416052694 336.3085978178723 201.70914478279107 0.3700547516345978 1.5476961 1.6386077 3.9071732 -20.758556 1.9772602 51.508087 1.3973415 -1
2 2 483.107010959279 180.99244988459586 591.4565132102364 216.63813728438402 41.15403845630128 1.4529078 1.7008326 4.4923983 -3.0662417 1.813138 30.908375 -0.08077699 -1
2 2 653.3988787157422 178.49485839978783 691.6046601184321 206.8938127203066 15.959294285124923 1.7721984 1.9413216 4.6353064 4.2836795 2.1706028 48.48552 1.7951416 -1
2 2 294.8262569003398 179.55201423677835 330.8102666110826 202.40829678630138 1.352502632564785 1.5088966 1.6676965 3.9683294 -20.916382 2.0018373 50.987217 1.3607535 -1
3 2 496.5426908088273 181.00965364677265 605.1888796731977 216.72684729466872 53.92945575285939 1.4561241 1.7093257 4.5243855 -2.521471 1.8186255 30.990072 -0.10208734 -1
3 2 654.5653557213302 178.8348081385677 689.2436110401748 206.17235023040206 19.993783661809278 1.705621 1.8680533 4.621777 4.243787 2.1281562 48.531334 1.7578284 -1
4 2 509.3132291235771 180.88524335407197 616.1845388828398 216.45535244912216 58.0118607843777 1.4505515 1.6981246 4.479993 -2.052834 1.8091803 31.07948 -0.13376904 -1
4 2 654.8849597733615 178.78991405181108 688.584298464826 207.2182420475518 6.647040531306706 1.779177 1.7077119 4.4433327 4.225017 2.197451 48.491272 1.7836761 -1
4 2 261.210537793021 177.8175983146841 325.3008747239475 200.7297892688639 0.6720986706279213 1.5385331 1.6274364 3.7147183 -21.776745 1.8872354 49.769356 -0.0580431 -1
5 2 520.5635434642528 179.8312384190311 627.6216889103495 215.23822999286295 69.32359245724054 1.4515152 1.6982899 4.475423 -1.5718019 1.764873 31.225021 -0.15301642 -1
5 2 653.269599113281 179.57157607704744 686.9521271928738 206.5673017759924 10.786486698040266 1.6796308 1.6697499 4.3951426 4.105665 2.151692 48.377598 1.7905693 -1
5 2 260.79068834336385 178.98256347434832 326.26028605337706 202.0604618066448 0.5573237039328678 1.5024533 1.6310699 4.038773 -21.56894 1.9346793 49.341637 -0.40543485 -1
6 2 531.2783598371491 180.30260688389325 639.2966118420798 215.11103008300722 75.91768087976295 1.4239229 1.6815856 4.4620767 -1.0808378 1.7612951 31.377466 -0.21798922 -1
6 2 653.3041418587079 178.84271205881686 688.7955692471763 206.5576847437807 17.553926384246104 1.7290554 1.9199511 4.6620116 4.189445 2.1524992 48.549545 1.756639 -1
7 2 542.6804943522927 180.02299026946196 649.285266826875 214.39686931060885 71.07380219502443 1.4101403 1.6662061 4.3881316 -0.6112317 1.7371335 31.541172 -0.26031238 -1
7 2 653.2116259287523 178.4929382419141 689.9819893437112 206.34920429321764 21.17433248752318 1.7396939 1.9081107 4.6683574 4.2272425 2.1384897 48.547405 1.7792193 -1
7 2 293.4524378544834 179.09761995737273 324.7230993712357 202.13791112996756 0.321611225605011 1.5128355 1.7112565 4.1164002 -21.187008 1.9716659 50.80248 1.0967631 -1
8 2 553.9890295035458 179.31306179067315 661.6992058353607 213.93914158675716 63.8126779661928 1.4264328 1.6822184 4.439858 -0.08387196 1.7241147 31.766396 -0.31498784 -1
8 2 654.7080980957302 178.5999476018761 689.1897941493194 205.79772029956303 19.162407943841522 1.6987157 1.8506639 4.6302977 4.247961 2.1048079 48.54708 1.7587967 -1
8 2 295.783032041349 178.79116726789582 323.1143993473989 201.83621452082133 1.7770417357689416 1.5138259 1.7085283 4.04519 -21.058348 1.9492695 50.723915 1.1918633 -1
9 2 566.0090731827788 178.57276048752416 672.0511250249498 213.61772131698044 75.2973559987756 1.4541821 1.6801436 4.392788 0.41875088 1.7201673 32.003624 -0.3576548 -1
9 2 655.4959397951302 178.27817346943561 690.0346023611615 205.33159841937047 14.692042317163823 1.6924176 1.7677519 4.5378847 4.2977276 2.0751297 48.505737 1.7816088 -1
9 2 292.6548515269032 178.85350829655084 327.0632269692394 201.8713556801515 6.199643087425554 1.5157156 1.6988809 4.0049214 -21.043613 1.9558942 50.786682 1.3159122 -1
10 2 578.5385998102292 178.74029564049977 683.8713494048426 213.69538754919003 81.7077124378924 1.4574194 1.6853259 4.412534 0.9758393 1.734247 32.28599 -0.40709192 -1
10 2 657.8844075241186 178.43770610961948 688.2638059109602 205.24630181375102 8.177824960317038 1.6829541 1.6837423 4.2666407 4.3084903 2.0754738 48.476677 1.7419652 -1
10 2 294.5911543110452 179.6201799990148 331.437768619161 202.51724799449977 1.4392756196356857 1.5096061 1.6734018 4.0034623 -20.887848 2.0073845 50.95539 1.3729026 -1
11 2 590.2559231056707 178.51359079051667 695.2323755036873 213.28868179229946 75.1305945558534 1.4571617 1.6992964 4.476562 1.5163088 1.7265306 32.57541 -0.46695128 -1
11 2 661.8183519303645 178.51907797164313 689.3921557295891 203.56684068225 1.785213610259857 1.5800632 1.6069276 4.0831895 4.4015093 1.9772105 48.516865 1.6027079 -1
11 2 263.7007092269896 178.47548926691437 328.4928916453202 201.38389064990892 0.3349195718765259 1.4941089 1.6147119 4.006709 -21.426905 1.8909681 49.380997 -0.42214784 -1
12 2 601.7207412651793 177.8160867321289 703.701047489636 212.74380951671546 74.95846634737998 1.4761933 1.6946521 4.4425764 1.9930639 1.71497 32.870712 -0.52721727 -1
12 2 265.3995079616545 177.94608652243224 324.4728735037586 201.47282379081372 6.007853754874072 1.5441535 1.6099136 3.646459 -21.47514 1.9026326 49.38247 -0.37248957 -1
13 2 613.430619763081 178.343903195663 713.200453918204 213.18043261439706 80.71678508738184 1.4821556 1.6918255 4.456992 2.508484 1.7494454 33.215874 -0.56951034 -1
13 2 314.6815255878271 179.85383366625038 350.56577521077463 201.4992467152424 4.283405440195134 1.4884222 1.6057193 3.910692 -20.28523 2.0222826 52.984367 1.4358069 -1
13 2 293.01439819320774 179.0071484489847 319.94407639680406 202.105386849682 0.32485538721084595 1.5198574 1.6143304 3.7977626 -21.296324 1.9692786 50.638184 1.139135 -1
14 2 625.1275824085242 178.49698159404556 722.8017050434511 213.03919047587985 73.62263735061943 1.4839869 1.7065682 4.512617 3.0458145 1.7628828 33.657036 -0.6188474 -1
14 2 314.44743783099074 180.21332225839274 348.2106440871689 202.024045316196 2.031768595940525 1.4940149 1.6228448 3.8579783 -20.330858 2.0538895 52.84827 1.3884844 -1
15 2 634.3158622543368 179.0307923870042 726.825479941209 213.13738501023266 78.21331930109632 1.4783537 1.6724792 4.369877 3.3873346 1.7863474 33.987167 -0.6523626 -1
15 2 315.78273236602126 180.02405924341443 351.70234578536616 201.62798015430758 1.27190659331803 1.4872246 1.6133838 3.8771296 -20.226498 2.0344884 53.044624 1.4391415 -1
16 2 645.8424185683339 178.88781291860695 732.0643134766981 212.98038285619765 78.00361077031967 1.4957596 1.6583382 4.2118387 3.8265538 1.7999288 34.369476 -0.71218365 -1
16 2 294.32480680319026 179.83888615910013 341.0972974852875 202.4019793296451 1.2973072488698725 1.5022829 1.6243942 3.8637547 -20.656868 2.017158 51.221966 1.6132323 -1
17 2 655.6375662525584 178.76930523597716 738.6610029499594 211.47069225086636 51.79473556094865 1.4550381 1.6451528 4.216703 4.281231 1.757638 34.875683 -0.74584305 -1
17 2 293.5074090233619 178.94975006367872 323.2045144167363 202.05324671608238 0.25903770327568054 1.5175841 1.7208775 4.0701804 -21.222574 1.9651226 50.7669 1.1238189 -1
18 2 654.03220709534 180.62059920029432 688.3339227202472 207.59910623581416 6.555849455187716 1.6736588 1.6459416 4.287394 4.174343 2.2186341 48.351585 1.8115449 -1
18 2 665.9091428388299 177.93954720232318 744.9503277927998 210.4451787903753 44.3132043973286 1.4731959 1.6800765 4.1858034 4.758692 1.7376707 35.43858 2.3433127 -1
18 2 294.7346723247165 179.11246647838058 322.8237156031484 202.10306015608788 1.3856359235947755 1.5079192 1.7107658 4.0776253 -21.180088 1.9671829 50.738213 1.1481159 -1
19 2 675.1486432655023 178.32062918032176 750.9000769346679 210.3393705677431 55.44176606762626 1.4707808 1.6927911 4.19111 5.2131376 1.7595606 35.992428 2.304034 -1
19 2 654.6808200128337 179.45480223235714 687.864964252694 206.83652130282442 14.54212287477573 1.7027582 1.7148664 4.505171 4.186016 2.1672301 48.393852 1.7704383 -1
19 2 296.3277906352168 178.23888181169457 322.92189911400976 201.98995083316973 1.346674601849411 1.5679541 1.6657529 3.9812777 -21.123308 1.9629519 50.769318 1.1651613 -1
20 2 683.2654145651195 178.02383368823203 755.0986852137022 209.7392810314825 64.58521445790954 1.479897 1.6926329 4.165654 5.6002774 1.7568703 36.511826 2.2616563 -1
20 2 654.5253198498685 178.46114605333887 688.3044109722819 206.7928169872624 14.93559821273568 1.7699436 1.8116741 4.5933113 4.203273 2.1653695 48.45991 1.7561303 -1
21 2 691.0818556284348 178.24444203878224 759.9046931082667 209.1888993338195 53.30152625445645 1.4649775 1.7316391 4.2770147 6.030258 1.7593791 37.172443 2.2066934 -1
21 2 654.5624253399511 178.64865170342978 689.0214930881964 206.52477198542402 16.526975258067736 1.741093 1.839645 4.574048 4.231888 2.1499643 48.49192 1.7614652 -1
21 2 260.83047892980534 178.67591515069145 324.29216161703215 202.07846132779267 5.728664805692036 1.5407492 1.6183921 3.767761 -21.64219 1.9493868 49.386932 -0.2545582 -1
22 2 698.2212828650769 178.50877950391958 763.6914683387467 209.02713944954232 52.886113432806795 1.4697726 1.7179794 4.2350283 6.4157124 1.7834527 37.799545 2.1852808 -1
22 2 653.7260519534337 178.73750145330644 689.2730243563946 206.32034346101793 19.39057704797572 1.7200589 1.9102175 4.696506 4.2193947 2.1361356 48.540962 1.7593544 -1
22 2 293.8539866565344 179.18539161146217 324.48790641703937 202.23227373880454 0.32218119502067566 1.5122972 1.7259974 4.101489 -21.174332 1.9774313 50.78692 1.1108377 -1
23 2 705.7477854604258 179.10650472747312 766.8918694917883 209.48067680085177 46.226856396664786 1.4844095 1.6977001 4.274054 6.811869 1.837164 38.449787 2.1389368 -1
23 2 654.3097358001512 178.60362995690645 689.59514531384 206.04328010730737 19.121058091235813 1.7119411 1.8407824 4.705209 4.249955 2.1186318 48.548035 1.7713351 -1
24 2 713.0569659495545 179.5841672158715 769.4150419087068 208.89718954146778 48.27325715648206 1.4564012 1.6722437 4.2441597 7.198213 1.8425192 39.140182 2.0958476 -1
24 2 654.3647373235236 178.5917045204315 688.9087827634186 206.47663032847043 17.236434659520896 1.741966 1.8897992 4.6105423 4.2241755 2.147134 48.51434 1.750596 -1
24 2 261.22281352256294 178.47461364023152 324.8146058858111 201.8325717021443 6.562474067033726 1.5341885 1.6169415 3.8194716 -21.59581 1.9290419 49.359985 -0.29497814 -1
24 2 283.6191842235841 179.37297097654056 343.15733427315183 201.6316397191307 0.26019397377967834 1.5321906 1.6200358 3.7404156 -21.137476 2.0096812 51.61924 -0.23964499 -1
25 2 717.3839168930988 179.60841798642232 770.7594451793226 208.4702169617418 25.0893195806097 1.4601138 1.6963692 4.3507833 7.496688 1.8554289 39.908974 2.053985 -1
25 2 654.4296538791754 178.63065334392138 688.710150885975 206.7114174671221 15.672432320856966 1.7532687 1.8415875 4.6793675 4.221857 2.161615 48.53559 1.7560648 -1
25 2 264.981450750839 178.32788412518445 328.67093523752226 201.80507399694565 0.8575052741508069 1.5407374 1.6401001 3.897503 -21.36367 1.926545 49.434868 -0.33824208 -1
26 2 723.4345384321763 179.65372529023446 773.3632934010288 207.6212195221472 21.532983469137726 1.4401981 1.673031 4.3395753 7.8666086 1.8446225 40.5984 2.0278971 -1
26 2 655.2008154427951 178.420404290603 688.2170374248152 206.64411757788997 18.578905490030138 1.7654383 1.8471446 4.5802746 4.2253857 2.1581745 48.496277 1.7375443 -1
26 2 261.3141156376801 178.47050792772973 325.656009569149 201.43586450359498 0.2766894996166229 1.5324433 1.6244842 3.7500792 -21.719736 1.9272642 49.68732 -0.121948004 -1
27 2 728.6128411504945 179.68110614596415 772.1894894746677 208.01361828386175 22.411495984736703 1.4919848 1.6840839 3.9422183 8.081873 1.9018325 41.172325 1.9654961 -1
27 2 654.216880443203 178.69306794552125 688.9224232046696 206.41932481833726 16.78984194130611 1.7306683 1.823899 4.558853 4.214987 2.1424453 48.469368 1.7687101 -1
27 2 265.12143346606393 177.7432926767045 325.71105665393367 201.55457583726917 0.6383280002268726 1.5635158 1.61969 3.748617 -21.454983 1.9081299 49.41362 -0.37693897 -1
28 2 730.7254668557932 178.54091721369682 773.9610977346339 206.35634646979057 23.735312850182687 1.4991562 1.7462686 4.140587 8.369839 1.8483121 42.05339 1.9495208 -1
28 2 653.6141765962868 178.6235374636592 689.5393104442433 206.80727486441853 18.631169710631553 1.7611356 1.9136851 4.6375093 4.225378 2.1690605 48.554787 1.7659532 -1
28 2 262.88757366669535 178.45589138277353 324.0879920930431 201.87020962914292 7.501749385223623 1.534765 1.6037226 3.7298403 -21.554234 1.9285476 49.338436 -0.3426238 -1
29 2 733.5847207097298 179.43252781089086 773.9103481882058 206.7444299021592 23.461669460943337 1.4948263 1.6910284 4.0835953 8.590679 1.9048629 42.76413 1.934335 -1
29 2 654.0276991166226 178.53871816805483 689.7212797606525 206.3548046266173 23.055518763921917 1.7368498 1.9030285 4.69321 4.245843 2.138976 48.554684 1.7638733 -1
29 2 286.2483419432813 178.82190630644152 322.72068964913973 201.88527286725784 0.950104041803474 1.509953 1.6957213 4.254418 -21.452183 1.947562 50.656303 1.009109 -1
30 2 738.2303432041127 179.59126537019642 774.0343818455897 206.12441578896554 24.381280658472214 1.4829724 1.6353605 3.7691572 8.857092 1.9074832 43.41569 1.9015137 -1
30 2 653.9596324096284 178.54387159632714 689.7223717694491 206.30411949044424 24.5050678785252 1.7331043 1.9071659 4.682289 4.242625 2.1354733 48.544075 1.764091 -1
31 2 741.0789515465016 180.37088811797796 774.1759727904827 205.6396705845803 26.571309058983637 1.4328623 1.6098077 3.8319173 9.109756 1.9150354 44.21442 1.8738558 -1
31 2 653.5988125402768 178.55398148917587 689.3712649381517 206.69628368597114 19.413741646224697 1.7590463 1.9132073 4.5994253 4.2164063 2.1616986 48.529438 1.7642624 -1
31 2 263.1938503289616 178.5079585572862 325.799834571913 202.1506155306718 5.466574252234404 1.5390568 1.6180087 3.8574634 -21.518036 1.9376013 49.290733 -0.45196402 -1
32 2 742.1432978607489 180.9227418308203 771.9159584784085 205.52352315847932 23.935130966416057 1.4178743 1.6826947 3.983241 9.257486 1.9462892 45.11928 1.8081658 -1
32 2 653.8976750453348 178.9264853712533 689.1689375003812 206.53515136731556 15.492609304195193 1.7217155 1.8571584 4.6430135 4.2200365 2.1508896 48.536255 1.7683557 -1
32 2 263.1715794986335 178.95198175090076 323.6831912411758 202.63411499169015 5.067796401815456 1.5398867 1.6017439 3.7281232 -21.567345 1.9688996 49.233364 -0.44793776 -1
33 2 743.2468555687032 180.82556729119023 773.2991289178759 204.32786113245584 18.108833404582196 1.3804837 1.636677 3.9410872 9.502271 1.9113295 45.933075 1.8350182 -1
33 2 653.3931443079517 178.33382892577058 689.3955642342323 206.2643489008019 18.936648031977594 1.7447956 1.860338 4.6865106 4.211672 2.1322522 48.532845 1.7773696 -1
33 2 313.19799971160245 180.2236046330894 349.26612408388206 201.8775028403826 0.8464509086170021 1.4864508 1.6115313 3.7747817 -20.336761 2.0464053 52.849113 1.4433048 -1
34 2 655.3662354430934 179.3231738568726 688.5882674757822 207.18900060177316 21.075551860946625 1.7354748 1.7821627 4.5718 4.2407007 2.1916366 48.46719 1.7556274 -1
34 2 744.8335809927547 180.77212066513468 774.1344303380856 203.971539130127 13.775109811736604 1.3936477 1.6177474 3.8217292 9.758636 1.9298717 46.80613 1.840242 -1
35 2 746.9575697526251 180.40715853573414 773.021054150622 203.6697091178843 12.820326615930822 1.4257977 1.6054757 4.0487695 9.992785 1.948451 47.775124 1.7971566 -1
35 2 653.4242759145967 178.2749336846939 689.5189105543944 206.37417091473506 18.58656559039878 1.7555894 1.8729281 4.7323003 4.219474 2.1392155 48.55456 1.7750647 -1
35 2 314.38592793587947 180.28176622363156 355.48302223539804 201.76343082078904 0.8848975567001447 1.481787 1.6055437 3.84424 -20.133238 2.0477245 53.0419 1.556187 -1
36 2 653.7471105893787 178.80810681083267 689.754719255104 206.91567806704273 24.153681921834433 1.7544367 1.9116797 4.672078 4.238461 2.1756363 48.56472 1.7671382 -1
36 2 748.5849401403103 180.22458681196366 774.239145450912 203.4743198327669 11.432545631584748 1.4564556 1.6020097 3.966685 10.196428 1.9745941 48.62608 1.755475 -1
36 2 263.62317924724744 178.9919112458254 329.01472027224736 201.9438737594951 0.30096280574798584 1.5006917 1.6345719 4.059975 -21.494602 1.9358292 49.58406 -0.41622126 -1
37 2 655.0530083811219 179.31461651433258 688.9955082980933 207.25381080881502 22.988550825001543 1.739503 1.8125978 4.584208 4.2446175 2.1951323 48.464424 1.7594745 -1
37 2 748.472063687569 180.97314775771426 773.3708965111562 203.9122477252253 9.330374035845292 1.4594011 1.607183 4.0125256 10.409273 2.040905 49.545654 1.7866952 -1
38 2 654.2287812256329 178.9011557915199 689.5198568052397 206.1228220580114 21.06766405583174 1.6960534 1.8680935 4.7089577 4.245296 2.1238432 48.55271 1.7652061 -1
38 2 749.5859927383491 179.07795434805035 774.2409555044002 200.68518636344814 3.572619045312257 1.411277 1.6212151 3.911047 10.6367445 1.8640168 50.405678 1.7770504 -1
38 2 291.31258521215125 177.70024000591368 320.5891139505703 201.7135821185649 1.6816785632306102 1.5830522 1.6934614 4.176794 -21.37419 1.938845 50.72351 1.1232592 -1
39 2 654.4302603022687 178.47431818645757 688.3187834258208 206.46722917544503 15.504952044540397 1.7496713 1.8272893 4.587198 4.2035494 2.1462712 48.493618 1.7547022 -1
39 2 749.8786407556038 181.29235379842362 774.2229698214863 203.43105156263223 5.8786277439690044 1.4643133 1.6277013 3.9181535 10.894367 2.0900195 51.410595 1.7968478 -1
39 2 264.35861382082464 178.37306342910995 324.42841118747293 201.79879076167018 2.822644259077044 1.5414873 1.6020167 3.6298769 -21.53256 1.9296207 49.422295 -0.31275308 -1
40 2 653.4805840851625 178.50965651105767 689.8040207056048 206.28544867936722 19.941340546301696 1.7332897 1.8855444 4.7401257 4.231935 2.1336236 48.56151 1.7757871 -1
40 2 749.1770565201817 180.197319837642 774.0354547020212 201.73268111308715 4.0183660748201575 1.4556217 1.6908047 3.8783548 11.043469 2.008729 52.267723 1.7969238 -1
40 2 314.8820066238249 180.1508627913665 351.9551597101891 201.81000370333348 0.2669830024242401 1.4941335 1.5917532 3.8095298 -20.26221 2.0508385 53.07625 1.4742782 -1
41 2 653.9389538005727 178.3929693451793 688.9092237101047 206.08211225963495 18.60356773833549 1.7295846 1.8496511 4.7029967 4.2143097 2.1213634 48.550053 1.764021 -1
41 2 749.3409374195766 181.47056904133316 775.1170663489265 203.860963885094 2.785562572239046 1.5346528 1.6716155 4.151156 11.32725 2.1986485 53.382458 1.8265363 -1
41 2 318.6548862817212 180.52806769288813 343.8272403833257 202.04486747207326 1.9918770701096573 1.4753449 1.6156418 3.8999028 -20.439594 2.0623553 53.084785 1.2316115 -1
41 2 256.44932451345534 178.49058297650936 322.8263299137064 201.74957752201917 0.25056567788124084 1.5406392 1.655403 3.8847194 -21.903334 1.9365757 49.520546 -0.18065898 -1
42 2 654.0364987923633 178.75557545830137 688.925569726327 206.4195615777176 18.08885520307649 1.7260067 1.8287551 4.6753426 4.217102 2.1432726 48.544167 1.7681481 -1
42 2 751.8700404608759 182.71327387837218 774.888964064856 202.9527223960242 1.552134353385205 1.4020395 1.627053 3.8510935 11.505127 2.1683574 54.03132 1.7753296 -1
42 2 258.01394252794626 178.3782827789488 324.5666835798464 201.59788337220135 0.549506425857544 1.5461893 1.6575184 3.8768687 -21.839912 1.9343083 49.62432 -0.12761272 -1
43 2 653.7515376391844 178.83938430051163 688.5738548769275 207.16694897284526 20.843035260516867 1.7683015 1.8300521 4.5848665 4.1902227 2.1907094 48.49392 1.7681689 -1
43 2 260.9868214584446 178.33298127776538 325.40120817330495 201.19942394599522 1.484662593839778 1.5359259 1.6344471 3.7223606 -21.761127 1.919876 49.71698 -0.01562022 -1
44 2 654.3279581120657 178.72374487689083 688.7299600445908 206.73040870229255 17.297265007748404 1.7490753 1.8556751 4.5816092 4.2150197 2.1633325 48.499817 1.7565004 -1
44 2 261.0047556382733 178.46350027633886 324.68694876796445 201.79101035461682 4.308630434677173 1.5428599 1.6297128 3.739582 -21.659462 1.9365418 49.462852 -0.20331791 -1
45 2 654.577995593985 178.70626557425553 688.629205906709 206.5418188125826 17.471573663345882 1.7380688 1.8579103 4.600904 4.220316 2.1511815 48.504154 1.7503616 -1
45 2 262.813921499286 178.37994981963897 325.583289213947 202.00776700189286 7.428800407645545 1.551909 1.6276298 3.8031995 -21.532145 1.9407383 49.40129 -0.3190505 -1
46 2 653.7266324741838 178.47260195640396 688.6770071363682 206.62445612245475 17.4200039194055 1.7592978 1.8732805 4.6131296 4.194677 2.1560338 48.50717 1.7598026 -1
46 2 267.30091618986927 178.16046204362868 326.893791539032 201.65034631087946 3.42403108472743 1.5471021 1.6066221 3.6227567 -21.363623 1.9206679 49.460205 -0.32171625 -1
47 2 653.9978346387618 178.254683766263 689.1544819683628 206.2686508629347 17.797836404764183 1.7514359 1.8578777 4.698832 4.224983 2.133453 48.55329 1.7653215 -1
48 2 654.0506028378743 178.8010897500691 689.5586699278191 206.3275653629962 22.583514574178057 1.7159972 1.908237 4.6871843 4.2391186 2.1364737 48.533745 1.7597473 -1
48 2 751.1594439659186 183.322780628846 772.0773889036175 202.15142114095758 0.5669184462408117 1.4612589 1.6253914 3.7154293 12.712131 2.36376 60.208843 1.8008412 -1
49 2 654.7972755263197 179.25556720668533 688.8233250843524 207.11148857130712 21.96883344011199 1.7354804 1.7589751 4.506292 4.22647 2.1863446 48.433674 1.7744637 -1
49 2 749.9855418757868 183.56112906016844 772.2199975374878 202.25773075470755 2.581668337133772 1.4797282 1.6352843 3.7143106 12.845791 2.4185166 61.305775 1.7195448 -1
49 2 262.829993784169 178.10214356857318 327.6600554892005 201.00290378822993 0.2522096633911133 1.5363283 1.6255542 3.7686696 -21.630486 1.9048924 49.749874 -0.058725666 -1
50 2 654.5789682817547 178.9225152166554 688.271447667506 206.55054866618494 16.121942091191585 1.7236243 1.841926 4.5632524 4.205483 2.151635 48.481213 1.7488339 -1
50 2 259.1178142229582 178.501772971425 324.1626772108631 201.6597117491618 4.669344504820001 1.5388052 1.6402403 3.7780519 -21.773674 1.9347761 49.52542 -0.13240077 -1
51 2 653.6929804793252 178.45156667959347 687.8334732467018 206.80622770189993 16.244206972111638 1.7736342 1.883234 4.5826645 4.1642547 2.1687324 48.508972 1.7453171 -1
51 2 259.6939759656193 178.37347827780937 323.8153898427753 201.52458241472357 3.7553028091524387 1.5360547 1.6289887 3.7344985 -21.752163 1.9230917 49.496586 -0.15857002 -1
52 2 654.4384089808457 178.74248265333873 689.1052989592085 206.49148379619555 19.072502561049067 1.7318946 1.8986082 4.617674 4.2331905 2.1477144 48.510666 1.7504599 -1
52 2 262.6852288363628 178.51261560724802 323.7170099751381 202.12529953760955 5.647656116720582 1.5370209 1.6068852 3.7570639 -21.564463 1.9349177 49.216064 -0.4350541 -1
52 2 749.5391864860609 184.70318811603443 770.7905865389439 201.4197970635591 1.3338844965813668 1.38046 1.6385032 3.7025042 13.3929205 2.468477 64.30194 1.7175838 -1
53 2 654.1238142274559 178.62859953759522 688.583961821974 206.8267320680284 19.02751886706599 1.7619021 1.8837054 4.621482 4.206151 2.1698027 48.52559 1.7502142 -1
53 2 261.50891748666726 178.1170929919644 324.4120517009038 201.23873196222192 4.475363834037992 1.5341686 1.6193646 3.6750364 -21.673626 1.9034526 49.50612 -0.17694849 -1
53 2 749.6489707270044 184.9106274166726 768.5850047742688 201.310229951792 0.52151814245183 1.3755317 1.6148088 3.7693248 13.542957 2.5028644 65.464424 1.7572056 -1
54 2 653.7874297586267 178.6064877948152 689.3539765503629 206.74208818325954 17.369875037891337 1.7576357 1.899399 4.6075954 4.2209396 2.163918 48.51696 1.7640178 -1
54 2 263.0460205066606 177.51253069712084 324.6187527317288 200.95375805493612 5.013894663334758 1.5388823 1.6094553 3.7627933 -21.523819 1.8663905 49.325447 -0.349814 -1
54 2 751.1766294054476 184.5288799526198 769.9568135328509 200.945543808018 0.5369297497874802 1.4019063 1.600527 3.7367625 13.87443 2.5086517 66.41753 1.7524775 -1
55 2 653.7497052648447 178.63397216236302 689.139846800605 206.75086484531207 17.025623521191314 1.755986 1.8525472 4.5969095 4.210603 2.1640358 48.50141 1.7719105 -1
55 2 264.3964138920305 177.97043121134652 324.58835394204056 201.51548619633428 4.553256397794172 1.5433037 1.6101137 3.7082453 -21.48287 1.9032111 49.33391 -0.37036085 -1
56 2 654.2167121223872 178.7441203861094 688.8437054898509 206.2720305811088 21.27234560138025 1.716779 1.84491 4.673749 4.218499 2.1330495 48.52414 1.7604784 -1
57 2 654.0536376156871 178.70207710327531 689.3045957436077 206.28494888367052 20.590077841896324 1.721573 1.8978199 4.676838 4.232339 2.1351929 48.558155 1.7585468 -1
57 2 746.7046926149245 183.47816279808924 765.8761087736725 199.38460287083547 2.198600448026328 1.4424231 1.5920141 3.6630952 14.193847 2.5003066 69.92269 1.7081046 -1
58 2 654.5060131908266 178.76896779315155 688.5787120842612 206.52509553731701 16.26509441713435 1.7325422 1.8533126 4.60194 4.2162294 2.1500885 48.50435 1.7516265 -1
58 2 260.7557364874945 178.1599057584748 323.6835946694819 201.70462306006397 6.332880630998336 1.5508211 1.6239469 3.7441607 -21.661367 1.9233203 49.378246 -0.26697475 -1
58 2 747.7950622670257 183.59614303243808 765.016895843078 199.3783133811307 1.0579231396791688 1.4539232 1.6031449 3.7065902 14.450847 2.542064 71.120346 1.755254 -1
58 2 283.48952883631154 179.55156289690623 343.5686791734266 201.3104259590804 0.2576761543750763 1.5132694 1.602532 3.6763353 -21.186302 2.0024462 51.736755 -0.08984577 -1
59 2 653.7513057810057 178.53585698642647 689.0207449075367 206.80537784636462 18.83322489152337 1.7676091 1.8825848 4.6044426 4.2097626 2.1690266 48.53615 1.7633381 -1
59 2 261.5164606959695 177.61259801700172 324.378530990497 201.0402058147192 7.02213443563625 1.5370829 1.6170549 3.8311539 -21.579641 1.871618 49.31825 -0.34371185 -1
60 2 653.9665559681029 178.86848585038447 689.2606691227118 206.24347275930174 20.05433860673995 1.7062513 1.9099661 4.6661167 4.2252135 2.1313353 48.526768 1.7562971 -1
60 2 745.758281144625 184.14965443251947 764.4049554975015 199.66714238428827 1.5750354688297856 1.4762707 1.6057764 3.7834885 14.799508 2.6580122 73.5067 1.7009938 -1
60 2 269.236486908358 178.86571810526266 334.26376899263676 201.38309335196428 0.34594282507896423 1.4947901 1.6476364 4.1226063 -21.383333 1.9246545 50.13509 0.33641106 -1
61 2 653.9348052532913 178.62862495386477 689.5472400804481 206.2569502963627 23.211652272230836 1.7236154 1.9093046 4.6926284 4.235272 2.1319485 48.536697 1.7608982 -1
61 2 289.40148600176815 178.9600999585546 324.72342713492964 201.8491647135988 0.2653445601463318 1.5016274 1.7235128 4.171244 -21.313644 1.9500844 50.760056 1.0330619 -1
61 2 746.4208021461411 184.66074495149053 763.3222809450373 199.68413773963502 0.26241055130958557 1.4478209 1.6152194 3.8095574 15.023935 2.7034178 74.71749 1.7429882 -1
62 2 653.6139312857454 179.2476551784621 689.6806985240703 206.9206108984828 25.07673363548728 1.724092 1.8934011 4.6415186 4.230244 2.176177 48.555336 1.7726945 -1
62 2 745.011707544385 184.83660625715936 762.1261234544911 199.8702681714015 2.3184726717237236 1.4724045 1.6216638 3.8166497 15.1225605 2.7661176 75.88884 1.7298671 -1
62 2 263.8858706434982 178.61449719318045 328.37196024835515 201.61541377325284 0.36662420630455017 1.4993697 1.6169416 3.9890962 -21.434736 1.9061745 49.387527 -0.4306577 -1
63 2 654.2998540498393 178.61914082297577 689.2435894396783 206.65216615315828 18.28042848164845 1.7509995 1.871194 4.6029034 4.2328854 2.1580524 48.507946 1.7611729 -1
63 2 263.887114210426 177.75157659939345 324.915382691447 201.40040225315371 5.817623294918766 1.5496598 1.6174486 3.7675083 -21.494005 1.8944066 49.33648 -0.3826057 -1
63 2 743.8912298318826 184.81724182625788 761.7273741841674 199.5008640752626 0.25307419896125793 1.4628859 1.6383165 3.7144616 15.265299 2.7720761 77.01137 1.7042466 -1
64 2 655.4990733788532 179.41147788193797 689.2315616816911 206.96034154669653 23.803437934146206 1.7148552 1.7726488 4.49974 4.2628136 2.1765938 48.426712 1.7675173 -1
64 2 256.55787690781597 178.92588180072818 322.8805405112867 202.0297464355611 0.3346213698387146 1.529762 1.6376938 3.8672442 -21.87957 1.955473 49.47434 -0.1586484 -1
64 2 745.9695457714929 185.1249292436462 762.1765962186709 198.40943346527283 0.5288500529735731 1.3338835 1.6203041 3.6263332 15.58645 2.6919236 77.92897 1.741822 -1
65 2 653.2015257227415 178.84434060283522 689.6371789880761 206.99866582415657 21.339494516563768 1.7566133 1.9240401 4.635625 4.213109 2.1799583 48.529224 1.7709514 -1
65 2 743.0197956710202 185.34929646715315 761.58868246831 198.44497949848048 2.226852183638978 1.336645 1.640014 3.7025933 15.650266 2.7420373 79.2329 1.6664383 -1
65 2 265.25434763398266 178.58592679030747 329.73423557079184 201.6447486644882 0.9697911064390731 1.5059171 1.6183833 3.9954305 -21.40951 1.9119844 49.516544 -0.4512977 -1
66 2 653.8744270370044 178.807297266713 689.7625221040661 206.13733282332882 20.67533379888348 1.7037747 1.8826416 4.7056255 4.242801 2.1250079 48.560333 1.7710196 -1
66 2 292.8760420495076 178.84922073872102 321.27100537465776 202.2286317960207 6.173564689773021 1.532782 1.7485131 4.2092786 -21.231636 1.9734106 50.752056 1.1961322 -1
67 2 654.1299121204121 178.79759720251582 689.6715935997175 206.41634420017246 20.387962790507927 1.7216907 1.8806012 4.7266927 4.247905 2.1422668 48.556145 1.7658234 -1
67 2 293.046387380184 178.8532979175799 320.06196183807884 202.1375809452529 0.5911855704275947 1.5317004 1.6389337 3.8294203 -21.283764 1.9698963 50.61981 1.1446986 -1
68 2 653.8815252139674 178.21557857902675 689.4325120952304 206.36084602992915 19.02143218659558 1.7595453 1.8871591 4.7093444 4.2307963 2.1388276 48.54989 1.7645391 -1
68 2 257.45395136352914 178.78270688826524 322.18237696222957 201.9514409827108 0.3316825032234192 1.5256977 1.6272442 3.8426208 -21.85071 1.9423697 49.43776 -0.25517637 -1
69 2 654.1133743800057 178.40333310084407 689.4786149126845 206.11896925158024 18.852867510191604 1.7313795 1.8466036 4.6963177 4.239955 2.1239207 48.554173 1.7713277 -1
69 2 257.97033306190565 178.511013845813 323.3227885383262 201.6850644848707 0.5918618345783236 1.5258574 1.6354802 3.890952 -21.79129 1.9235915 49.435287 -0.26258546 -1
70 2 654.1114305889395 178.58140933364948 689.271686343853 206.20271068507734 20.970037205238526 1.7234906 1.8791771 4.7262115 4.233391 2.1287396 48.555473 1.7601852 -1
70 2 314.9400183887752 180.15597087588233 351.07576083161445 201.69670811783092 2.596428976715288 1.4795961 1.6058619 3.8443294 -20.236706 2.035563 52.929825 1.4452584 -1
70 2 293.53030981420966 179.16532422745644 319.46092372546894 202.2814560077921 0.4370037591298707 1.5211403 1.6114843 3.7034266 -21.217384 1.9814048 50.600956 1.1908003 -1
71 2 654.2778501870273 178.7372048097745 689.71626073905 206.18503225663443 21.050597467173795 1.7111608 1.8772876 4.717473 4.2534294 2.1273541 48.54784 1.7652733 -1
72 2 654.1314718451059 178.80864525656742 689.3642959902942 206.28250028860012 21.548088812838262 1.7121959 1.8872025 4.7224884 4.236376 2.1334283 48.54536 1.7595432 -1
73 2 653.6828172247452 178.8292420883354 689.6540490112451 206.90382495303095 24.686191212766076 1.752799 1.9039167 4.631157 4.231227 2.1752253 48.552177 1.7691164 -1
74 2 653.9536053051148 178.44892610056826 689.3993103068763 206.07507329450493 19.6191536866233 1.724362 1.8369505 4.6825438 4.2287874 2.1198096 48.519417 1.7745185 -1
75 2 654.3436018787711 178.51949861441858 688.9505477562448 206.7824268568943 18.696379614676108 1.7665086 1.8938724 4.648363 4.2274847 2.1669137 48.538406 1.7501062 -1
75 2 267.6014539523838 179.02596732087326 332.4577471074126 201.86159052702249 0.5646055909786558 1.4906087 1.6140826 3.9960482 -21.273712 1.9289267 49.6111 -0.47450787 -1
76 2 654.1312770693127 178.75368017300758 689.4684570837296 207.05242708581164 23.637272272205806 1.7665873 1.9276712 4.693471 4.2411227 2.1839433 48.560616 1.7530162 -1
76 2 296.4785438969502 179.5539272590393 331.2510242859752 202.42869618225933 1.5697778789697971 1.5111716 1.6311594 3.9588995 -20.854559 2.0044403 51.0122 1.3511319 -1
77 2 654.2353035010349 178.73077711011436 689.6133643608288 206.35714942916508 20.066356552021215 1.7227607 1.8962173 4.7362094 4.2502093 2.1386995 48.564007 1.759835 -1
77 2 286.0648291535377 179.92298696804372 345.2458275440128 201.31042238059172 1.3381613221674475 1.4956162 1.5911174 3.6710165 -21.252363 2.017713 52.22591 0.15241103 -1
